ID,MONTHS_BALANCE,STATUS,CODE_GENDER,FLAG_OWN_CAR,FLAG_OWN_REALTY,CNT_CHILDREN,AMT_INCOME_TOTAL,NAME_INCOME_TYPE,NAME_EDUCATION_TYPE,NAME_FAMILY_STATUS,NAME_HOUSING_TYPE,DAYS_BIRTH,DAYS_EMPLOYED,OCCUPATION_TYPE,CNT_FAM_MEMBERS,loan_segments_maxabs_k5,loan_segments_robust_k3
5008806,0.0,C,M,Y,Y,0,112500.0,Working,Secondary / secondary special,Married,House / apartment,-21474,-1134,Security staff,2,2,0
5008808,0.0,0,F,N,Y,0,270000.0,Commercial associate,Secondary / secondary special,Single / not married,House / apartment,-19110,-3051,Sales staff,1,1,0
5008810,0.0,C,F,N,Y,0,270000.0,Commercial associate,Secondary / secondary special,Single / not married,House / apartment,-19110,-3051,Sales staff,1,1,0
5008811,0.0,C,F,N,Y,0,270000.0,Commercial associate,Secondary / secondary special,Single / not married,House / apartment,-19110,-3051,Sales staff,1,1,0
5008815,0.0,0,M,Y,Y,0,270000.0,Working,Higher education,Married,House / apartment,-16872,-769,Accountants,2,0,2
5112956,0.0,X,M,Y,Y,0,270000.0,Working,Higher education,Married,House / apartment,-16872,-769,Accountants,2,0,2
5008821,0.0,X,M,Y,Y,0,135000.0,Commercial associate,Secondary / secondary special,Married,House / apartment,-17778,-1194,Laborers,2,2,0
5008824,0.0,0,M,Y,Y,0,135000.0,Commercial associate,Secondary / secondary special,Married,House / apartment,-17778,-1194,Laborers,2,1,0
5008825,0.0,0,F,Y,N,0,130500.0,Working,Incomplete higher,Married,House / apartment,-10669,-1103,Accountants,2,1,0
5008830,0.0,C,F,N,Y,0,157500.0,Working,Secondary / secondary special,Married,House / apartment,-10031,-1469,Laborers,2,2,0
5008831,0.0,C,F,N,Y,0,157500.0,Working,Secondary / secondary special,Married,House / apartment,-10031,-1469,Laborers,2,2,0
5008832,0.0,C,F,N,Y,0,157500.0,Working,Secondary / secondary special,Married,House / apartment,-10031,-1469,Laborers,2,2,0
5008839,0.0,C,M,N,Y,1,405000.0,Commercial associate,Higher education,Married,House / apartment,-11842,-2016,Managers,3,3,2
5008840,0.0,C,M,N,Y,1,405000.0,Commercial associate,Higher education,Married,House / apartment,-11842,-2016,Managers,3,3,2
5008841,0.0,0,M,N,Y,1,405000.0,Commercial associate,Higher education,Married,House / apartment,-11842,-2016,Managers,3,3,2
5008842,0.0,0,M,N,Y,1,405000.0,Commercial associate,Higher education,Married,House / apartment,-11842,-2016,Managers,3,3,2
5008843,0.0,C,M,N,Y,1,405000.0,Commercial associate,Higher education,Married,House / apartment,-11842,-2016,Managers,3,3,2
5008846,0.0,0,M,Y,Y,0,112500.0,Commercial associate,Secondary / secondary special,Married,House / apartment,-20502,-4450,Drivers,2,1,0
5008850,0.0,0,M,Y,Y,0,112500.0,Commercial associate,Secondary / secondary special,Married,House / apartment,-20502,-4450,Drivers,2,1,0
5008851,0.0,0,M,Y,Y,0,112500.0,Commercial associate,Secondary / secondary special,Married,House / apartment,-20502,-4450,Drivers,2,1,0
5008852,0.0,0,M,Y,Y,0,112500.0,Commercial associate,Secondary / secondary special,Married,House / apartment,-20502,-4450,Drivers,2,1,0
5008855,0.0,C,F,Y,Y,2,135000.0,Working,Secondary / secondary special,Married,House / apartment,-15761,-3173,Laborers,4,2,1
5008856,0.0,0,F,Y,Y,2,135000.0,Working,Secondary / secondary special,Married,House / apartment,-15761,-3173,Laborers,4,4,1
5008857,0.0,X,F,Y,Y,2,135000.0,Working,Secondary / secondary special,Married,House / apartment,-15761,-3173,Laborers,4,2,1
5008858,0.0,C,F,Y,Y,2,135000.0,Working,Secondary / secondary special,Married,House / apartment,-15761,-3173,Laborers,4,2,1
5008859,0.0,0,F,Y,Y,2,135000.0,Working,Secondary / secondary special,Married,House / apartment,-15761,-3173,Laborers,4,4,1
5008860,0.0,0,F,Y,Y,2,135000.0,Working,Secondary / secondary special,Married,House / apartment,-15761,-3173,Laborers,4,4,1
5008861,0.0,0,F,Y,Y,2,135000.0,Working,Secondary / secondary special,Married,House / apartment,-15761,-3173,Laborers,4,4,1
5008862,0.0,0,F,Y,Y,2,135000.0,Working,Secondary / secondary special,Married,House / apartment,-15761,-3173,Laborers,4,4,1
5008864,0.0,0,F,Y,Y,2,135000.0,Working,Secondary / secondary special,Married,House / apartment,-15761,-3173,Laborers,4,4,1
5008868,0.0,0,F,N,Y,1,211500.0,State servant,Secondary / secondary special,Civil marriage,House / apartment,-16212,-7099,Core staff,3,1,1
5008872,0.0,0,M,Y,Y,0,360000.0,Commercial associate,Secondary / secondary special,Married,House / apartment,-16670,-5364,Security staff,2,1,2
5008873,0.0,C,F,N,Y,2,126000.0,Commercial associate,Higher education,Married,House / apartment,-12411,-1773,Managers,4,3,1
5008874,0.0,C,F,N,Y,2,126000.0,Commercial associate,Higher education,Married,House / apartment,-12411,-1773,Managers,4,3,1
5008875,0.0,C,F,N,Y,2,126000.0,Commercial associate,Higher education,Married,House / apartment,-12411,-1773,Managers,4,3,1
5008876,0.0,C,F,N,Y,2,126000.0,Commercial associate,Higher education,Married,House / apartment,-12411,-1773,Managers,4,3,1
5008877,0.0,C,F,N,Y,2,126000.0,Commercial associate,Higher education,Married,House / apartment,-12411,-1773,Managers,4,3,1
5008879,0.0,C,F,N,Y,2,126000.0,Commercial associate,Higher education,Married,House / apartment,-12411,-1773,Managers,4,3,1
5008880,0.0,C,F,N,Y,2,126000.0,Commercial associate,Higher education,Married,House / apartment,-12411,-1773,Managers,4,3,1
5008881,0.0,C,F,N,Y,2,126000.0,Commercial associate,Higher education,Married,House / apartment,-12411,-1773,Managers,4,3,1
5008889,0.0,0,F,N,Y,0,247500.0,Commercial associate,Higher education,Separated,Rented apartment,-17016,-1347,Core staff,1,3,0
5008891,0.0,C,F,N,Y,0,297000.0,Commercial associate,Secondary / secondary special,Single / not married,Rented apartment,-15519,-3234,Laborers,1,1,0
5008893,0.0,C,F,N,Y,0,297000.0,Commercial associate,Secondary / secondary special,Single / not married,Rented apartment,-15519,-3234,Laborers,1,1,0
5008894,0.0,C,F,N,Y,0,297000.0,Commercial associate,Secondary / secondary special,Single / not married,Rented apartment,-15519,-3234,Laborers,1,1,0
5008895,0.0,C,F,N,Y,0,297000.0,Commercial associate,Secondary / secondary special,Single / not married,Rented apartment,-15519,-3234,Laborers,1,1,0
5008912,0.0,C,F,N,Y,0,297000.0,Commercial associate,Secondary / secondary special,Single / not married,Rented apartment,-15519,-3234,Laborers,1,1,0
5008914,0.0,C,F,N,Y,0,297000.0,Commercial associate,Secondary / secondary special,Single / not married,Rented apartment,-15519,-3234,Laborers,1,1,0
5008916,0.0,C,F,N,Y,0,297000.0,Commercial associate,Secondary / secondary special,Single / not married,Rented apartment,-15519,-3234,Laborers,1,1,0
5008918,0.0,C,F,N,Y,0,297000.0,Commercial associate,Secondary / secondary special,Single / not married,Rented apartment,-15519,-3234,Laborers,1,1,0
5008919,0.0,C,F,N,Y,0,297000.0,Commercial associate,Secondary / secondary special,Single / not married,Rented apartment,-15519,-3234,Laborers,1,1,0
5008920,0.0,C,F,N,Y,0,297000.0,Commercial associate,Secondary / secondary special,Single / not married,Rented apartment,-15519,-3234,Laborers,1,1,0
5008921,0.0,C,F,N,Y,0,297000.0,Commercial associate,Secondary / secondary special,Single / not married,Rented apartment,-15519,-3234,Laborers,1,1,0
5008922,0.0,C,F,N,Y,0,297000.0,Commercial associate,Secondary / secondary special,Single / not married,Rented apartment,-15519,-3234,Laborers,1,1,0
5008923,0.0,C,F,N,Y,0,297000.0,Commercial associate,Secondary / secondary special,Single / not married,Rented apartment,-15519,-3234,Laborers,1,1,0
5008924,0.0,C,F,N,Y,0,297000.0,Commercial associate,Secondary / secondary special,Single / not married,Rented apartment,-15519,-3234,Laborers,1,1,0
5008925,0.0,C,F,N,Y,0,297000.0,Commercial associate,Secondary / secondary special,Single / not married,Rented apartment,-15519,-3234,Laborers,1,1,0
5008926,0.0,0,F,N,Y,0,297000.0,Commercial associate,Secondary / secondary special,Single / not married,Rented apartment,-15519,-3234,Laborers,1,1,0
5008927,0.0,C,F,N,Y,0,297000.0,Commercial associate,Secondary / secondary special,Single / not married,Rented apartment,-15519,-3234,Laborers,1,1,0
5008928,0.0,1,F,N,Y,0,297000.0,Commercial associate,Secondary / secondary special,Single / not married,Rented apartment,-15519,-3234,Laborers,1,1,0
5008929,0.0,C,F,N,Y,0,297000.0,Commercial associate,Secondary / secondary special,Single / not married,Rented apartment,-15519,-3234,Laborers,1,1,0
5008930,0.0,0,F,N,Y,0,297000.0,Commercial associate,Secondary / secondary special,Single / not married,Rented apartment,-15519,-3234,Laborers,1,1,0
5008931,0.0,C,F,N,Y,0,297000.0,Commercial associate,Secondary / secondary special,Single / not married,Rented apartment,-15519,-3234,Laborers,1,1,0
5008932,0.0,0,F,N,Y,0,297000.0,Commercial associate,Secondary / secondary special,Single / not married,Rented apartment,-15519,-3234,Laborers,1,1,0
5008933,0.0,C,F,N,Y,0,297000.0,Commercial associate,Secondary / secondary special,Single / not married,Rented apartment,-15519,-3234,Laborers,1,1,0
5008934,0.0,C,F,N,Y,0,297000.0,Commercial associate,Secondary / secondary special,Single / not married,Rented apartment,-15519,-3234,Laborers,1,1,0
5008935,0.0,C,F,N,Y,0,297000.0,Commercial associate,Secondary / secondary special,Single / not married,Rented apartment,-15519,-3234,Laborers,1,1,0
5008936,0.0,C,F,N,Y,0,297000.0,Commercial associate,Secondary / secondary special,Single / not married,Rented apartment,-15519,-3234,Laborers,1,1,0
5008937,0.0,C,F,N,Y,0,297000.0,Commercial associate,Secondary / secondary special,Single / not married,Rented apartment,-15519,-3234,Laborers,1,1,0
5008938,0.0,C,F,N,Y,0,297000.0,Commercial associate,Secondary / secondary special,Single / not married,Rented apartment,-15519,-3234,Laborers,1,1,0
5008939,0.0,C,F,N,Y,0,297000.0,Commercial associate,Secondary / secondary special,Single / not married,Rented apartment,-15519,-3234,Laborers,1,1,0
5008940,0.0,C,F,N,Y,0,297000.0,Commercial associate,Secondary / secondary special,Single / not married,Rented apartment,-15519,-3234,Laborers,1,1,0
5008941,0.0,C,F,N,Y,0,297000.0,Commercial associate,Secondary / secondary special,Single / not married,Rented apartment,-15519,-3234,Laborers,1,1,0
5008943,0.0,X,F,N,N,0,157500.0,Commercial associate,Higher education,Married,House / apartment,-13642,-4846,High skill tech staff,2,3,0
5008947,0.0,X,M,N,Y,0,135000.0,Working,Secondary / secondary special,Married,House / apartment,-15484,-1408,Drivers,2,2,0
5008949,0.0,X,M,N,Y,0,135000.0,Working,Secondary / secondary special,Married,House / apartment,-15484,-1408,Drivers,2,2,0
5008950,0.0,X,M,N,Y,0,135000.0,Working,Secondary / secondary special,Married,House / apartment,-15484,-1408,Drivers,2,2,0
5008955,0.0,0,F,Y,Y,0,135000.0,Working,Secondary / secondary special,Married,House / apartment,-17785,-1712,Laborers,2,4,0
5008956,0.0,C,F,Y,Y,0,135000.0,Working,Secondary / secondary special,Married,House / apartment,-17785,-1712,Laborers,2,2,0
5008958,0.0,0,F,Y,Y,0,135000.0,Working,Secondary / secondary special,Married,House / apartment,-17785,-1712,Laborers,2,4,0
5008959,0.0,C,F,Y,Y,0,135000.0,Working,Secondary / secondary special,Married,House / apartment,-17785,-1712,Laborers,2,2,0
5008960,0.0,C,F,Y,Y,0,135000.0,Working,Secondary / secondary special,Married,House / apartment,-17785,-1712,Laborers,2,2,0
5008962,0.0,C,F,Y,Y,0,135000.0,Working,Secondary / secondary special,Married,House / apartment,-17785,-1712,Laborers,2,2,0
5008963,0.0,C,F,Y,Y,0,135000.0,Working,Secondary / secondary special,Married,House / apartment,-17785,-1712,Laborers,2,2,0
5008981,0.0,X,M,Y,Y,0,112500.0,State servant,Secondary / secondary special,Married,House / apartment,-20874,-2381,Drivers,2,2,0
5008984,0.0,C,M,Y,Y,0,112500.0,State servant,Secondary / secondary special,Married,House / apartment,-20874,-2381,Drivers,2,0,0
5008986,0.0,X,M,Y,Y,0,112500.0,State servant,Secondary / secondary special,Married,House / apartment,-20874,-2381,Drivers,2,2,0
5008987,0.0,C,M,Y,Y,0,112500.0,State servant,Secondary / secondary special,Married,House / apartment,-20874,-2381,Drivers,2,0,0
5008988,0.0,X,M,Y,Y,0,112500.0,State servant,Secondary / secondary special,Married,House / apartment,-20874,-2381,Drivers,2,2,0
5008992,0.0,C,F,Y,Y,0,270000.0,Working,Secondary / secondary special,Separated,House / apartment,-16582,-1194,Cleaning staff,1,2,0
5008993,0.0,0,F,Y,Y,0,270000.0,Working,Secondary / secondary special,Separated,House / apartment,-16582,-1194,Cleaning staff,1,4,0
5008994,0.0,0,F,Y,Y,0,270000.0,Working,Secondary / secondary special,Separated,House / apartment,-16582,-1194,Cleaning staff,1,4,0
5009000,0.0,C,M,Y,Y,0,157500.0,Working,Secondary / secondary special,Married,House / apartment,-9927,-828,Drivers,2,2,0
5009012,0.0,0,M,N,Y,0,166500.0,Working,Secondary / secondary special,Married,House / apartment,-18926,-6276,Laborers,2,4,0
5009027,0.0,0,F,Y,Y,0,270000.0,Commercial associate,Secondary / secondary special,Married,House / apartment,-19861,-10843,Laborers,2,1,2
5009029,0.0,C,F,Y,Y,0,225000.0,Commercial associate,Secondary / secondary special,Married,House / apartment,-14450,-2777,Laborers,2,0,0
5009031,0.0,C,F,N,Y,0,315000.0,Working,Secondary / secondary special,Single / not married,House / apartment,-10554,-1194,Accountants,1,4,0
5009032,0.0,C,F,N,Y,0,315000.0,Working,Secondary / secondary special,Single / not married,House / apartment,-10554,-1194,Accountants,1,4,0
5009039,0.0,C,F,N,Y,2,157500.0,Working,Secondary / secondary special,Single / not married,House / apartment,-14326,-555,Core staff,3,4,1
5009040,0.0,C,F,N,Y,2,157500.0,Working,Secondary / secondary special,Single / not married,House / apartment,-14326,-555,Core staff,3,4,1
5009042,0.0,X,F,N,Y,0,148500.0,Working,Higher education,Married,House / apartment,-17641,-889,Core staff,2,1,0
5009046,0.0,0,F,N,Y,0,148500.0,Working,Higher education,Married,House / apartment,-17641,-889,Core staff,2,1,0
5009047,0.0,0,F,N,Y,0,148500.0,Working,Higher education,Married,House / apartment,-17641,-889,Core staff,2,1,0
5009052,0.0,C,F,N,Y,2,202500.0,Working,Higher education,Married,House / apartment,-10997,-2289,Core staff,4,0,1
5009057,0.0,0,M,N,Y,0,202500.0,Working,Secondary / secondary special,Single / not married,House / apartment,-8861,-889,Drivers,1,4,0
5009058,0.0,X,F,Y,Y,0,112500.0,Commercial associate,Secondary / secondary special,Single / not married,House / apartment,-7489,-797,Private service staff,1,1,0
5009063,0.0,C,M,Y,Y,0,315000.0,Working,Secondary / secondary special,Civil marriage,House / apartment,-10450,-2077,Sales staff,2,2,2
5009064,0.0,X,M,Y,Y,0,315000.0,Working,Secondary / secondary special,Civil marriage,House / apartment,-10450,-2077,Sales staff,2,4,2
5009065,0.0,X,M,Y,Y,0,315000.0,Working,Secondary / secondary special,Civil marriage,House / apartment,-10450,-2077,Sales staff,2,4,2
5009066,0.0,0,M,Y,Y,0,315000.0,Working,Secondary / secondary special,Civil marriage,House / apartment,-10450,-2077,Sales staff,2,4,2
5009068,0.0,C,M,Y,Y,0,315000.0,Working,Secondary / secondary special,Civil marriage,House / apartment,-10450,-2077,Sales staff,2,2,2
5009069,0.0,C,M,Y,Y,0,315000.0,Working,Secondary / secondary special,Civil marriage,House / apartment,-10450,-2077,Sales staff,2,2,2
5009071,0.0,C,F,Y,Y,0,270000.0,Commercial associate,Incomplete higher,Civil marriage,Municipal apartment,-10264,-3173,High skill tech staff,2,3,0
5009074,0.0,0,F,Y,Y,1,450000.0,State servant,Higher education,Married,House / apartment,-17726,-708,Core staff,3,3,2
5009078,0.0,C,M,N,Y,1,180000.0,Working,Secondary / secondary special,Married,With parents,-14122,-1286,Drivers,3,2,1
5009079,0.0,C,F,N,Y,0,112500.0,Working,Higher education,Civil marriage,House / apartment,-10064,-3173,Laborers,2,0,0
5009080,0.0,C,F,N,Y,0,112500.0,Working,Higher education,Civil marriage,House / apartment,-10064,-3173,Laborers,2,0,0
5009084,0.0,0,M,N,Y,0,90000.0,Working,Secondary / secondary special,Married,House / apartment,-20531,-5730,Drivers,2,4,0
5009089,0.0,0,M,Y,N,2,202500.0,Commercial associate,Higher education,Married,House / apartment,-14730,-2989,Laborers,4,3,1
5009090,0.0,0,M,Y,Y,0,247500.0,Working,Secondary / secondary special,Married,House / apartment,-12628,-4025,Drivers,2,2,0
5009092,0.0,1,M,Y,Y,1,765000.0,Working,Higher education,Married,House / apartment,-12197,-1194,Managers,3,1,0
5009094,0.0,0,M,Y,Y,1,765000.0,Working,Higher education,Married,House / apartment,-12197,-1194,Managers,3,0,2
5009095,0.0,0,M,Y,Y,1,765000.0,Working,Higher education,Married,House / apartment,-12197,-1194,Managers,3,0,2
5009096,0.0,C,F,N,Y,1,270000.0,Commercial associate,Secondary / secondary special,Married,House / apartment,-13679,-4391,Accountants,3,1,1
5009098,0.0,C,F,N,Y,1,270000.0,Commercial associate,Secondary / secondary special,Married,House / apartment,-13679,-4391,Accountants,3,1,1
5009100,0.0,X,F,N,Y,0,315000.0,Working,Higher education,Separated,House / apartment,-13271,-555,Managers,1,1,2
5009103,0.0,C,M,Y,Y,2,157500.0,Working,Secondary / secondary special,Married,With parents,-12859,-4056,Drivers,4,2,1
5009104,0.0,X,M,Y,Y,2,157500.0,Working,Secondary / secondary special,Married,With parents,-12859,-4056,Drivers,4,2,1
5009105,0.0,X,M,Y,Y,2,157500.0,Working,Secondary / secondary special,Married,With parents,-12859,-4056,Drivers,4,2,1
5009106,0.0,X,M,Y,Y,2,157500.0,Working,Secondary / secondary special,Married,With parents,-12859,-4056,Drivers,4,2,1
5112876,0.0,C,M,Y,Y,2,157500.0,Working,Secondary / secondary special,Married,With parents,-12859,-4056,Drivers,4,2,1
5009108,0.0,0,M,N,Y,0,360000.0,Commercial associate,Secondary / secondary special,Married,House / apartment,-15321,-2747,Security staff,2,1,2
5009109,0.0,C,M,N,Y,0,360000.0,Commercial associate,Secondary / secondary special,Married,House / apartment,-15321,-2747,Security staff,2,0,2
5009110,0.0,0,F,N,Y,0,112500.0,Commercial associate,Higher education,Married,House / apartment,-8842,-312,High skill tech staff,2,3,0
5009141,0.0,C,F,N,N,0,135000.0,Working,Secondary / secondary special,Civil marriage,House / apartment,-9657,-1560,Managers,2,2,0
5009142,0.0,C,F,N,N,0,135000.0,Working,Secondary / secondary special,Civil marriage,House / apartment,-9657,-1560,Managers,2,2,0
5009147,0.0,C,M,Y,N,0,315000.0,Working,Higher education,Married,House / apartment,-15825,-3720,Managers,2,0,2
5009149,0.0,C,M,Y,N,0,315000.0,Working,Higher education,Married,House / apartment,-15825,-3720,Managers,2,0,2
5009150,0.0,C,M,Y,N,0,315000.0,Working,Higher education,Married,House / apartment,-15825,-3720,Managers,2,0,2
5009151,0.0,C,F,N,N,0,180000.0,Working,Secondary / secondary special,Married,House / apartment,-19575,-2901,Sales staff,2,2,0
5009152,0.0,C,F,N,N,0,180000.0,Working,Secondary / secondary special,Married,House / apartment,-19575,-2901,Sales staff,2,2,0
5009154,0.0,C,F,N,N,0,180000.0,Working,Secondary / secondary special,Married,House / apartment,-19575,-2901,Sales staff,2,2,0
5009155,0.0,C,F,N,N,0,180000.0,Working,Secondary / secondary special,Married,House / apartment,-19575,-2901,Sales staff,2,2,0
5009156,0.0,C,F,N,N,0,180000.0,Working,Secondary / secondary special,Married,House / apartment,-19575,-2901,Sales staff,2,2,0
5009158,0.0,C,F,N,N,0,180000.0,Working,Secondary / secondary special,Married,House / apartment,-19575,-2901,Sales staff,2,2,0
5009159,0.0,C,F,N,N,0,180000.0,Working,Secondary / secondary special,Married,House / apartment,-19575,-2901,Sales staff,2,2,0
5009160,0.0,C,F,N,N,0,180000.0,Working,Secondary / secondary special,Married,House / apartment,-19575,-2901,Sales staff,2,2,0
5009161,0.0,C,F,N,N,0,180000.0,Working,Secondary / secondary special,Married,House / apartment,-19575,-2901,Sales staff,2,2,0
5009163,0.0,0,F,N,N,0,157500.0,Working,Secondary / secondary special,Married,House / apartment,-12915,-3174,Sales staff,2,4,0
5009166,0.0,0,F,N,N,0,157500.0,Working,Secondary / secondary special,Married,House / apartment,-12915,-3174,Sales staff,2,4,0
5009177,0.0,C,M,Y,N,0,229500.0,Working,Incomplete higher,Married,Co-op apartment,-18325,-1256,Laborers,2,2,0
5009178,0.0,0,M,Y,N,0,229500.0,Working,Incomplete higher,Married,Co-op apartment,-18325,-1256,Laborers,2,2,0
5009180,0.0,C,M,Y,N,0,229500.0,Working,Incomplete higher,Married,Co-op apartment,-18325,-1256,Laborers,2,2,0
5009181,0.0,0,M,Y,N,0,229500.0,Working,Incomplete higher,Married,Co-op apartment,-18325,-1256,Laborers,2,2,0
5009182,0.0,C,M,Y,N,0,229500.0,Working,Incomplete higher,Married,Co-op apartment,-18325,-1256,Laborers,2,2,0
5009183,0.0,C,M,Y,N,0,229500.0,Working,Incomplete higher,Married,Co-op apartment,-18325,-1256,Laborers,2,2,0
5009186,0.0,0,F,N,N,0,270000.0,Working,Higher education,Married,House / apartment,-17573,-5792,Managers,2,1,2
5009187,0.0,0,F,N,N,0,270000.0,Working,Higher education,Married,House / apartment,-17573,-5792,Managers,2,1,2
5009188,0.0,C,F,N,N,0,270000.0,Working,Higher education,Married,House / apartment,-17573,-5792,Managers,2,0,2
5009189,0.0,C,F,N,N,0,270000.0,Working,Higher education,Married,House / apartment,-17573,-5792,Managers,2,0,2
5009190,0.0,C,F,N,N,0,270000.0,Working,Higher education,Married,House / apartment,-17573,-5792,Managers,2,0,2
5009192,0.0,C,F,N,N,0,270000.0,Working,Higher education,Married,House / apartment,-17573,-5792,Managers,2,0,2
5009201,0.0,0,F,N,N,0,292500.0,State servant,Secondary / secondary special,Married,House / apartment,-20953,-8684,Accountants,2,1,2
5009202,0.0,0,F,N,N,0,292500.0,State servant,Secondary / secondary special,Married,House / apartment,-20953,-8684,Accountants,2,1,2
5009204,0.0,0,F,N,N,0,292500.0,State servant,Secondary / secondary special,Married,House / apartment,-20953,-8684,Accountants,2,1,2
5009205,0.0,X,F,N,N,0,292500.0,State servant,Secondary / secondary special,Married,House / apartment,-20953,-8684,Accountants,2,1,2
5009206,0.0,C,F,N,N,0,292500.0,State servant,Secondary / secondary special,Married,House / apartment,-20953,-8684,Accountants,2,1,2
5009208,0.0,C,F,N,N,0,292500.0,State servant,Secondary / secondary special,Married,House / apartment,-20953,-8684,Accountants,2,1,2
5009209,0.0,0,F,N,N,0,292500.0,State servant,Secondary / secondary special,Married,House / apartment,-20953,-8684,Accountants,2,1,2
5009213,0.0,X,F,N,N,0,270000.0,Working,Higher education,Married,House / apartment,-12333,-860,Accountants,2,1,0
5009215,0.0,C,F,N,N,0,270000.0,Working,Higher education,Married,House / apartment,-12333,-860,Accountants,2,0,0
5009216,0.0,C,F,N,N,0,270000.0,Working,Higher education,Married,House / apartment,-12333,-860,Accountants,2,0,0
5009217,0.0,X,F,N,N,0,270000.0,Working,Higher education,Married,House / apartment,-12333,-860,Accountants,2,1,0
5009220,0.0,C,F,Y,N,0,225000.0,Working,Secondary / secondary special,Married,House / apartment,-14667,-798,Managers,2,2,0
5009224,0.0,C,F,Y,N,0,225000.0,Working,Secondary / secondary special,Married,House / apartment,-14667,-798,Managers,2,2,0
5009226,0.0,C,F,Y,N,0,225000.0,Working,Secondary / secondary special,Married,House / apartment,-14667,-798,Managers,2,2,0
5009227,0.0,0,F,Y,N,0,225000.0,Working,Secondary / secondary special,Married,House / apartment,-14667,-798,Managers,2,4,0
5009232,0.0,C,F,Y,N,0,225000.0,Working,Secondary / secondary special,Married,House / apartment,-14667,-798,Managers,2,2,0
5009234,0.0,X,F,Y,N,0,225000.0,Working,Secondary / secondary special,Married,House / apartment,-14667,-798,Managers,2,2,0
5009236,0.0,0,F,Y,N,0,225000.0,Working,Secondary / secondary special,Married,House / apartment,-14667,-798,Managers,2,4,0
5009239,0.0,C,M,Y,N,0,157500.0,Working,Incomplete higher,Married,With parents,-10611,-982,Drivers,2,0,0
5009241,0.0,C,M,Y,N,0,157500.0,Working,Incomplete higher,Married,With parents,-10611,-982,Drivers,2,0,0
5009242,0.0,C,F,N,N,0,74250.0,Working,Higher education,Separated,Municipal apartment,-19082,-5243,Core staff,1,0,0
5009243,0.0,C,F,N,N,0,74250.0,Working,Higher education,Separated,Municipal apartment,-19082,-5243,Core staff,1,0,0
5009244,0.0,C,F,N,N,0,74250.0,Working,Higher education,Separated,Municipal apartment,-19082,-5243,Core staff,1,0,0
5009249,0.0,C,M,Y,N,1,135000.0,Working,Secondary / secondary special,Married,House / apartment,-9957,-921,Drivers,3,2,1
5009250,0.0,C,M,Y,N,1,135000.0,Working,Secondary / secondary special,Married,House / apartment,-9957,-921,Drivers,3,2,1
5009251,0.0,C,M,Y,N,1,135000.0,Working,Secondary / secondary special,Married,House / apartment,-9957,-921,Drivers,3,2,1
5009252,0.0,C,M,Y,N,1,135000.0,Working,Secondary / secondary special,Married,House / apartment,-9957,-921,Drivers,3,2,1
5009253,0.0,C,M,Y,N,1,135000.0,Working,Secondary / secondary special,Married,House / apartment,-9957,-921,Drivers,3,2,1
5009255,0.0,0,F,N,N,0,144000.0,Working,Secondary / secondary special,Single / not married,House / apartment,-15970,-8987,Cleaning staff,1,4,0
5009260,0.0,C,F,N,N,0,202500.0,State servant,Higher education,Married,With parents,-14562,-1287,Core staff,2,3,0
5009262,0.0,C,F,N,N,0,202500.0,State servant,Higher education,Married,With parents,-14562,-1287,Core staff,2,3,0
5009263,0.0,C,F,N,N,0,202500.0,State servant,Higher education,Married,With parents,-14562,-1287,Core staff,2,3,0
5009266,0.0,C,M,Y,N,0,337500.0,State servant,Higher education,Married,With parents,-10266,-1652,Managers,2,0,2
5009267,0.0,C,M,Y,N,0,337500.0,State servant,Higher education,Married,With parents,-10266,-1652,Managers,2,0,2
5009268,0.0,C,M,Y,N,0,337500.0,State servant,Higher education,Married,With parents,-10266,-1652,Managers,2,0,2
5009269,0.0,C,M,Y,N,0,337500.0,State servant,Higher education,Married,With parents,-10266,-1652,Managers,2,0,2
5009270,0.0,0,M,N,N,0,180000.0,Commercial associate,Secondary / secondary special,Married,Municipal apartment,-14781,-2443,Laborers,2,4,0
5009272,0.0,X,M,N,N,0,180000.0,Commercial associate,Secondary / secondary special,Married,Municipal apartment,-14781,-2443,Laborers,2,1,0
5009275,0.0,X,M,N,N,0,180000.0,Commercial associate,Secondary / secondary special,Married,Municipal apartment,-14781,-2443,Laborers,2,1,0
5009276,0.0,0,M,N,N,0,180000.0,Commercial associate,Secondary / secondary special,Married,Municipal apartment,-14781,-2443,Laborers,2,4,0
5009278,0.0,C,F,N,N,0,130500.0,Working,Secondary / secondary special,Civil marriage,House / apartment,-15140,-4816,Cleaning staff,2,4,0
5009280,0.0,C,F,N,N,0,130500.0,Working,Secondary / secondary special,Civil marriage,House / apartment,-15140,-4816,Cleaning staff,2,4,0
5009281,0.0,X,F,N,N,0,130500.0,Working,Secondary / secondary special,Civil marriage,House / apartment,-15140,-4816,Cleaning staff,2,4,0
5009284,0.0,C,F,N,N,0,130500.0,Working,Secondary / secondary special,Civil marriage,House / apartment,-15140,-4816,Cleaning staff,2,4,0
5009287,0.0,0,F,N,N,0,130500.0,Working,Secondary / secondary special,Civil marriage,House / apartment,-15140,-4816,Cleaning staff,2,4,0
5009289,0.0,C,F,N,N,0,130500.0,Working,Secondary / secondary special,Civil marriage,House / apartment,-15140,-4816,Cleaning staff,2,4,0
5009290,0.0,C,F,N,N,0,130500.0,Working,Secondary / secondary special,Civil marriage,House / apartment,-15140,-4816,Cleaning staff,2,4,0
5009292,0.0,X,F,N,N,0,130500.0,Working,Secondary / secondary special,Civil marriage,House / apartment,-15140,-4816,Cleaning staff,2,4,0
5009293,0.0,C,F,N,N,0,130500.0,Working,Secondary / secondary special,Civil marriage,House / apartment,-15140,-4816,Cleaning staff,2,4,0
5009294,0.0,C,F,N,N,0,130500.0,Working,Secondary / secondary special,Civil marriage,House / apartment,-15140,-4816,Cleaning staff,2,4,0
5009297,0.0,1,F,N,N,0,193500.0,Working,Secondary / secondary special,Single / not married,Municipal apartment,-16099,-1866,Laborers,1,1,0
5009299,0.0,X,F,N,N,0,193500.0,Working,Secondary / secondary special,Single / not married,Municipal apartment,-16099,-1866,Laborers,1,4,0
5009300,0.0,X,F,N,N,0,193500.0,Working,Secondary / secondary special,Single / not married,Municipal apartment,-16099,-1866,Laborers,1,4,0
5009301,0.0,C,F,N,N,0,193500.0,Working,Secondary / secondary special,Single / not married,Municipal apartment,-16099,-1866,Laborers,1,4,0
5009325,0.0,X,M,Y,N,0,267750.0,Working,Higher education,Married,House / apartment,-20991,-4727,Laborers,2,0,2
5009330,0.0,C,M,Y,N,0,267750.0,Working,Higher education,Married,House / apartment,-20991,-4727,Laborers,2,0,2
5009335,0.0,0,F,N,N,0,139500.0,Working,Higher education,Separated,House / apartment,-16203,-7100,Managers,1,1,0
5009338,0.0,0,M,N,N,0,67500.0,Working,Secondary / secondary special,Married,House / apartment,-18674,-5304,Security staff,2,4,0
5009343,0.0,C,M,Y,N,0,252000.0,Working,Secondary / secondary special,Married,House / apartment,-10750,-2443,High skill tech staff,2,2,0
5009344,0.0,0,M,Y,N,0,252000.0,Working,Secondary / secondary special,Married,House / apartment,-10750,-2443,High skill tech staff,2,2,0
5009345,0.0,C,M,Y,N,0,252000.0,Working,Secondary / secondary special,Married,House / apartment,-10750,-2443,High skill tech staff,2,2,0
5009346,0.0,0,M,Y,N,0,252000.0,Working,Secondary / secondary special,Married,House / apartment,-10750,-2443,High skill tech staff,2,2,0
5009349,0.0,X,M,N,N,0,180000.0,Commercial associate,Lower secondary,Married,House / apartment,-21155,-130,Drivers,2,1,0
5009354,0.0,X,M,N,N,0,180000.0,Commercial associate,Lower secondary,Married,House / apartment,-21155,-130,Drivers,2,1,0
5009355,0.0,0,F,N,N,0,135000.0,Commercial associate,Secondary / secondary special,Married,House / apartment,-19692,-5273,Laborers,2,1,0
5009358,0.0,X,F,N,N,0,135000.0,Commercial associate,Secondary / secondary special,Married,House / apartment,-19692,-5273,Laborers,2,1,0
5009359,0.0,C,F,Y,N,0,900000.0,Working,Higher education,Single / not married,House / apartment,-19063,-7404,Managers,1,0,2
5009360,0.0,0,F,Y,N,0,900000.0,Working,Higher education,Single / not married,House / apartment,-19063,-7404,Managers,1,1,2
5009362,0.0,0,M,Y,N,0,180000.0,Commercial associate,Higher education,Civil marriage,House / apartment,-14867,-586,Drivers,2,3,0
5009363,0.0,C,M,Y,N,0,180000.0,Commercial associate,Higher education,Civil marriage,House / apartment,-14867,-586,Drivers,2,0,0
5009364,0.0,0,M,Y,N,0,180000.0,Commercial associate,Higher education,Civil marriage,House / apartment,-14867,-586,Drivers,2,3,0
5009365,0.0,C,M,Y,N,0,180000.0,Commercial associate,Higher education,Civil marriage,House / apartment,-14867,-586,Drivers,2,0,0
5009366,0.0,C,M,Y,N,0,180000.0,Commercial associate,Higher education,Civil marriage,House / apartment,-14867,-586,Drivers,2,0,0
5009367,0.0,C,M,Y,N,0,180000.0,Commercial associate,Higher education,Civil marriage,House / apartment,-14867,-586,Drivers,2,0,0
5009378,0.0,C,F,N,N,2,225000.0,Working,Higher education,Married,House / apartment,-11281,-1744,Core staff,4,0,1
5009381,0.0,C,M,Y,N,1,135000.0,Working,Secondary / secondary special,Married,House / apartment,-9430,-1195,Sales staff,3,2,1
5009383,0.0,C,F,N,N,0,450000.0,State servant,Higher education,Married,House / apartment,-14718,-5578,Managers,2,3,2
5009384,0.0,C,F,N,N,0,450000.0,State servant,Higher education,Married,House / apartment,-14718,-5578,Managers,2,3,2
5009386,0.0,X,F,N,N,0,450000.0,State servant,Higher education,Married,House / apartment,-14718,-5578,Managers,2,3,2
5009387,0.0,0,F,N,N,0,450000.0,State servant,Higher education,Married,House / apartment,-14718,-5578,Managers,2,3,2
5009391,0.0,0,M,N,N,0,279000.0,State servant,Higher education,Single / not married,House / apartment,-11042,-3174,Core staff,1,3,0
5009393,0.0,C,M,N,N,0,279000.0,State servant,Higher education,Single / not married,House / apartment,-11042,-3174,Core staff,1,3,0
5009394,0.0,0,M,N,N,0,279000.0,State servant,Higher education,Single / not married,House / apartment,-11042,-3174,Core staff,1,3,0
5009395,0.0,0,M,N,N,0,279000.0,State servant,Higher education,Single / not married,House / apartment,-11042,-3174,Core staff,1,3,0
5009396,0.0,C,F,N,N,1,76500.0,Working,Higher education,Civil marriage,House / apartment,-12506,-495,Accountants,3,0,1
5009397,0.0,C,F,N,N,1,76500.0,Working,Higher education,Civil marriage,House / apartment,-12506,-495,Accountants,3,0,1
5009399,0.0,C,F,N,N,1,76500.0,Working,Higher education,Civil marriage,House / apartment,-12506,-495,Accountants,3,0,1
5009400,0.0,C,F,N,N,1,76500.0,Working,Higher education,Civil marriage,House / apartment,-12506,-495,Accountants,3,0,1
5009401,0.0,C,F,N,N,1,76500.0,Working,Higher education,Civil marriage,House / apartment,-12506,-495,Accountants,3,0,1
5009402,0.0,X,M,N,N,0,202500.0,Commercial associate,Secondary / secondary special,Married,House / apartment,-20604,-252,Security staff,2,1,0
5009403,0.0,C,M,N,N,0,202500.0,Commercial associate,Secondary / secondary special,Married,House / apartment,-20604,-252,Security staff,2,0,0
5009404,0.0,0,F,N,N,2,67500.0,Commercial associate,Higher education,Married,House / apartment,-10331,-433,Core staff,4,3,1
5009405,0.0,X,M,N,N,0,234000.0,Working,Incomplete higher,Married,House / apartment,-13923,-2290,Drivers,2,2,0
5009406,0.0,X,M,N,N,0,234000.0,Working,Incomplete higher,Married,House / apartment,-13923,-2290,Drivers,2,2,0
5009408,0.0,X,M,N,N,0,234000.0,Working,Incomplete higher,Married,House / apartment,-13923,-2290,Drivers,2,2,0
5009410,0.0,X,M,N,N,0,234000.0,Working,Incomplete higher,Married,House / apartment,-13923,-2290,Drivers,2,2,0
5112901,0.0,C,M,N,N,0,234000.0,Working,Incomplete higher,Married,House / apartment,-13923,-2290,Drivers,2,2,0
5009415,0.0,1,F,N,N,0,90000.0,Working,Secondary / secondary special,Single / not married,House / apartment,-19304,-464,Core staff,1,1,0
5009416,0.0,0,F,N,N,0,90000.0,Working,Secondary / secondary special,Single / not married,House / apartment,-19304,-464,Core staff,1,4,0
5009417,0.0,0,F,N,N,0,90000.0,Working,Secondary / secondary special,Single / not married,House / apartment,-19304,-464,Core staff,1,4,0
5009418,0.0,0,F,N,N,0,90000.0,Working,Secondary / secondary special,Single / not married,House / apartment,-19304,-464,Core staff,1,4,0
5009420,0.0,C,F,N,N,0,90000.0,Working,Secondary / secondary special,Single / not married,House / apartment,-19304,-464,Core staff,1,4,0
5009423,0.0,X,F,N,N,0,81000.0,Working,Secondary / secondary special,Civil marriage,House / apartment,-19569,-1013,Security staff,2,4,0
5009425,0.0,C,M,N,N,0,108000.0,Working,Secondary / secondary special,Single / not married,Co-op apartment,-8182,-1317,Cooking staff,1,2,0
5009428,0.0,0,M,N,N,0,198000.0,Working,Secondary / secondary special,Single / not married,With parents,-8657,-1164,Laborers,1,4,0
5009429,0.0,0,M,N,N,0,198000.0,Working,Secondary / secondary special,Single / not married,With parents,-8657,-1164,Laborers,1,4,0
5009431,0.0,C,M,Y,N,0,360000.0,State servant,Higher education,Married,Municipal apartment,-14835,-1195,Drivers,2,0,2
5009447,0.0,X,M,Y,N,0,81000.0,Working,Secondary / secondary special,Married,With parents,-14435,-3386,Drivers,2,2,0
5009448,0.0,X,M,Y,N,0,81000.0,Working,Secondary / secondary special,Married,With parents,-14435,-3386,Drivers,2,2,0
5009451,0.0,C,F,N,N,0,202500.0,State servant,Higher education,Married,House / apartment,-17274,-1348,Laborers,2,0,0
5009452,0.0,C,F,N,N,0,202500.0,State servant,Higher education,Married,House / apartment,-17274,-1348,Laborers,2,0,0
5009454,0.0,C,F,N,N,0,202500.0,State servant,Higher education,Married,House / apartment,-17274,-1348,Laborers,2,0,0
5009456,0.0,C,F,N,N,0,202500.0,State servant,Higher education,Married,House / apartment,-17274,-1348,Laborers,2,0,0
5009457,0.0,C,F,N,N,0,202500.0,State servant,Higher education,Married,House / apartment,-17274,-1348,Laborers,2,0,0
5009458,0.0,X,F,N,N,0,202500.0,State servant,Higher education,Married,House / apartment,-17274,-1348,Laborers,2,3,0
5009485,0.0,X,F,N,N,0,135000.0,Working,Secondary / secondary special,Married,Municipal apartment,-12130,-798,Cooking staff,2,4,0
5009490,0.0,X,M,Y,N,0,135000.0,Commercial associate,Secondary / secondary special,Married,House / apartment,-16196,-6218,Laborers,2,2,0
5009492,0.0,C,M,Y,N,0,135000.0,Commercial associate,Secondary / secondary special,Married,House / apartment,-16196,-6218,Laborers,2,0,0
5009493,0.0,C,M,Y,N,0,270000.0,Commercial associate,Secondary / secondary special,Married,House / apartment,-11706,-1164,Drivers,2,0,2
5009495,0.0,C,M,Y,N,0,270000.0,Commercial associate,Secondary / secondary special,Married,House / apartment,-11706,-1164,Drivers,2,0,2
5009498,0.0,0,M,Y,N,0,270000.0,Commercial associate,Secondary / secondary special,Married,House / apartment,-11706,-1164,Drivers,2,1,2
5009499,0.0,C,M,Y,N,0,270000.0,Commercial associate,Secondary / secondary special,Married,House / apartment,-11706,-1164,Drivers,2,0,2
5009500,0.0,C,M,Y,N,0,270000.0,Commercial associate,Secondary / secondary special,Married,House / apartment,-11706,-1164,Drivers,2,0,2
5009501,0.0,0,M,Y,N,0,270000.0,Commercial associate,Secondary / secondary special,Married,House / apartment,-11706,-1164,Drivers,2,1,2
5009503,0.0,X,M,Y,N,0,270000.0,Commercial associate,Secondary / secondary special,Married,House / apartment,-11706,-1164,Drivers,2,1,2
5009507,0.0,0,F,N,N,0,202500.0,Working,Higher education,Married,House / apartment,-16100,-4939,Core staff,2,1,0
5009508,0.0,C,F,N,N,0,202500.0,Working,Higher education,Married,House / apartment,-16100,-4939,Core staff,2,0,0
5009509,0.0,C,F,N,N,0,202500.0,Working,Higher education,Married,House / apartment,-16100,-4939,Core staff,2,0,0
5009512,0.0,C,F,N,N,0,157500.0,Working,Incomplete higher,Married,House / apartment,-16888,-2687,Core staff,2,0,0
5009516,0.0,X,F,N,N,0,157500.0,Working,Incomplete higher,Married,House / apartment,-16888,-2687,Core staff,2,1,0
5009517,0.0,C,F,N,N,0,157500.0,Working,Incomplete higher,Married,House / apartment,-16888,-2687,Core staff,2,0,0
5009518,0.0,0,M,Y,N,2,180000.0,Working,Incomplete higher,Married,House / apartment,-12463,-2170,Laborers,4,2,1
5009523,0.0,0,M,Y,N,1,112500.0,Working,Secondary / secondary special,Separated,Co-op apartment,-11998,-1135,Laborers,2,4,0
5009536,0.0,C,M,Y,N,0,216000.0,Working,Secondary / secondary special,Married,House / apartment,-15455,-890,Laborers,2,2,0
5009537,0.0,C,F,Y,N,0,202500.0,Commercial associate,Secondary / secondary special,Married,House / apartment,-15527,-1744,Sales staff,2,0,0
5009540,0.0,C,F,Y,N,0,202500.0,Commercial associate,Secondary / secondary special,Married,House / apartment,-15527,-1744,Sales staff,2,0,0
5009541,0.0,C,F,Y,N,0,202500.0,Commercial associate,Secondary / secondary special,Married,House / apartment,-15527,-1744,Sales staff,2,0,0
5009545,0.0,0,F,N,N,0,198000.0,Commercial associate,Secondary / secondary special,Civil marriage,House / apartment,-18813,-9748,Laborers,2,1,0
5009546,0.0,X,F,N,N,0,198000.0,Commercial associate,Secondary / secondary special,Civil marriage,House / apartment,-18813,-9748,Laborers,2,1,0
5009548,0.0,X,F,N,N,0,198000.0,Commercial associate,Secondary / secondary special,Civil marriage,House / apartment,-18813,-9748,Laborers,2,1,0
5009551,0.0,0,F,N,N,0,198000.0,Commercial associate,Secondary / secondary special,Civil marriage,House / apartment,-18813,-9748,Laborers,2,1,0
5009554,0.0,C,F,N,N,0,198000.0,Commercial associate,Secondary / secondary special,Civil marriage,House / apartment,-18813,-9748,Laborers,2,1,0
5009555,0.0,0,F,N,N,0,198000.0,Commercial associate,Secondary / secondary special,Civil marriage,House / apartment,-18813,-9748,Laborers,2,1,0
5009556,0.0,1,F,N,N,0,198000.0,Commercial associate,Secondary / secondary special,Civil marriage,House / apartment,-18813,-9748,Laborers,2,1,0
5009557,0.0,0,F,N,N,0,198000.0,Commercial associate,Secondary / secondary special,Civil marriage,House / apartment,-18813,-9748,Laborers,2,1,0
5009559,0.0,C,F,N,N,0,198000.0,Commercial associate,Secondary / secondary special,Civil marriage,House / apartment,-18813,-9748,Laborers,2,1,0
5009560,0.0,0,F,N,N,0,198000.0,Commercial associate,Secondary / secondary special,Civil marriage,House / apartment,-18813,-9748,Laborers,2,1,0
5009565,0.0,X,M,Y,N,0,180000.0,Working,Secondary / secondary special,Married,House / apartment,-15153,-3143,Laborers,2,2,0
5009566,0.0,X,M,Y,N,0,180000.0,Working,Secondary / secondary special,Married,House / apartment,-15153,-3143,Laborers,2,2,0
5009568,0.0,X,M,Y,N,0,180000.0,Working,Secondary / secondary special,Married,House / apartment,-15153,-3143,Laborers,2,2,0
5009569,0.0,X,M,Y,N,0,180000.0,Working,Secondary / secondary special,Married,House / apartment,-15153,-3143,Laborers,2,2,0
5009570,0.0,X,M,Y,N,0,180000.0,Working,Secondary / secondary special,Married,House / apartment,-15153,-3143,Laborers,2,2,0
5009571,0.0,C,M,Y,N,0,180000.0,Working,Secondary / secondary special,Married,House / apartment,-15153,-3143,Laborers,2,2,0
5009572,0.0,X,M,Y,N,0,180000.0,Working,Secondary / secondary special,Married,House / apartment,-15153,-3143,Laborers,2,2,0
5009573,0.0,X,M,Y,N,0,180000.0,Working,Secondary / secondary special,Married,House / apartment,-15153,-3143,Laborers,2,2,0
5009574,0.0,X,M,Y,N,0,180000.0,Working,Secondary / secondary special,Married,House / apartment,-15153,-3143,Laborers,2,2,0
5009575,0.0,C,F,Y,N,0,315000.0,Working,Secondary / secondary special,Married,House / apartment,-17074,-798,Accountants,2,2,2
5009576,0.0,X,F,Y,N,0,315000.0,Working,Secondary / secondary special,Married,House / apartment,-17074,-798,Accountants,2,4,2
5009583,0.0,C,F,N,N,0,90000.0,Working,Secondary / secondary special,Separated,House / apartment,-11682,-678,Sales staff,1,4,0
5009584,0.0,X,F,N,N,0,90000.0,Working,Secondary / secondary special,Separated,House / apartment,-11682,-678,Sales staff,1,4,0
5009585,0.0,C,F,N,N,0,45000.0,Working,Secondary / secondary special,Separated,House / apartment,-14374,-798,Sales staff,1,4,0
5009586,0.0,0,F,N,N,0,45000.0,Working,Secondary / secondary special,Separated,House / apartment,-14374,-798,Sales staff,1,4,0
5009593,0.0,C,F,Y,N,0,144000.0,Working,Secondary / secondary special,Married,House / apartment,-17383,-890,Core staff,2,2,0
5009594,0.0,0,F,Y,N,0,144000.0,Working,Secondary / secondary special,Married,House / apartment,-17383,-890,Core staff,2,4,0
5009595,0.0,C,F,Y,N,0,144000.0,Working,Secondary / secondary special,Married,House / apartment,-17383,-890,Core staff,2,2,0
5009599,0.0,C,F,Y,N,0,144000.0,Working,Secondary / secondary special,Married,House / apartment,-17383,-890,Core staff,2,2,0
5009600,0.0,C,F,Y,N,0,144000.0,Working,Secondary / secondary special,Married,House / apartment,-17383,-890,Core staff,2,2,0
5009602,0.0,C,F,Y,N,0,315000.0,Commercial associate,Higher education,Married,House / apartment,-13455,-2748,Sales staff,2,3,2
5009603,0.0,0,F,N,N,1,112500.0,Working,Secondary / secondary special,Married,House / apartment,-12872,-3720,Sales staff,3,4,1
5009605,0.0,0,F,N,N,1,112500.0,Working,Secondary / secondary special,Married,House / apartment,-12872,-3720,Sales staff,3,4,1
5009607,0.0,C,F,N,N,2,144000.0,Working,Secondary / secondary special,Married,House / apartment,-12277,-982,High skill tech staff,4,2,1
5009608,0.0,X,F,N,N,2,144000.0,Working,Secondary / secondary special,Married,House / apartment,-12277,-982,High skill tech staff,4,4,1
5009610,0.0,0,F,N,N,2,144000.0,Working,Secondary / secondary special,Married,House / apartment,-12277,-982,High skill tech staff,4,4,1
5009611,0.0,C,F,N,N,2,144000.0,Working,Secondary / secondary special,Married,House / apartment,-12277,-982,High skill tech staff,4,2,1
5009612,0.0,X,F,N,N,2,144000.0,Working,Secondary / secondary special,Married,House / apartment,-12277,-982,High skill tech staff,4,4,1
5009613,0.0,X,F,N,N,2,144000.0,Working,Secondary / secondary special,Married,House / apartment,-12277,-982,High skill tech staff,4,4,1
5009614,0.0,0,F,N,N,2,144000.0,Working,Secondary / secondary special,Married,House / apartment,-12277,-982,High skill tech staff,4,4,1
5009620,0.0,C,M,Y,N,0,135000.0,Working,Secondary / secondary special,Married,House / apartment,-19056,-99,Drivers,2,2,0
5009622,0.0,C,M,Y,N,0,135000.0,Working,Secondary / secondary special,Married,House / apartment,-19056,-99,Drivers,2,2,0
5009623,0.0,C,M,Y,N,0,135000.0,Working,Secondary / secondary special,Married,House / apartment,-19056,-99,Drivers,2,2,0
5009624,0.0,0,M,Y,N,0,135000.0,Working,Secondary / secondary special,Married,House / apartment,-19056,-99,Drivers,2,2,0
5009627,0.0,C,F,N,N,0,238500.0,Working,Secondary / secondary special,Married,House / apartment,-19305,-3296,Laborers,2,2,0
5009628,0.0,C,F,N,N,0,238500.0,Working,Secondary / secondary special,Married,House / apartment,-19305,-3296,Laborers,2,2,0
5009631,0.0,C,F,N,N,0,112500.0,Working,Secondary / secondary special,Married,House / apartment,-9890,-2047,Laborers,2,2,0
5009633,0.0,X,M,Y,N,1,144000.0,Working,Incomplete higher,Married,House / apartment,-10049,-283,Drivers,3,2,1
5009634,0.0,0,M,Y,N,1,144000.0,Working,Incomplete higher,Married,House / apartment,-10049,-283,Drivers,3,2,1
5009646,0.0,X,M,N,N,0,117000.0,Working,Secondary / secondary special,Single / not married,House / apartment,-14689,-3661,Low-skill Laborers,1,4,0
5009647,0.0,C,M,N,N,0,117000.0,Working,Secondary / secondary special,Single / not married,House / apartment,-14689,-3661,Low-skill Laborers,1,2,0
5009671,0.0,0,F,N,N,0,135000.0,Commercial associate,Secondary / secondary special,Civil marriage,House / apartment,-15805,-433,Core staff,2,1,0
5009672,0.0,0,F,N,N,0,135000.0,Commercial associate,Secondary / secondary special,Civil marriage,House / apartment,-15805,-433,Core staff,2,1,0
5009695,0.0,0,M,Y,N,0,1350000.0,Commercial associate,Higher education,Married,Municipal apartment,-12999,-1560,Managers,2,3,2
5009698,0.0,X,M,Y,N,0,1350000.0,Commercial associate,Higher education,Married,Municipal apartment,-12999,-1560,Managers,2,3,2
5009700,0.0,X,M,Y,N,0,1350000.0,Commercial associate,Higher education,Married,Municipal apartment,-12999,-1560,Managers,2,3,2
5009706,0.0,0,F,N,N,0,157500.0,Working,Higher education,Married,House / apartment,-11644,-344,Managers,2,1,0
5009707,0.0,0,F,N,N,0,157500.0,Working,Higher education,Married,House / apartment,-11644,-344,Managers,2,1,0
5009709,0.0,X,F,N,N,0,157500.0,Working,Higher education,Married,House / apartment,-11644,-344,Managers,2,1,0
5009711,0.0,X,F,Y,N,0,135000.0,Working,Secondary / secondary special,Civil marriage,With parents,-11102,-433,Sales staff,2,4,0
5009724,0.0,C,F,N,N,0,135000.0,Working,Higher education,Married,House / apartment,-9887,-2474,Sales staff,2,0,0
5009725,0.0,X,F,N,N,0,135000.0,Working,Higher education,Married,House / apartment,-9887,-2474,Sales staff,2,1,0
5009726,0.0,C,F,N,N,0,135000.0,Working,Higher education,Married,House / apartment,-9887,-2474,Sales staff,2,0,0
5009727,0.0,C,F,N,N,0,135000.0,Working,Higher education,Married,House / apartment,-9887,-2474,Sales staff,2,0,0
5009729,0.0,X,M,Y,N,0,292500.0,Working,Secondary / secondary special,Married,House / apartment,-13178,-1317,Laborers,2,2,2
5009730,0.0,0,M,Y,N,0,292500.0,Working,Secondary / secondary special,Married,House / apartment,-13178,-1317,Laborers,2,2,2
5009732,0.0,C,F,Y,N,0,270000.0,Commercial associate,Higher education,Married,House / apartment,-19341,-7314,Managers,2,3,2
5009733,0.0,C,F,Y,N,0,270000.0,Commercial associate,Higher education,Married,House / apartment,-19341,-7314,Managers,2,3,2
5009734,0.0,C,F,Y,N,0,270000.0,Commercial associate,Higher education,Married,House / apartment,-19341,-7314,Managers,2,3,2
5009738,0.0,0,F,Y,N,0,99000.0,Working,Secondary / secondary special,Married,House / apartment,-14657,-4392,Core staff,2,4,0
5009740,0.0,X,F,Y,N,0,99000.0,Working,Secondary / secondary special,Married,House / apartment,-14657,-4392,Core staff,2,4,0
5009741,0.0,0,F,Y,N,0,99000.0,Working,Secondary / secondary special,Married,House / apartment,-14657,-4392,Core staff,2,4,0
5009742,0.0,C,F,N,N,0,135000.0,Working,Secondary / secondary special,Married,House / apartment,-12328,-2474,Sales staff,2,2,0
5009743,0.0,C,F,N,N,0,135000.0,Working,Secondary / secondary special,Married,House / apartment,-12328,-2474,Sales staff,2,2,0
5009757,0.0,C,M,Y,N,0,270000.0,Working,Higher education,Single / not married,House / apartment,-9087,-1682,Laborers,1,0,0
5009760,0.0,X,M,Y,N,0,270000.0,Working,Higher education,Single / not married,House / apartment,-9087,-1682,Laborers,1,0,0
5009761,0.0,C,M,Y,N,0,270000.0,Working,Higher education,Single / not married,House / apartment,-9087,-1682,Laborers,1,0,0
5009762,0.0,C,M,N,N,0,135000.0,Working,Secondary / secondary special,Separated,House / apartment,-14118,-3174,Laborers,1,2,0
5009765,0.0,X,M,N,N,0,135000.0,Working,Secondary / secondary special,Separated,House / apartment,-14118,-3174,Laborers,1,4,0
5009768,0.0,0,M,N,N,0,135000.0,Working,Secondary / secondary special,Separated,House / apartment,-14118,-3174,Laborers,1,4,0
5009773,0.0,0,M,N,N,0,135000.0,Working,Secondary / secondary special,Separated,House / apartment,-14118,-3174,Laborers,1,4,0
5009774,0.0,C,M,N,N,0,135000.0,Working,Secondary / secondary special,Separated,House / apartment,-14118,-3174,Laborers,1,2,0
5009777,0.0,C,M,N,N,0,135000.0,Working,Secondary / secondary special,Separated,House / apartment,-14118,-3174,Laborers,1,2,0
5009779,0.0,0,M,N,N,0,135000.0,Working,Secondary / secondary special,Separated,House / apartment,-14118,-3174,Laborers,1,4,0
5009783,0.0,C,M,Y,N,2,445500.0,State servant,Higher education,Married,Municipal apartment,-14906,-6826,Core staff,4,0,2
5009784,0.0,C,M,Y,N,2,445500.0,State servant,Higher education,Married,Municipal apartment,-14906,-6826,Core staff,4,0,2
5009805,0.0,0,F,N,N,1,202500.0,Working,Secondary / secondary special,Married,House / apartment,-11813,-3266,Sales staff,3,4,1
5009806,0.0,X,F,N,N,1,202500.0,Working,Secondary / secondary special,Married,House / apartment,-11813,-3266,Sales staff,3,4,1
5009807,0.0,X,F,N,N,1,202500.0,Working,Secondary / secondary special,Married,House / apartment,-11813,-3266,Sales staff,3,4,1
5009808,0.0,X,F,N,N,1,202500.0,Working,Secondary / secondary special,Married,House / apartment,-11813,-3266,Sales staff,3,4,1
5009809,0.0,X,F,N,N,1,202500.0,Working,Secondary / secondary special,Married,House / apartment,-11813,-3266,Sales staff,3,4,1
5009810,0.0,C,F,N,N,1,202500.0,Working,Secondary / secondary special,Married,House / apartment,-11813,-3266,Sales staff,3,2,1
5009811,0.0,0,F,N,N,1,202500.0,Working,Secondary / secondary special,Married,House / apartment,-11813,-3266,Sales staff,3,4,1
5009813,0.0,X,F,N,N,1,202500.0,Working,Secondary / secondary special,Married,House / apartment,-11813,-3266,Sales staff,3,4,1
5009814,0.0,0,F,N,N,1,202500.0,Working,Secondary / secondary special,Married,House / apartment,-11813,-3266,Sales staff,3,4,1
5009816,0.0,0,F,N,N,1,202500.0,Working,Secondary / secondary special,Married,House / apartment,-11813,-3266,Sales staff,3,4,1
5090772,0.0,X,F,N,N,1,202500.0,Working,Secondary / secondary special,Married,House / apartment,-11813,-3266,Sales staff,3,4,1
5009819,0.0,C,F,Y,N,0,99000.0,Working,Secondary / secondary special,Married,House / apartment,-14883,-5457,Cooking staff,2,2,0
5009820,0.0,0,F,Y,N,0,99000.0,Working,Secondary / secondary special,Married,House / apartment,-14883,-5457,Cooking staff,2,4,0
5009821,0.0,0,F,Y,N,0,99000.0,Working,Secondary / secondary special,Married,House / apartment,-14883,-5457,Cooking staff,2,4,0
5009822,0.0,0,F,Y,N,0,99000.0,Working,Secondary / secondary special,Married,House / apartment,-14883,-5457,Cooking staff,2,4,0
5009823,0.0,0,F,Y,N,0,99000.0,Working,Secondary / secondary special,Married,House / apartment,-14883,-5457,Cooking staff,2,4,0
5009826,0.0,C,F,N,N,0,112500.0,Working,Secondary / secondary special,Married,House / apartment,-15759,-374,Sales staff,2,2,0
5009827,0.0,X,F,N,N,0,112500.0,Working,Secondary / secondary special,Married,House / apartment,-15759,-374,Sales staff,2,4,0
5009828,0.0,C,F,N,N,0,112500.0,Working,Secondary / secondary special,Married,House / apartment,-15759,-374,Sales staff,2,2,0
5009829,0.0,X,F,N,N,0,112500.0,Working,Secondary / secondary special,Married,House / apartment,-15759,-374,Sales staff,2,4,0
5009831,0.0,C,M,Y,N,0,166500.0,Working,Higher education,Married,With parents,-10435,-1713,Core staff,2,0,0
5009833,0.0,C,M,Y,N,0,166500.0,Working,Higher education,Married,With parents,-10435,-1713,Core staff,2,0,0
5009834,0.0,0,M,Y,N,0,166500.0,Working,Higher education,Married,With parents,-10435,-1713,Core staff,2,0,0
5009835,0.0,C,M,Y,N,0,166500.0,Working,Higher education,Married,With parents,-10435,-1713,Core staff,2,0,0
5009836,0.0,C,M,Y,N,0,166500.0,Working,Higher education,Married,With parents,-10435,-1713,Core staff,2,0,0
5009839,0.0,C,M,Y,N,0,202500.0,Working,Secondary / secondary special,Civil marriage,House / apartment,-12636,-405,Laborers,2,2,0
5009844,0.0,X,M,Y,N,0,180000.0,Working,Secondary / secondary special,Married,House / apartment,-15901,-130,Security staff,2,2,0
5009845,0.0,C,M,Y,N,0,180000.0,Working,Secondary / secondary special,Married,House / apartment,-15901,-130,Security staff,2,2,0
5009846,0.0,C,M,N,N,0,225000.0,Commercial associate,Higher education,Civil marriage,House / apartment,-12282,-405,Managers,2,3,0
5009848,0.0,0,F,N,N,0,99000.0,Commercial associate,Higher education,Married,House / apartment,-10084,-678,Sales staff,2,3,0
5009849,0.0,0,F,N,N,0,99000.0,Commercial associate,Higher education,Married,House / apartment,-10084,-678,Sales staff,2,3,0
5009854,0.0,0,M,Y,N,0,360000.0,Commercial associate,Secondary / secondary special,Separated,With parents,-10276,-556,Drivers,1,1,2
5009857,0.0,C,M,Y,N,0,360000.0,Commercial associate,Secondary / secondary special,Separated,With parents,-10276,-556,Drivers,1,0,2
5009858,0.0,C,M,Y,N,0,360000.0,Commercial associate,Secondary / secondary special,Separated,With parents,-10276,-556,Drivers,1,0,2
5009859,0.0,C,M,Y,N,0,360000.0,Commercial associate,Secondary / secondary special,Separated,With parents,-10276,-556,Drivers,1,0,2
5009860,0.0,C,M,Y,N,0,360000.0,Commercial associate,Secondary / secondary special,Separated,With parents,-10276,-556,Drivers,1,0,2
5009865,0.0,X,M,Y,N,0,225000.0,Working,Higher education,Civil marriage,Rented apartment,-14555,-1226,Managers,2,0,0
5009866,0.0,C,M,Y,N,0,225000.0,Working,Higher education,Civil marriage,Rented apartment,-14555,-1226,Managers,2,0,0
5009867,0.0,X,M,Y,N,0,225000.0,Working,Higher education,Civil marriage,Rented apartment,-14555,-1226,Managers,2,0,0
5009868,0.0,C,M,Y,N,0,225000.0,Working,Higher education,Civil marriage,Rented apartment,-14555,-1226,Managers,2,0,0
5009872,0.0,C,M,Y,N,2,427500.0,Commercial associate,Higher education,Married,House / apartment,-15144,-6400,Managers,4,0,2
5009874,0.0,X,M,Y,N,2,427500.0,Commercial associate,Higher education,Married,House / apartment,-15144,-6400,Managers,4,3,2
5009877,0.0,X,F,N,Y,2,157500.0,State servant,Higher education,Married,House / apartment,-15499,-1287,Core staff,4,3,1
5009878,0.0,0,F,N,Y,2,157500.0,State servant,Higher education,Married,House / apartment,-15499,-1287,Core staff,4,3,1
5009879,0.0,0,F,N,Y,2,144000.0,Working,Secondary / secondary special,Married,Municipal apartment,-9839,-1835,Laborers,4,4,1
5009889,0.0,C,M,Y,Y,0,270000.0,Working,Secondary / secondary special,Single / not married,House / apartment,-13172,-1195,Managers,1,2,0
5009890,0.0,C,M,Y,Y,0,270000.0,Working,Secondary / secondary special,Single / not married,House / apartment,-13172,-1195,Managers,1,2,0
5009893,0.0,X,F,Y,N,1,157500.0,Working,Higher education,Married,House / apartment,-11992,-2351,Private service staff,3,0,1
5009897,0.0,0,F,Y,Y,2,90000.0,State servant,Higher education,Married,House / apartment,-11131,-405,Core staff,4,3,1
5009898,0.0,X,F,Y,Y,2,90000.0,State servant,Higher education,Married,House / apartment,-11131,-405,Core staff,4,3,1
5009900,0.0,C,M,Y,N,0,202500.0,Working,Secondary / secondary special,Married,House / apartment,-19120,-3661,Drivers,2,2,0
5009903,0.0,C,M,Y,N,0,202500.0,Working,Secondary / secondary special,Married,House / apartment,-19120,-3661,Drivers,2,2,0
5009906,0.0,C,M,Y,N,0,202500.0,Working,Secondary / secondary special,Married,House / apartment,-19120,-3661,Drivers,2,2,0
5009907,0.0,C,M,Y,N,0,202500.0,Working,Secondary / secondary special,Married,House / apartment,-19120,-3661,Drivers,2,2,0
5009908,0.0,1,M,Y,N,0,202500.0,Working,Secondary / secondary special,Married,House / apartment,-19120,-3661,Drivers,2,1,0
5009909,0.0,C,M,Y,N,0,202500.0,Working,Secondary / secondary special,Married,House / apartment,-19120,-3661,Drivers,2,2,0
5009910,0.0,C,M,Y,N,0,202500.0,Working,Secondary / secondary special,Married,House / apartment,-19120,-3661,Drivers,2,2,0
5009911,0.0,C,M,Y,N,0,202500.0,Working,Secondary / secondary special,Married,House / apartment,-19120,-3661,Drivers,2,2,0
5009915,0.0,C,F,N,Y,2,99000.0,Commercial associate,Higher education,Married,House / apartment,-12752,-433,Accountants,4,3,1
5009917,0.0,1,F,N,Y,2,99000.0,Commercial associate,Higher education,Married,House / apartment,-12752,-433,Accountants,4,1,0
5009918,0.0,C,F,N,Y,2,99000.0,Commercial associate,Higher education,Married,House / apartment,-12752,-433,Accountants,4,3,1
5009919,0.0,C,F,N,Y,2,99000.0,Commercial associate,Higher education,Married,House / apartment,-12752,-433,Accountants,4,3,1
5009922,0.0,0,M,Y,Y,0,360000.0,Working,Higher education,Married,House / apartment,-19958,-7465,Laborers,2,0,2
5009925,0.0,0,M,Y,Y,0,360000.0,Working,Higher education,Married,House / apartment,-19958,-7465,Laborers,2,0,2
5009927,0.0,0,M,Y,Y,0,360000.0,Working,Higher education,Married,House / apartment,-19958,-7465,Laborers,2,0,2
5009928,0.0,X,M,Y,Y,0,360000.0,Working,Higher education,Married,House / apartment,-19958,-7465,Laborers,2,0,2
5009929,0.0,C,M,Y,Y,0,360000.0,Working,Higher education,Married,House / apartment,-19958,-7465,Laborers,2,0,2
5009930,0.0,X,M,Y,Y,0,360000.0,Working,Higher education,Married,House / apartment,-19958,-7465,Laborers,2,0,2
5009931,0.0,0,M,Y,Y,0,360000.0,Working,Higher education,Married,House / apartment,-19958,-7465,Laborers,2,0,2
5009932,0.0,0,M,Y,Y,0,360000.0,Working,Higher education,Married,House / apartment,-19958,-7465,Laborers,2,0,2
5009934,0.0,0,F,N,Y,2,157500.0,Working,Secondary / secondary special,Married,House / apartment,-10710,-2351,Sales staff,4,4,1
5009935,0.0,0,F,N,Y,2,157500.0,Working,Secondary / secondary special,Married,House / apartment,-10710,-2351,Sales staff,4,4,1
5009938,0.0,X,F,N,Y,2,157500.0,Working,Secondary / secondary special,Married,House / apartment,-10710,-2351,Sales staff,4,4,1
5009940,0.0,C,F,N,Y,2,157500.0,Working,Secondary / secondary special,Married,House / apartment,-10710,-2351,Sales staff,4,2,1
5009946,0.0,C,F,Y,Y,2,90000.0,State servant,Secondary / secondary special,Married,House / apartment,-12690,-4451,Cooking staff,4,0,1
5009947,0.0,C,F,Y,Y,2,90000.0,State servant,Secondary / secondary special,Married,House / apartment,-12690,-4451,Cooking staff,4,0,1
5009949,0.0,0,F,Y,Y,2,90000.0,State servant,Secondary / secondary special,Married,House / apartment,-12690,-4451,Cooking staff,4,1,1
5009966,0.0,C,F,Y,Y,0,180000.0,State servant,Secondary / secondary special,Married,House / apartment,-20644,-3873,Medicine staff,2,0,0
5009967,0.0,C,F,Y,Y,0,180000.0,State servant,Secondary / secondary special,Married,House / apartment,-20644,-3873,Medicine staff,2,0,0
5009968,0.0,C,F,Y,Y,0,180000.0,State servant,Secondary / secondary special,Married,House / apartment,-20644,-3873,Medicine staff,2,0,0
5009969,0.0,C,F,Y,Y,0,180000.0,State servant,Secondary / secondary special,Married,House / apartment,-20644,-3873,Medicine staff,2,0,0
5009971,0.0,X,F,Y,Y,0,180000.0,State servant,Secondary / secondary special,Married,House / apartment,-20644,-3873,Medicine staff,2,1,0
5009980,0.0,C,F,Y,Y,0,180000.0,State servant,Secondary / secondary special,Married,House / apartment,-20644,-3873,Medicine staff,2,0,0
5009981,0.0,C,F,Y,Y,0,180000.0,State servant,Secondary / secondary special,Married,House / apartment,-20644,-3873,Medicine staff,2,0,0
5009983,0.0,0,F,Y,Y,0,180000.0,State servant,Secondary / secondary special,Married,House / apartment,-20644,-3873,Medicine staff,2,1,0
5009984,0.0,0,F,Y,Y,0,180000.0,State servant,Secondary / secondary special,Married,House / apartment,-20644,-3873,Medicine staff,2,1,0
5009985,0.0,C,F,Y,Y,0,180000.0,State servant,Secondary / secondary special,Married,House / apartment,-20644,-3873,Medicine staff,2,0,0
5009986,0.0,0,F,Y,Y,0,180000.0,State servant,Secondary / secondary special,Married,House / apartment,-20644,-3873,Medicine staff,2,1,0
5009991,0.0,X,M,Y,N,2,157500.0,Working,Secondary / secondary special,Married,Office apartment,-14749,-2382,Drivers,4,2,1
5009992,0.0,X,M,Y,N,2,157500.0,Working,Secondary / secondary special,Married,Office apartment,-14749,-2382,Drivers,4,2,1
5009993,0.0,X,F,N,Y,0,135000.0,Working,Incomplete higher,Married,House / apartment,-16839,-3692,Managers,2,1,0
5009997,0.0,C,M,Y,Y,1,360000.0,Commercial associate,Secondary / secondary special,Married,House / apartment,-13940,-617,Managers,3,0,2
5009998,0.0,C,M,Y,Y,1,360000.0,Commercial associate,Secondary / secondary special,Married,House / apartment,-13940,-617,Managers,3,0,2
5009999,0.0,C,F,Y,N,1,157500.0,Working,Secondary / secondary special,Married,House / apartment,-12330,-2809,Accountants,3,2,1
5010000,0.0,C,F,Y,N,1,157500.0,Working,Secondary / secondary special,Married,House / apartment,-12330,-2809,Accountants,3,2,1
5010001,0.0,C,F,N,Y,2,157500.0,State servant,Secondary / secondary special,Married,House / apartment,-12242,-2047,Core staff,4,1,1
5010002,0.0,C,F,N,Y,2,157500.0,State servant,Secondary / secondary special,Married,House / apartment,-12242,-2047,Core staff,4,1,1
5010003,0.0,C,F,N,Y,2,157500.0,State servant,Secondary / secondary special,Married,House / apartment,-12242,-2047,Core staff,4,1,1
5010004,0.0,C,F,N,Y,2,157500.0,State servant,Secondary / secondary special,Married,House / apartment,-12242,-2047,Core staff,4,1,1
5010009,0.0,C,F,N,Y,1,112500.0,State servant,Incomplete higher,Civil marriage,House / apartment,-10926,-3570,Secretaries,3,1,1
5010012,0.0,X,F,N,Y,1,112500.0,State servant,Incomplete higher,Civil marriage,House / apartment,-10926,-3570,Secretaries,3,1,1
5010023,0.0,0,F,N,Y,0,135000.0,Working,Secondary / secondary special,Married,House / apartment,-20782,-2321,Laborers,2,4,0
5010026,0.0,C,F,N,Y,0,135000.0,Working,Secondary / secondary special,Married,House / apartment,-20782,-2321,Laborers,2,2,0
5010028,0.0,C,F,N,Y,0,135000.0,Working,Secondary / secondary special,Married,House / apartment,-20782,-2321,Laborers,2,2,0
5010041,0.0,C,F,N,Y,0,67500.0,Working,Secondary / secondary special,Married,House / apartment,-21889,-8469,Core staff,2,2,0
5010044,0.0,C,F,N,Y,0,67500.0,Working,Secondary / secondary special,Married,House / apartment,-21889,-8469,Core staff,2,2,0
5010045,0.0,C,F,N,Y,0,67500.0,Working,Secondary / secondary special,Married,House / apartment,-21889,-8469,Core staff,2,2,0
5010046,0.0,C,F,N,Y,0,67500.0,Working,Secondary / secondary special,Married,House / apartment,-21889,-8469,Core staff,2,2,0
5010047,0.0,C,F,N,Y,0,67500.0,Working,Secondary / secondary special,Married,House / apartment,-21889,-8469,Core staff,2,2,0
5010052,0.0,C,F,N,Y,0,90000.0,Working,Secondary / secondary special,Married,House / apartment,-18474,-3021,Cleaning staff,2,2,0
5010053,0.0,1,F,N,Y,0,90000.0,Working,Secondary / secondary special,Married,House / apartment,-18474,-3021,Cleaning staff,2,1,0
5010055,0.0,C,F,N,Y,0,90000.0,Working,Secondary / secondary special,Married,House / apartment,-18474,-3021,Cleaning staff,2,2,0
5010057,0.0,C,M,Y,Y,0,112500.0,Working,Secondary / secondary special,Single / not married,House / apartment,-16975,-2504,Laborers,1,2,0
5010058,0.0,C,M,Y,Y,0,112500.0,Working,Secondary / secondary special,Single / not married,House / apartment,-16975,-2504,Laborers,1,2,0
5010068,0.0,X,F,N,Y,0,360000.0,Working,Secondary / secondary special,Widow,House / apartment,-18388,-7830,Core staff,1,4,2
5010070,0.0,X,F,N,Y,0,279000.0,State servant,Higher education,Single / not married,House / apartment,-11091,-617,Managers,1,3,0
5010072,0.0,0,F,N,Y,0,157500.0,Working,Secondary / secondary special,Married,House / apartment,-16757,-3508,Core staff,2,4,0
5010075,0.0,C,F,N,Y,0,157500.0,Working,Secondary / secondary special,Married,House / apartment,-16757,-3508,Core staff,2,2,0
5010076,0.0,0,F,N,Y,0,157500.0,Working,Secondary / secondary special,Married,House / apartment,-16757,-3508,Core staff,2,4,0
5010079,0.0,C,M,Y,N,2,157500.0,Working,Secondary / secondary special,Married,Municipal apartment,-12518,-1135,Cleaning staff,4,2,1
5010081,0.0,C,M,N,Y,0,135000.0,Working,Secondary / secondary special,Married,House / apartment,-20931,-191,Security staff,2,2,0
5010083,0.0,0,M,N,Y,0,135000.0,Working,Secondary / secondary special,Married,House / apartment,-20931,-191,Security staff,2,4,0
5010084,0.0,0,M,N,Y,0,135000.0,Working,Secondary / secondary special,Married,House / apartment,-20931,-191,Security staff,2,4,0
5010085,0.0,X,M,N,Y,0,135000.0,Working,Secondary / secondary special,Married,House / apartment,-20931,-191,Security staff,2,4,0
5010086,0.0,0,M,N,Y,0,135000.0,Working,Secondary / secondary special,Married,House / apartment,-20931,-191,Security staff,2,4,0
5010087,0.0,C,M,N,Y,0,135000.0,Working,Secondary / secondary special,Married,House / apartment,-20931,-191,Security staff,2,2,0
5010088,0.0,X,F,Y,Y,0,112500.0,Working,Incomplete higher,Single / not married,With parents,-8128,-951,Sales staff,1,1,0
5010092,0.0,C,F,N,N,0,225000.0,Commercial associate,Secondary / secondary special,Married,House / apartment,-10304,-1682,Laborers,2,1,0
5010094,0.0,0,F,N,N,0,225000.0,Commercial associate,Secondary / secondary special,Married,House / apartment,-10304,-1682,Laborers,2,1,0
5010099,0.0,C,F,Y,Y,2,306000.0,State servant,Higher education,Married,House / apartment,-13541,-3965,Core staff,4,0,1
5010101,0.0,C,F,Y,Y,2,306000.0,State servant,Higher education,Married,House / apartment,-13541,-3965,Core staff,4,0,1
5010102,0.0,X,F,Y,Y,2,306000.0,State servant,Higher education,Married,House / apartment,-13541,-3965,Core staff,4,3,1
5010117,0.0,C,F,N,Y,1,67500.0,State servant,Secondary / secondary special,Married,Municipal apartment,-15397,-1894,Core staff,3,1,1
5010119,0.0,C,M,Y,Y,0,315000.0,Working,Secondary / secondary special,Married,House / apartment,-14170,-921,Managers,2,2,2
5010121,0.0,0,M,Y,Y,0,315000.0,Working,Secondary / secondary special,Married,House / apartment,-14170,-921,Managers,2,2,2
5010122,0.0,C,M,Y,Y,0,315000.0,Working,Secondary / secondary special,Married,House / apartment,-14170,-921,Managers,2,2,2
5010126,0.0,C,F,N,Y,2,270000.0,Working,Secondary / secondary special,Married,House / apartment,-12927,-2078,Managers,4,2,1
5010127,0.0,C,F,N,Y,2,270000.0,Working,Secondary / secondary special,Married,House / apartment,-12927,-2078,Managers,4,2,1
5010129,0.0,C,F,N,Y,2,270000.0,Working,Secondary / secondary special,Married,House / apartment,-12927,-2078,Managers,4,2,1
5010133,0.0,C,F,N,Y,2,270000.0,Working,Secondary / secondary special,Married,House / apartment,-12927,-2078,Managers,4,2,1
5010135,0.0,C,F,N,Y,2,270000.0,Working,Secondary / secondary special,Married,House / apartment,-12927,-2078,Managers,4,2,1
5010137,0.0,C,F,N,Y,2,270000.0,Working,Secondary / secondary special,Married,House / apartment,-12927,-2078,Managers,4,2,1
5010152,0.0,C,F,Y,Y,1,157500.0,Working,Secondary / secondary special,Married,House / apartment,-12500,-5762,Managers,3,2,1
5010153,0.0,C,F,Y,Y,1,157500.0,Working,Secondary / secondary special,Married,House / apartment,-12500,-5762,Managers,3,2,1
5010154,0.0,C,F,Y,Y,1,157500.0,Working,Secondary / secondary special,Married,House / apartment,-12500,-5762,Managers,3,2,1
5090887,0.0,C,F,Y,Y,1,157500.0,Working,Secondary / secondary special,Married,House / apartment,-12500,-5762,Managers,3,2,1
5010160,0.0,C,M,Y,Y,0,252000.0,Working,Secondary / secondary special,Married,House / apartment,-22117,-1621,Security staff,2,2,0
5010162,0.0,0,M,Y,Y,0,252000.0,Working,Secondary / secondary special,Married,House / apartment,-22117,-1621,Security staff,2,2,0
5010163,0.0,C,M,Y,Y,0,252000.0,Working,Secondary / secondary special,Married,House / apartment,-22117,-1621,Security staff,2,2,0
5010164,0.0,C,M,Y,Y,0,252000.0,Working,Secondary / secondary special,Married,House / apartment,-22117,-1621,Security staff,2,2,0
5010165,0.0,1,F,N,Y,0,135000.0,State servant,Secondary / secondary special,Married,House / apartment,-18501,-1866,Medicine staff,2,1,0
5010166,0.0,0,F,N,Y,0,135000.0,State servant,Secondary / secondary special,Married,House / apartment,-18501,-1866,Medicine staff,2,1,0
5010170,0.0,C,F,N,Y,0,135000.0,State servant,Secondary / secondary special,Married,House / apartment,-18501,-1866,Medicine staff,2,1,0
5010174,0.0,0,M,N,Y,0,90000.0,Working,Secondary / secondary special,Married,House / apartment,-8824,-739,Laborers,2,4,0
5010182,0.0,C,M,N,N,1,247500.0,Working,Secondary / secondary special,Single / not married,House / apartment,-16797,-6583,Laborers,2,2,0
5010185,0.0,C,M,N,N,1,247500.0,Working,Secondary / secondary special,Single / not married,House / apartment,-16797,-6583,Laborers,2,2,0
5010186,0.0,C,M,N,N,1,247500.0,Working,Secondary / secondary special,Single / not married,House / apartment,-16797,-6583,Laborers,2,2,0
5010187,0.0,C,M,N,N,1,247500.0,Working,Secondary / secondary special,Single / not married,House / apartment,-16797,-6583,Laborers,2,2,0
5010190,0.0,0,F,N,Y,0,76500.0,Commercial associate,Secondary / secondary special,Married,House / apartment,-15602,-5061,Sales staff,2,1,0
5010195,0.0,C,M,N,Y,0,360000.0,Working,Secondary / secondary special,Married,House / apartment,-18104,-1317,Drivers,2,2,2
5010202,0.0,C,M,Y,Y,0,135000.0,Working,Lower secondary,Married,With parents,-9981,-1866,Laborers,2,2,0
5010204,0.0,0,M,Y,Y,0,135000.0,Working,Lower secondary,Married,With parents,-9981,-1866,Laborers,2,2,0
5010205,0.0,C,M,Y,Y,0,135000.0,Working,Lower secondary,Married,With parents,-9981,-1866,Laborers,2,2,0
5010206,0.0,C,M,Y,Y,0,135000.0,Working,Lower secondary,Married,With parents,-9981,-1866,Laborers,2,2,0
5010208,0.0,C,F,N,Y,0,135000.0,Commercial associate,Higher education,Married,House / apartment,-13764,-3996,Core staff,2,3,0
5010209,0.0,0,F,N,Y,0,135000.0,Commercial associate,Higher education,Married,House / apartment,-13764,-3996,Core staff,2,3,0
5010215,0.0,C,F,Y,Y,1,90000.0,State servant,Secondary / secondary special,Married,House / apartment,-17532,-8044,Medicine staff,3,0,1
5010218,0.0,C,F,Y,Y,1,90000.0,State servant,Secondary / secondary special,Married,House / apartment,-17532,-8044,Medicine staff,3,0,1
5010222,0.0,C,F,Y,Y,1,90000.0,State servant,Secondary / secondary special,Married,House / apartment,-17532,-8044,Medicine staff,3,0,1
5010223,0.0,C,F,Y,Y,1,90000.0,State servant,Secondary / secondary special,Married,House / apartment,-17532,-8044,Medicine staff,3,0,1
5010224,0.0,C,F,Y,Y,1,90000.0,State servant,Secondary / secondary special,Married,House / apartment,-17532,-8044,Medicine staff,3,0,1
5010225,0.0,0,F,Y,Y,1,90000.0,State servant,Secondary / secondary special,Married,House / apartment,-17532,-8044,Medicine staff,3,1,1
5010226,0.0,0,F,Y,Y,1,90000.0,State servant,Secondary / secondary special,Married,House / apartment,-17532,-8044,Medicine staff,3,1,1
5010227,0.0,C,F,Y,Y,1,90000.0,State servant,Secondary / secondary special,Married,House / apartment,-17532,-8044,Medicine staff,3,0,1
5010230,0.0,X,M,Y,Y,0,315000.0,Commercial associate,Incomplete higher,Married,House / apartment,-21572,-2170,Secretaries,2,0,2
5010231,0.0,C,M,Y,Y,0,315000.0,Commercial associate,Incomplete higher,Married,House / apartment,-21572,-2170,Secretaries,2,0,2
5010234,0.0,C,M,Y,Y,0,225000.0,Working,Secondary / secondary special,Married,House / apartment,-16507,-4331,Drivers,2,2,0
5010236,0.0,C,M,Y,Y,0,225000.0,Working,Secondary / secondary special,Married,House / apartment,-16507,-4331,Drivers,2,2,0
5010239,0.0,C,M,Y,Y,0,225000.0,Working,Secondary / secondary special,Married,House / apartment,-16507,-4331,Drivers,2,2,0
5010240,0.0,C,M,Y,Y,0,225000.0,Working,Secondary / secondary special,Married,House / apartment,-16507,-4331,Drivers,2,2,0
5010241,0.0,C,M,Y,Y,0,225000.0,Working,Secondary / secondary special,Married,House / apartment,-20145,-1043,Laborers,2,2,0
5010244,0.0,C,M,Y,Y,0,225000.0,Working,Secondary / secondary special,Married,House / apartment,-20145,-1043,Laborers,2,2,0
5010246,0.0,X,M,Y,Y,0,225000.0,Working,Secondary / secondary special,Married,House / apartment,-20145,-1043,Laborers,2,2,0
5010248,0.0,C,M,Y,Y,0,225000.0,Working,Secondary / secondary special,Married,House / apartment,-20145,-1043,Laborers,2,2,0
5010250,0.0,0,M,Y,Y,0,225000.0,Working,Secondary / secondary special,Married,House / apartment,-20145,-1043,Laborers,2,2,0
5010253,0.0,C,F,Y,Y,0,247500.0,State servant,Secondary / secondary special,Married,House / apartment,-19714,-8348,Managers,2,0,2
5090944,0.0,X,F,Y,Y,0,247500.0,State servant,Secondary / secondary special,Married,House / apartment,-19714,-8348,Managers,2,1,2
5010256,0.0,0,F,Y,Y,1,67500.0,Working,Secondary / secondary special,Civil marriage,House / apartment,-14686,-3600,Cooking staff,3,4,1
5010257,0.0,C,F,Y,Y,1,67500.0,Working,Secondary / secondary special,Civil marriage,House / apartment,-14686,-3600,Cooking staff,3,2,1
5010293,0.0,C,F,N,Y,0,99000.0,Working,Secondary / secondary special,Single / not married,House / apartment,-10016,-1164,Sales staff,1,4,0
5010294,0.0,0,F,N,Y,0,99000.0,Working,Secondary / secondary special,Single / not married,House / apartment,-10016,-1164,Sales staff,1,4,0
5010295,0.0,C,F,N,Y,0,99000.0,Working,Secondary / secondary special,Single / not married,House / apartment,-10016,-1164,Sales staff,1,4,0
5010296,0.0,C,F,N,Y,0,135000.0,Commercial associate,Secondary / secondary special,Married,House / apartment,-14918,-1866,Sales staff,2,1,0
5010297,0.0,0,F,N,Y,0,135000.0,Commercial associate,Secondary / secondary special,Married,House / apartment,-14918,-1866,Sales staff,2,1,0
5010298,0.0,0,F,N,Y,0,135000.0,Commercial associate,Secondary / secondary special,Married,House / apartment,-14918,-1866,Sales staff,2,1,0
5010299,0.0,0,F,N,Y,0,135000.0,Commercial associate,Secondary / secondary special,Married,House / apartment,-14918,-1866,Sales staff,2,1,0
5010309,0.0,0,F,Y,Y,1,112500.0,Commercial associate,Secondary / secondary special,Married,House / apartment,-15109,-1956,Core staff,3,1,1
5010310,0.0,0,F,Y,Y,1,112500.0,Commercial associate,Secondary / secondary special,Married,House / apartment,-15109,-1956,Core staff,3,1,1
5010311,0.0,X,F,Y,Y,1,112500.0,Commercial associate,Secondary / secondary special,Married,House / apartment,-15109,-1956,Core staff,3,1,1
5010313,0.0,C,F,Y,Y,1,112500.0,Commercial associate,Secondary / secondary special,Married,House / apartment,-15109,-1956,Core staff,3,0,1
5010318,0.0,0,M,N,N,0,135000.0,Commercial associate,Higher education,Married,House / apartment,-9493,-130,Cooking staff,2,3,0
5010319,0.0,C,M,N,N,0,135000.0,Commercial associate,Higher education,Married,House / apartment,-9493,-130,Cooking staff,2,3,0
5010320,0.0,C,M,N,N,0,135000.0,Commercial associate,Higher education,Married,House / apartment,-9493,-130,Cooking staff,2,3,0
5010346,0.0,C,F,N,Y,0,328500.0,Commercial associate,Secondary / secondary special,Married,House / apartment,-20023,-1894,Managers,2,1,2
5010348,0.0,X,F,N,N,0,126000.0,Working,Secondary / secondary special,Single / not married,With parents,-8209,-951,Sales staff,1,4,0
5010351,0.0,C,M,Y,N,1,180000.0,State servant,Incomplete higher,Married,With parents,-10591,-1195,Drivers,3,0,1
5010356,0.0,C,F,N,Y,0,310500.0,State servant,Higher education,Single / not married,House / apartment,-13141,-1317,Accountants,1,3,2
5010358,0.0,C,F,N,Y,0,126000.0,Commercial associate,Secondary / secondary special,Married,House / apartment,-14265,-7373,Laborers,2,1,0
5010359,0.0,0,F,N,Y,0,126000.0,Commercial associate,Secondary / secondary special,Married,House / apartment,-14265,-7373,Laborers,2,1,0
5010362,0.0,C,M,Y,N,0,90000.0,Commercial associate,Secondary / secondary special,Single / not married,House / apartment,-12383,-2017,Drivers,1,0,0
5010364,0.0,C,M,Y,N,0,90000.0,Commercial associate,Secondary / secondary special,Single / not married,House / apartment,-12383,-2017,Drivers,1,0,0
5010365,0.0,C,F,Y,Y,1,157500.0,Working,Higher education,Separated,House / apartment,-9800,-2109,Medicine staff,2,0,0
5010366,0.0,C,F,Y,Y,1,157500.0,Working,Higher education,Separated,House / apartment,-9800,-2109,Medicine staff,2,0,0
5010367,0.0,X,F,Y,Y,1,157500.0,Working,Higher education,Separated,House / apartment,-9800,-2109,Medicine staff,2,1,0
5010368,0.0,C,F,Y,Y,1,157500.0,Working,Higher education,Separated,House / apartment,-9800,-2109,Medicine staff,2,0,0
5010369,0.0,C,F,Y,Y,1,157500.0,Working,Higher education,Separated,House / apartment,-9800,-2109,Medicine staff,2,0,0
5010385,0.0,X,F,Y,Y,0,540000.0,Commercial associate,Higher education,Married,House / apartment,-13758,-2535,Managers,2,3,2
5010387,0.0,X,F,Y,Y,0,540000.0,Commercial associate,Higher education,Married,House / apartment,-13758,-2535,Managers,2,3,2
5010388,0.0,0,F,Y,Y,0,540000.0,Commercial associate,Higher education,Married,House / apartment,-13758,-2535,Managers,2,3,2
5010389,0.0,C,F,Y,Y,0,540000.0,Commercial associate,Higher education,Married,House / apartment,-13758,-2535,Managers,2,3,2
5010390,0.0,0,F,Y,Y,0,540000.0,Commercial associate,Higher education,Married,House / apartment,-13758,-2535,Managers,2,3,2
5010397,0.0,C,F,Y,Y,1,225000.0,Working,Higher education,Married,House / apartment,-14148,-1591,High skill tech staff,3,0,1
5010400,0.0,C,F,Y,Y,1,225000.0,Working,Higher education,Married,House / apartment,-14148,-1591,High skill tech staff,3,0,1
5010414,0.0,C,M,Y,N,1,270000.0,Working,Secondary / secondary special,Separated,House / apartment,-13425,-3143,Drivers,2,2,2
5010416,0.0,C,M,Y,N,1,270000.0,Working,Secondary / secondary special,Separated,House / apartment,-13425,-3143,Drivers,2,2,2
5010417,0.0,C,M,Y,N,1,270000.0,Working,Secondary / secondary special,Separated,House / apartment,-13425,-3143,Drivers,2,2,2
5010418,0.0,0,M,Y,N,1,270000.0,Working,Secondary / secondary special,Separated,House / apartment,-13425,-3143,Drivers,2,4,2
5010420,0.0,C,F,N,Y,0,67500.0,Working,Secondary / secondary special,Married,House / apartment,-15675,-283,Medicine staff,2,2,0
5010423,0.0,C,F,N,Y,0,67500.0,Working,Secondary / secondary special,Married,House / apartment,-15675,-283,Medicine staff,2,2,0
5010425,0.0,C,F,N,Y,0,67500.0,Working,Secondary / secondary special,Married,House / apartment,-15675,-283,Medicine staff,2,2,0
5010426,0.0,C,F,N,Y,0,67500.0,Working,Secondary / secondary special,Married,House / apartment,-15675,-283,Medicine staff,2,2,0
5010428,0.0,C,F,N,Y,0,67500.0,Working,Secondary / secondary special,Married,House / apartment,-15675,-283,Medicine staff,2,2,0
5010430,0.0,X,F,N,Y,0,67500.0,Working,Secondary / secondary special,Married,House / apartment,-15675,-283,Medicine staff,2,4,0
5010431,0.0,C,F,Y,N,1,180000.0,Working,Secondary / secondary special,Married,House / apartment,-11107,-130,Sales staff,3,2,1
5010432,0.0,C,F,Y,N,1,180000.0,Working,Secondary / secondary special,Married,House / apartment,-11107,-130,Sales staff,3,2,1
5010454,0.0,C,F,Y,Y,0,157500.0,Working,Secondary / secondary special,Married,House / apartment,-13247,-5823,Core staff,2,2,0
5010455,0.0,C,F,Y,Y,0,157500.0,Working,Secondary / secondary special,Married,House / apartment,-13247,-5823,Core staff,2,2,0
5010458,0.0,C,F,N,Y,0,171000.0,Student,Higher education,Married,House / apartment,-18756,-3904,Core staff,2,3,0
5010459,0.0,C,F,N,Y,0,171000.0,Student,Higher education,Married,House / apartment,-18756,-3904,Core staff,2,3,0
5010460,0.0,C,F,N,Y,0,171000.0,Student,Higher education,Married,House / apartment,-18756,-3904,Core staff,2,3,0
5010461,0.0,C,F,N,Y,0,171000.0,Student,Higher education,Married,House / apartment,-18756,-3904,Core staff,2,3,0
5010462,0.0,C,F,N,Y,0,171000.0,Student,Higher education,Married,House / apartment,-18756,-3904,Core staff,2,3,0
5010463,0.0,C,F,N,Y,0,171000.0,Student,Higher education,Married,House / apartment,-18756,-3904,Core staff,2,3,0
5010466,0.0,C,F,Y,Y,1,157500.0,Working,Secondary / secondary special,Married,House / apartment,-12622,-678,Sales staff,3,2,1
5010467,0.0,C,F,Y,Y,1,157500.0,Working,Secondary / secondary special,Married,House / apartment,-12622,-678,Sales staff,3,2,1
5010468,0.0,C,M,Y,Y,0,675000.0,State servant,Higher education,Married,House / apartment,-11912,-2200,High skill tech staff,2,0,2
5010470,0.0,0,M,Y,Y,0,675000.0,State servant,Higher education,Married,House / apartment,-11912,-2200,High skill tech staff,2,3,2
5010491,0.0,C,F,Y,N,2,270000.0,State servant,Higher education,Married,House / apartment,-13768,-4666,Secretaries,4,0,1
5010492,0.0,C,F,Y,N,2,270000.0,State servant,Higher education,Married,House / apartment,-13768,-4666,Secretaries,4,0,1
5010493,0.0,C,F,Y,N,2,270000.0,State servant,Higher education,Married,House / apartment,-13768,-4666,Secretaries,4,0,1
5010501,0.0,0,F,N,N,1,90000.0,Working,Secondary / secondary special,Separated,Rented apartment,-14210,-344,Sales staff,2,4,0
5010503,0.0,C,F,Y,Y,0,135000.0,Working,Secondary / secondary special,Single / not married,House / apartment,-17334,-2504,Sales staff,1,2,0
5010504,0.0,0,F,Y,Y,0,135000.0,Working,Secondary / secondary special,Single / not married,House / apartment,-17334,-2504,Sales staff,1,4,0
5010507,0.0,0,F,Y,Y,1,157500.0,Commercial associate,Secondary / secondary special,Married,House / apartment,-13830,-4239,Laborers,3,1,1
5010508,0.0,0,F,Y,Y,1,157500.0,Commercial associate,Secondary / secondary special,Married,House / apartment,-13830,-4239,Laborers,3,1,1
5010509,0.0,0,F,Y,Y,1,157500.0,Commercial associate,Secondary / secondary special,Married,House / apartment,-13830,-4239,Laborers,3,1,1
5010511,0.0,0,F,Y,Y,1,157500.0,Commercial associate,Secondary / secondary special,Married,House / apartment,-13830,-4239,Laborers,3,1,1
5010512,0.0,C,F,Y,Y,1,157500.0,Commercial associate,Secondary / secondary special,Married,House / apartment,-13830,-4239,Laborers,3,0,1
5010516,0.0,X,M,Y,Y,0,112500.0,Working,Secondary / secondary special,Married,House / apartment,-10053,-1652,Sales staff,2,2,0
5010520,0.0,X,M,Y,Y,1,450000.0,Working,Higher education,Married,Office apartment,-18476,-2625,Managers,3,0,2
5010522,0.0,C,M,Y,Y,1,450000.0,Working,Higher education,Married,Office apartment,-18476,-2625,Managers,3,0,2
5010523,0.0,0,M,Y,Y,1,450000.0,Working,Higher education,Married,Office apartment,-18476,-2625,Managers,3,0,2
5010525,0.0,X,M,Y,Y,1,450000.0,Working,Higher education,Married,Office apartment,-18476,-2625,Managers,3,0,2
5010528,0.0,C,M,Y,Y,1,450000.0,Working,Higher education,Married,Office apartment,-18476,-2625,Managers,3,0,2
5010534,0.0,0,M,Y,Y,0,90000.0,Working,Secondary / secondary special,Married,House / apartment,-21180,-1440,Security staff,2,2,0
5010535,0.0,C,F,Y,N,2,135000.0,Working,Secondary / secondary special,Married,House / apartment,-13928,-3052,Laborers,4,2,1
5010539,0.0,X,F,Y,N,2,135000.0,Working,Secondary / secondary special,Married,House / apartment,-13928,-3052,Laborers,4,2,1
5010540,0.0,0,F,Y,N,2,135000.0,Working,Secondary / secondary special,Married,House / apartment,-13928,-3052,Laborers,4,4,1
5010541,0.0,C,F,Y,N,2,135000.0,Working,Secondary / secondary special,Married,House / apartment,-13928,-3052,Laborers,4,2,1
5010545,0.0,X,F,Y,Y,0,315000.0,Commercial associate,Secondary / secondary special,Separated,House / apartment,-18184,-3021,Laborers,1,1,2
5010546,0.0,X,F,Y,Y,0,315000.0,Commercial associate,Secondary / secondary special,Separated,House / apartment,-18184,-3021,Laborers,1,1,2
5010547,0.0,0,F,Y,Y,0,315000.0,Commercial associate,Secondary / secondary special,Separated,House / apartment,-18184,-3021,Laborers,1,1,2
5010549,0.0,X,F,Y,Y,0,315000.0,Commercial associate,Secondary / secondary special,Separated,House / apartment,-18184,-3021,Laborers,1,1,2
5010551,0.0,X,F,Y,Y,0,315000.0,Commercial associate,Secondary / secondary special,Separated,House / apartment,-18184,-3021,Laborers,1,1,2
5010553,0.0,0,F,Y,Y,0,315000.0,Commercial associate,Secondary / secondary special,Separated,House / apartment,-18184,-3021,Laborers,1,1,2
5010556,0.0,C,M,Y,Y,0,135000.0,Commercial associate,Secondary / secondary special,Married,House / apartment,-15774,-2901,High skill tech staff,2,0,0
5010557,0.0,C,M,Y,Y,0,135000.0,Commercial associate,Secondary / secondary special,Married,House / apartment,-15774,-2901,High skill tech staff,2,0,0
5010558,0.0,X,M,Y,Y,0,135000.0,Commercial associate,Secondary / secondary special,Married,House / apartment,-15774,-2901,High skill tech staff,2,1,0
5010559,0.0,C,M,Y,Y,0,135000.0,Commercial associate,Secondary / secondary special,Married,House / apartment,-15774,-2901,High skill tech staff,2,0,0
5010560,0.0,C,M,Y,Y,0,135000.0,Commercial associate,Secondary / secondary special,Married,House / apartment,-15774,-2901,High skill tech staff,2,0,0
5010567,0.0,C,F,Y,Y,0,121500.0,Working,Higher education,Married,House / apartment,-10145,-1682,Sales staff,2,0,0
5010568,0.0,0,F,Y,Y,0,121500.0,Working,Higher education,Married,House / apartment,-10145,-1682,Sales staff,2,1,0
5010570,0.0,C,F,Y,Y,0,121500.0,Working,Higher education,Married,House / apartment,-10145,-1682,Sales staff,2,0,0
5010573,0.0,C,F,Y,Y,0,121500.0,Working,Higher education,Married,House / apartment,-10145,-1682,Sales staff,2,0,0
5010574,0.0,0,M,Y,Y,1,247500.0,Working,Secondary / secondary special,Married,House / apartment,-11320,-1591,Drivers,3,2,1
5010578,0.0,X,M,Y,Y,1,247500.0,Working,Secondary / secondary special,Married,House / apartment,-11320,-1591,Drivers,3,2,1
5010579,0.0,C,M,Y,Y,1,247500.0,Working,Secondary / secondary special,Married,House / apartment,-11320,-1591,Drivers,3,2,1
5010583,0.0,0,F,N,N,1,72000.0,Commercial associate,Higher education,Married,House / apartment,-14173,-1925,Accountants,3,3,1
5010585,0.0,0,M,Y,N,0,135000.0,Working,Secondary / secondary special,Married,House / apartment,-20476,-525,Drivers,2,2,0
5010586,0.0,C,M,Y,Y,1,180000.0,Working,Secondary / secondary special,Married,House / apartment,-16809,-3327,Managers,3,2,1
5010587,0.0,C,M,Y,Y,1,180000.0,Working,Secondary / secondary special,Married,House / apartment,-16809,-3327,Managers,3,2,1
5010588,0.0,0,M,Y,Y,1,180000.0,Working,Secondary / secondary special,Married,House / apartment,-16809,-3327,Managers,3,2,1
5010589,0.0,0,M,Y,Y,1,180000.0,Working,Secondary / secondary special,Married,House / apartment,-16809,-3327,Managers,3,2,1
5010590,0.0,C,M,Y,Y,1,180000.0,Working,Secondary / secondary special,Married,House / apartment,-16809,-3327,Managers,3,2,1
5010598,0.0,0,F,N,Y,1,247500.0,Commercial associate,Incomplete higher,Married,House / apartment,-10916,-921,Accountants,3,1,1
5090697,0.0,C,F,N,Y,1,247500.0,Commercial associate,Incomplete higher,Married,House / apartment,-10916,-921,Accountants,3,3,1
5010599,0.0,0,F,N,Y,2,90000.0,Working,Higher education,Married,House / apartment,-11864,-4513,Drivers,4,1,1
5010600,0.0,0,F,N,Y,2,90000.0,Working,Higher education,Married,House / apartment,-11864,-4513,Drivers,4,1,1
5010601,0.0,0,F,N,Y,2,90000.0,Working,Higher education,Married,House / apartment,-11864,-4513,Drivers,4,1,1
5010602,0.0,C,F,N,Y,2,90000.0,Working,Higher education,Married,House / apartment,-11864,-4513,Drivers,4,0,1
5010604,0.0,C,F,N,Y,2,90000.0,Working,Higher education,Married,House / apartment,-11864,-4513,Drivers,4,0,1
5010613,0.0,C,F,N,Y,0,184500.0,Working,Secondary / secondary special,Married,House / apartment,-18551,-1226,Cleaning staff,2,2,0
5010615,0.0,C,F,N,Y,0,90000.0,Working,Secondary / secondary special,Civil marriage,House / apartment,-21183,-1104,Cleaning staff,2,4,0
5010616,0.0,C,F,N,Y,0,90000.0,Working,Secondary / secondary special,Civil marriage,House / apartment,-21183,-1104,Cleaning staff,2,4,0
5010617,0.0,C,F,N,Y,0,90000.0,Working,Secondary / secondary special,Civil marriage,House / apartment,-21183,-1104,Cleaning staff,2,4,0
5010633,0.0,C,F,Y,Y,0,180000.0,Working,Secondary / secondary special,Civil marriage,House / apartment,-12461,-678,Sales staff,2,2,0
5010635,0.0,C,F,Y,Y,0,180000.0,Working,Secondary / secondary special,Civil marriage,House / apartment,-12461,-678,Sales staff,2,2,0
5010636,0.0,C,F,Y,Y,0,180000.0,Working,Secondary / secondary special,Civil marriage,House / apartment,-12461,-678,Sales staff,2,2,0
5010637,0.0,0,F,Y,Y,0,180000.0,Working,Secondary / secondary special,Civil marriage,House / apartment,-12461,-678,Sales staff,2,4,0
5010638,0.0,0,F,Y,Y,0,180000.0,Working,Secondary / secondary special,Civil marriage,House / apartment,-12461,-678,Sales staff,2,4,0
5010639,0.0,X,F,Y,Y,0,180000.0,Working,Secondary / secondary special,Civil marriage,House / apartment,-12461,-678,Sales staff,2,4,0
5010640,0.0,C,F,Y,Y,0,180000.0,Working,Secondary / secondary special,Civil marriage,House / apartment,-12461,-678,Sales staff,2,2,0
5010641,0.0,C,F,Y,Y,0,180000.0,Working,Secondary / secondary special,Civil marriage,House / apartment,-12461,-678,Sales staff,2,2,0
5010647,0.0,C,M,N,N,1,112500.0,Working,Secondary / secondary special,Married,House / apartment,-8843,-495,Laborers,3,2,1
5010649,0.0,0,M,N,N,1,112500.0,Working,Secondary / secondary special,Married,House / apartment,-8843,-495,Laborers,3,4,1
5010650,0.0,X,M,N,N,1,112500.0,Working,Secondary / secondary special,Married,House / apartment,-8843,-495,Laborers,3,2,1
5010652,0.0,C,M,Y,N,0,180000.0,Working,Higher education,Single / not married,House / apartment,-11055,-1074,Laborers,1,0,0
5010653,0.0,0,M,Y,Y,2,270000.0,Working,Secondary / secondary special,Married,House / apartment,-13360,-4086,Laborers,4,2,1
5010657,0.0,X,M,Y,Y,2,270000.0,Working,Secondary / secondary special,Married,House / apartment,-13360,-4086,Laborers,4,2,1
5010658,0.0,X,M,Y,Y,2,270000.0,Working,Secondary / secondary special,Married,House / apartment,-13360,-4086,Laborers,4,2,1
5010662,0.0,X,M,Y,Y,2,270000.0,Working,Secondary / secondary special,Married,House / apartment,-13360,-4086,Laborers,4,2,1
5010664,0.0,C,M,Y,Y,2,270000.0,Working,Secondary / secondary special,Married,House / apartment,-13360,-4086,Laborers,4,2,1
5010666,0.0,C,M,Y,Y,0,180000.0,Working,Secondary / secondary special,Married,House / apartment,-17158,-2990,Sales staff,2,2,0
5010667,0.0,C,M,Y,Y,0,180000.0,Working,Secondary / secondary special,Married,House / apartment,-17158,-2990,Sales staff,2,2,0
5010669,0.0,C,M,Y,Y,0,180000.0,Working,Secondary / secondary special,Married,House / apartment,-17158,-2990,Sales staff,2,2,0
5010670,0.0,C,M,Y,Y,0,180000.0,Working,Secondary / secondary special,Married,House / apartment,-17158,-2990,Sales staff,2,2,0
5010671,0.0,C,M,Y,Y,0,180000.0,Working,Secondary / secondary special,Married,House / apartment,-17158,-2990,Sales staff,2,2,0
5010676,0.0,0,M,Y,Y,0,189000.0,Working,Secondary / secondary special,Married,House / apartment,-20815,-829,Security staff,2,2,0
5010679,0.0,X,M,Y,Y,0,292500.0,Working,Higher education,Married,House / apartment,-10297,-2231,Managers,2,0,2
5010681,0.0,0,M,Y,Y,0,292500.0,Working,Higher education,Married,House / apartment,-10297,-2231,Managers,2,0,2
5010682,0.0,C,M,Y,Y,0,292500.0,Working,Higher education,Married,House / apartment,-10297,-2231,Managers,2,0,2
5010683,0.0,C,M,Y,Y,0,292500.0,Working,Higher education,Married,House / apartment,-10297,-2231,Managers,2,0,2
5010685,0.0,C,M,Y,Y,0,292500.0,Working,Higher education,Married,House / apartment,-10297,-2231,Managers,2,0,2
5010689,0.0,C,M,Y,Y,0,99000.0,Working,Secondary / secondary special,Single / not married,House / apartment,-20659,-313,Laborers,1,2,0
5010690,0.0,0,M,Y,Y,0,99000.0,Working,Secondary / secondary special,Single / not married,House / apartment,-20659,-313,Laborers,1,4,0
5010697,0.0,C,F,Y,Y,2,292500.0,Commercial associate,Higher education,Married,House / apartment,-13958,-3021,Sales staff,4,3,1
5010699,0.0,X,F,Y,Y,2,292500.0,Commercial associate,Higher education,Married,House / apartment,-13958,-3021,Sales staff,4,3,1
5010700,0.0,0,F,Y,Y,2,292500.0,Commercial associate,Higher education,Married,House / apartment,-13958,-3021,Sales staff,4,3,1
5010701,0.0,X,F,Y,Y,2,292500.0,Commercial associate,Higher education,Married,House / apartment,-13958,-3021,Sales staff,4,3,1
5010702,0.0,C,F,Y,Y,2,292500.0,Commercial associate,Higher education,Married,House / apartment,-13958,-3021,Sales staff,4,3,1
5010707,0.0,X,M,Y,N,0,202500.0,Working,Secondary / secondary special,Married,House / apartment,-15862,-5061,Drivers,2,2,0
5010709,0.0,0,M,N,Y,2,180000.0,Working,Secondary / secondary special,Married,House / apartment,-13828,-6004,Laborers,4,4,1
5010710,0.0,C,M,N,Y,2,180000.0,Working,Secondary / secondary special,Married,House / apartment,-13828,-6004,Laborers,4,2,1
5010713,0.0,X,M,N,Y,2,180000.0,Working,Secondary / secondary special,Married,House / apartment,-13828,-6004,Laborers,4,2,1
5010717,0.0,0,F,N,Y,0,135000.0,Working,Secondary / secondary special,Married,House / apartment,-21396,-1013,High skill tech staff,2,4,0
5010724,0.0,C,F,N,Y,0,135000.0,Working,Secondary / secondary special,Married,House / apartment,-21396,-1013,High skill tech staff,2,2,0
5010726,0.0,C,F,N,Y,0,135000.0,Working,Secondary / secondary special,Married,House / apartment,-21396,-1013,High skill tech staff,2,2,0
5010727,0.0,X,F,N,Y,0,135000.0,Working,Secondary / secondary special,Married,House / apartment,-21396,-1013,High skill tech staff,2,4,0
5010728,0.0,0,F,N,Y,0,135000.0,Working,Secondary / secondary special,Married,House / apartment,-21396,-1013,High skill tech staff,2,4,0
5010729,0.0,0,F,N,Y,0,135000.0,Working,Secondary / secondary special,Married,House / apartment,-21396,-1013,High skill tech staff,2,4,0
5010730,0.0,C,F,N,Y,0,135000.0,Working,Secondary / secondary special,Married,House / apartment,-21396,-1013,High skill tech staff,2,2,0
5010735,0.0,X,F,N,Y,0,157500.0,Working,Secondary / secondary special,Civil marriage,House / apartment,-11853,-5061,Waiters/barmen staff,2,4,0
5010741,0.0,C,F,N,Y,0,157500.0,Working,Secondary / secondary special,Civil marriage,House / apartment,-11853,-5061,Waiters/barmen staff,2,4,0
5010745,0.0,0,M,Y,Y,0,157500.0,Working,Secondary / secondary special,Married,House / apartment,-22014,-10236,Core staff,2,4,0
5010762,0.0,C,F,Y,Y,1,112500.0,Working,Higher education,Single / not married,House / apartment,-13896,-344,Cooking staff,2,0,0
5010764,0.0,C,M,N,Y,0,135000.0,Working,Secondary / secondary special,Single / not married,House / apartment,-11036,-4301,Laborers,1,2,0
5010766,0.0,X,M,N,Y,0,135000.0,Working,Secondary / secondary special,Single / not married,House / apartment,-11036,-4301,Laborers,1,4,0
5010768,0.0,X,M,N,Y,0,135000.0,Working,Secondary / secondary special,Single / not married,House / apartment,-11036,-4301,Laborers,1,4,0
5010773,0.0,0,F,N,Y,0,135000.0,Working,Higher education,Married,With parents,-14160,-4635,Sales staff,2,1,0
5010774,0.0,0,F,N,Y,0,135000.0,Working,Higher education,Married,With parents,-14160,-4635,Sales staff,2,1,0
5010779,0.0,X,F,Y,Y,1,157500.0,Commercial associate,Higher education,Married,House / apartment,-14474,-2259,Core staff,3,3,1
5010781,0.0,C,F,Y,Y,1,157500.0,Commercial associate,Higher education,Married,House / apartment,-14474,-2259,Core staff,3,3,1
5010782,0.0,C,F,Y,Y,1,157500.0,Commercial associate,Higher education,Married,House / apartment,-14474,-2259,Core staff,3,3,1
5010786,0.0,C,M,N,N,0,337500.0,Working,Higher education,Married,House / apartment,-17004,-4574,Managers,2,0,2
5010787,0.0,C,M,N,N,0,337500.0,Working,Higher education,Married,House / apartment,-17004,-4574,Managers,2,0,2
5010789,0.0,C,F,N,Y,1,99000.0,Working,Secondary / secondary special,Married,Municipal apartment,-11039,-2809,Laborers,3,2,1
5010790,0.0,C,F,N,Y,1,99000.0,Working,Secondary / secondary special,Married,Municipal apartment,-11039,-2809,Laborers,3,2,1
5010793,0.0,C,F,N,Y,1,99000.0,Working,Secondary / secondary special,Married,Municipal apartment,-11039,-2809,Laborers,3,2,1
5010795,0.0,0,F,N,N,0,45000.0,State servant,Secondary / secondary special,Married,House / apartment,-13941,-5334,Medicine staff,2,1,0
5010796,0.0,0,F,N,N,0,45000.0,State servant,Secondary / secondary special,Married,House / apartment,-13941,-5334,Medicine staff,2,1,0
5010797,0.0,C,F,N,Y,0,270000.0,Working,Secondary / secondary special,Married,Municipal apartment,-15450,-770,Security staff,2,2,0
5010799,0.0,C,F,N,Y,0,270000.0,Working,Secondary / secondary special,Married,Municipal apartment,-15450,-770,Security staff,2,2,0
5010800,0.0,C,F,N,Y,0,270000.0,Working,Secondary / secondary special,Married,Municipal apartment,-15450,-770,Security staff,2,2,0
5010801,0.0,C,F,N,Y,0,270000.0,Working,Secondary / secondary special,Married,Municipal apartment,-15450,-770,Security staff,2,2,0
5010802,0.0,C,F,N,Y,0,270000.0,Working,Secondary / secondary special,Married,Municipal apartment,-15450,-770,Security staff,2,2,0
5010803,0.0,C,F,N,Y,0,270000.0,Working,Secondary / secondary special,Married,Municipal apartment,-15450,-770,Security staff,2,2,0
5010805,0.0,C,F,N,Y,1,135000.0,Working,Higher education,Married,House / apartment,-13833,-617,Accountants,3,0,1
5010806,0.0,X,F,N,Y,1,135000.0,Working,Higher education,Married,House / apartment,-13833,-617,Accountants,3,1,1
5010807,0.0,X,F,N,Y,1,135000.0,Working,Higher education,Married,House / apartment,-13833,-617,Accountants,3,1,1
5010808,0.0,X,F,N,Y,1,135000.0,Working,Higher education,Married,House / apartment,-13833,-617,Accountants,3,1,1
5010809,0.0,X,F,N,Y,1,135000.0,Working,Higher education,Married,House / apartment,-13833,-617,Accountants,3,1,1
5010810,0.0,X,F,N,Y,1,135000.0,Working,Higher education,Married,House / apartment,-13833,-617,Accountants,3,1,1
5010811,0.0,X,F,N,Y,1,135000.0,Working,Higher education,Married,House / apartment,-13833,-617,Accountants,3,1,1
5010815,0.0,X,F,N,Y,2,67500.0,Commercial associate,Secondary / secondary special,Married,House / apartment,-15140,-3174,Sales staff,4,1,1
5010817,0.0,C,F,N,Y,2,67500.0,Commercial associate,Secondary / secondary special,Married,House / apartment,-15140,-3174,Sales staff,4,1,1
5010819,0.0,C,F,Y,Y,0,270000.0,Working,Secondary / secondary special,Married,House / apartment,-13095,-1652,High skill tech staff,2,2,0
5010821,0.0,X,F,Y,Y,0,270000.0,Working,Secondary / secondary special,Married,House / apartment,-13095,-1652,High skill tech staff,2,4,0
5010822,0.0,C,F,Y,Y,0,270000.0,Working,Secondary / secondary special,Married,House / apartment,-13095,-1652,High skill tech staff,2,2,0
5010824,0.0,0,F,Y,Y,0,270000.0,Working,Secondary / secondary special,Married,House / apartment,-13095,-1652,High skill tech staff,2,4,0
5010827,0.0,X,F,Y,Y,0,270000.0,Working,Secondary / secondary special,Married,House / apartment,-13095,-1652,High skill tech staff,2,4,0
5010829,0.0,X,F,Y,Y,0,270000.0,Working,Secondary / secondary special,Married,House / apartment,-13095,-1652,High skill tech staff,2,4,0
5010830,0.0,C,F,Y,Y,0,270000.0,Working,Secondary / secondary special,Married,House / apartment,-13095,-1652,High skill tech staff,2,2,0
5010836,0.0,0,F,N,Y,0,90000.0,Commercial associate,Secondary / secondary special,Married,House / apartment,-18656,-2656,Laborers,2,1,0
5010837,0.0,C,F,N,Y,0,90000.0,Commercial associate,Secondary / secondary special,Married,House / apartment,-18656,-2656,Laborers,2,1,0
5010840,0.0,C,F,N,Y,1,180000.0,Working,Secondary / secondary special,Married,House / apartment,-11050,-921,Cleaning staff,3,2,1
5010843,0.0,X,F,Y,Y,0,157500.0,Working,Higher education,Married,House / apartment,-11822,-739,Sales staff,2,0,0
5010844,0.0,C,F,Y,Y,0,157500.0,Working,Higher education,Married,House / apartment,-11822,-739,Sales staff,2,0,0
5010847,0.0,0,F,Y,Y,0,157500.0,Working,Higher education,Married,House / apartment,-11822,-739,Sales staff,2,1,0
5010856,0.0,C,F,N,Y,0,157500.0,Commercial associate,Secondary / secondary special,Married,House / apartment,-16562,-1043,Security staff,2,1,0
5010857,0.0,C,F,N,Y,0,157500.0,Commercial associate,Secondary / secondary special,Married,House / apartment,-16562,-1043,Security staff,2,1,0
5010858,0.0,C,F,N,Y,0,157500.0,Commercial associate,Secondary / secondary special,Married,House / apartment,-16562,-1043,Security staff,2,1,0
5010859,0.0,0,F,N,Y,0,157500.0,Commercial associate,Secondary / secondary special,Married,House / apartment,-16562,-1043,Security staff,2,1,0
5010860,0.0,C,F,N,Y,0,157500.0,Commercial associate,Secondary / secondary special,Married,House / apartment,-16562,-1043,Security staff,2,1,0
5010862,0.0,C,M,Y,Y,1,450000.0,Commercial associate,Secondary / secondary special,Married,House / apartment,-18173,-678,Core staff,3,0,2
5010863,0.0,C,M,Y,Y,1,450000.0,Commercial associate,Secondary / secondary special,Married,House / apartment,-18173,-678,Core staff,3,0,2
5010864,0.0,C,M,Y,Y,1,450000.0,Commercial associate,Secondary / secondary special,Married,House / apartment,-18173,-678,Core staff,3,0,2
5010870,0.0,C,M,Y,Y,1,450000.0,Commercial associate,Secondary / secondary special,Married,House / apartment,-18173,-678,Core staff,3,0,2
5010883,0.0,0,F,N,Y,1,270000.0,Working,Secondary / secondary special,Married,House / apartment,-9910,-678,Managers,3,4,1
5010898,0.0,C,M,Y,Y,0,112500.0,Working,Secondary / secondary special,Married,House / apartment,-22720,-860,Low-skill Laborers,2,2,0
5010899,0.0,C,M,Y,Y,0,112500.0,Working,Secondary / secondary special,Married,House / apartment,-22720,-860,Low-skill Laborers,2,2,0
5010903,0.0,X,F,N,Y,1,360000.0,Working,Secondary / secondary special,Married,House / apartment,-10556,-1379,Managers,3,4,2
5010906,0.0,0,F,N,Y,1,360000.0,Working,Secondary / secondary special,Married,House / apartment,-10556,-1379,Managers,3,4,2
5010916,0.0,C,M,Y,Y,0,243000.0,Commercial associate,Secondary / secondary special,Married,House / apartment,-13533,-2535,Laborers,2,0,0
5010917,0.0,X,M,Y,Y,0,243000.0,Commercial associate,Secondary / secondary special,Married,House / apartment,-13533,-2535,Laborers,2,2,0
5010918,0.0,0,M,Y,Y,0,243000.0,Commercial associate,Secondary / secondary special,Married,House / apartment,-13533,-2535,Laborers,2,1,0
5010919,0.0,C,M,Y,Y,0,243000.0,Commercial associate,Secondary / secondary special,Married,House / apartment,-13533,-2535,Laborers,2,0,0
5010921,0.0,C,F,N,N,0,94500.0,Working,Secondary / secondary special,Widow,Rented apartment,-22265,-829,Sales staff,1,4,0
5010929,0.0,C,F,Y,Y,2,270000.0,Working,Secondary / secondary special,Civil marriage,House / apartment,-12745,-525,Core staff,4,2,1
5010930,0.0,X,F,Y,Y,2,270000.0,Working,Secondary / secondary special,Civil marriage,House / apartment,-12745,-525,Core staff,4,4,1
5010944,0.0,0,F,Y,Y,1,270000.0,Commercial associate,Secondary / secondary special,Married,House / apartment,-13768,-2565,Managers,3,1,1
5010948,0.0,0,F,Y,Y,1,270000.0,Commercial associate,Secondary / secondary special,Married,House / apartment,-13768,-2565,Managers,3,1,1
5010949,0.0,C,F,Y,Y,1,270000.0,Commercial associate,Secondary / secondary special,Married,House / apartment,-13768,-2565,Managers,3,0,1
5010953,0.0,C,M,Y,Y,0,337500.0,Commercial associate,Secondary / secondary special,Married,House / apartment,-14733,-1379,Sales staff,2,0,2
5010954,0.0,X,M,Y,Y,0,337500.0,Commercial associate,Secondary / secondary special,Married,House / apartment,-14733,-1379,Sales staff,2,1,2
5010956,0.0,C,M,Y,Y,0,337500.0,Commercial associate,Secondary / secondary special,Married,House / apartment,-14733,-1379,Sales staff,2,0,2
5010958,0.0,X,M,Y,Y,0,337500.0,Commercial associate,Secondary / secondary special,Married,House / apartment,-14733,-1379,Sales staff,2,1,2
5010959,0.0,C,M,Y,Y,0,337500.0,Commercial associate,Secondary / secondary special,Married,House / apartment,-14733,-1379,Sales staff,2,0,2
5010960,0.0,0,M,Y,Y,0,202500.0,Working,Secondary / secondary special,Married,House / apartment,-11505,-1043,Laborers,2,2,0
5010961,0.0,X,M,Y,Y,0,202500.0,Working,Secondary / secondary special,Married,House / apartment,-11505,-1043,Laborers,2,2,0
5010962,0.0,0,F,N,N,0,256500.0,Commercial associate,Higher education,Married,House / apartment,-11212,-2565,HR staff,2,3,0
5010964,0.0,0,F,N,N,0,256500.0,Commercial associate,Higher education,Married,House / apartment,-11212,-2565,HR staff,2,3,0
5010972,0.0,C,F,N,Y,1,135000.0,Commercial associate,Secondary / secondary special,Married,House / apartment,-13617,-2748,Waiters/barmen staff,3,1,1
5010977,0.0,0,F,N,Y,0,67500.0,Working,Secondary / secondary special,Separated,Municipal apartment,-13225,-829,Sales staff,1,4,0
5010978,0.0,X,F,N,Y,0,67500.0,Working,Secondary / secondary special,Separated,Municipal apartment,-13225,-829,Sales staff,1,4,0
5010980,0.0,C,M,Y,Y,0,225000.0,Commercial associate,Secondary / secondary special,Single / not married,House / apartment,-18045,-1805,Drivers,1,0,0
5090824,0.0,X,M,Y,Y,0,225000.0,Commercial associate,Secondary / secondary special,Single / not married,House / apartment,-18045,-1805,Drivers,1,1,0
5010981,0.0,X,M,Y,N,1,270000.0,Working,Incomplete higher,Married,House / apartment,-15053,-3386,Managers,3,0,1
5010982,0.0,X,M,Y,N,1,270000.0,Working,Incomplete higher,Married,House / apartment,-15053,-3386,Managers,3,0,1
5010986,0.0,0,F,N,Y,0,121500.0,Commercial associate,Higher education,Single / not married,Rented apartment,-11118,-3873,Sales staff,1,3,0
5010987,0.0,C,F,N,Y,0,121500.0,Commercial associate,Higher education,Single / not married,Rented apartment,-11118,-3873,Sales staff,1,3,0
5010989,0.0,C,F,N,Y,0,121500.0,Commercial associate,Higher education,Single / not married,Rented apartment,-11118,-3873,Sales staff,1,3,0
5010993,0.0,C,F,N,Y,0,90000.0,Working,Secondary / secondary special,Married,House / apartment,-20074,-221,Medicine staff,2,2,0
5010994,0.0,C,F,N,Y,0,90000.0,Working,Secondary / secondary special,Married,House / apartment,-20074,-221,Medicine staff,2,2,0
5010995,0.0,C,F,N,Y,0,90000.0,Working,Secondary / secondary special,Married,House / apartment,-20074,-221,Medicine staff,2,2,0
5010996,0.0,C,F,N,Y,0,90000.0,Working,Secondary / secondary special,Married,House / apartment,-20074,-221,Medicine staff,2,2,0
5010997,0.0,C,F,N,Y,0,90000.0,Working,Secondary / secondary special,Married,House / apartment,-20074,-221,Medicine staff,2,2,0
5010999,0.0,C,F,N,Y,0,90000.0,Working,Secondary / secondary special,Married,House / apartment,-20074,-221,Medicine staff,2,2,0
5011002,0.0,0,F,Y,Y,0,157500.0,Working,Secondary / secondary special,Married,House / apartment,-10737,-2078,Sales staff,2,4,0
5011005,0.0,0,F,Y,Y,0,157500.0,Working,Secondary / secondary special,Married,House / apartment,-10737,-2078,Sales staff,2,4,0
5011006,0.0,C,F,Y,Y,0,157500.0,Working,Secondary / secondary special,Married,House / apartment,-10737,-2078,Sales staff,2,2,0
5011008,0.0,C,F,Y,Y,0,157500.0,Working,Secondary / secondary special,Married,House / apartment,-10737,-2078,Sales staff,2,2,0
5011009,0.0,C,F,Y,Y,0,157500.0,Working,Secondary / secondary special,Married,House / apartment,-10737,-2078,Sales staff,2,2,0
5011010,0.0,0,F,Y,Y,0,157500.0,Working,Secondary / secondary special,Married,House / apartment,-10737,-2078,Sales staff,2,4,0
5011011,0.0,C,F,Y,Y,0,135000.0,Working,Secondary / secondary special,Married,House / apartment,-12021,-130,Sales staff,2,2,0
5011022,0.0,X,M,Y,Y,2,99000.0,State servant,Secondary / secondary special,Married,With parents,-16558,-3235,Drivers,4,2,1
5011023,0.0,C,M,Y,Y,2,99000.0,State servant,Secondary / secondary special,Married,With parents,-16558,-3235,Drivers,4,0,1
5011024,0.0,C,M,Y,Y,2,99000.0,State servant,Secondary / secondary special,Married,With parents,-16558,-3235,Drivers,4,0,1
5011026,0.0,C,M,Y,Y,2,99000.0,State servant,Secondary / secondary special,Married,With parents,-16558,-3235,Drivers,4,0,1
5011027,0.0,C,M,Y,Y,2,99000.0,State servant,Secondary / secondary special,Married,With parents,-16558,-3235,Drivers,4,0,1
5011028,0.0,C,F,N,Y,0,292500.0,Working,Secondary / secondary special,Civil marriage,House / apartment,-16588,-1013,Sales staff,2,4,0
5011029,0.0,C,F,N,Y,0,292500.0,Working,Secondary / secondary special,Civil marriage,House / apartment,-16588,-1013,Sales staff,2,4,0
5018417,0.0,X,M,Y,Y,2,697500.0,Commercial associate,Higher education,Separated,House / apartment,-14184,-5295,Sales staff,3,3,2
5018418,0.0,X,M,Y,Y,2,697500.0,Commercial associate,Higher education,Separated,House / apartment,-14184,-5295,Sales staff,3,3,2
5018420,0.0,C,F,N,Y,0,135000.0,Commercial associate,Secondary / secondary special,Married,House / apartment,-18414,-5203,Sales staff,2,1,0
5018421,0.0,C,F,N,Y,0,135000.0,Commercial associate,Secondary / secondary special,Married,House / apartment,-18414,-5203,Sales staff,2,1,0
5018422,0.0,0,F,N,Y,0,202500.0,Commercial associate,Secondary / secondary special,Married,Municipal apartment,-18817,-1094,Laborers,2,1,0
5018425,0.0,0,F,N,Y,0,202500.0,Commercial associate,Secondary / secondary special,Married,Municipal apartment,-18817,-1094,Laborers,2,1,0
5018426,0.0,0,F,N,Y,0,202500.0,Commercial associate,Secondary / secondary special,Married,Municipal apartment,-18817,-1094,Laborers,2,1,0
5018428,0.0,0,M,N,Y,0,135000.0,Working,Secondary / secondary special,Single / not married,House / apartment,-12626,-5295,Laborers,1,4,0
5018429,0.0,C,M,N,Y,0,135000.0,Working,Secondary / secondary special,Single / not married,House / apartment,-12626,-5295,Laborers,1,2,0
5018430,0.0,0,M,Y,Y,1,112500.0,Working,Secondary / secondary special,Married,House / apartment,-17067,-243,Drivers,3,2,1
5018431,0.0,C,M,Y,Y,1,112500.0,Working,Secondary / secondary special,Married,House / apartment,-17067,-243,Drivers,3,2,1
5018432,0.0,C,M,Y,Y,1,112500.0,Working,Secondary / secondary special,Married,House / apartment,-17067,-243,Drivers,3,2,1
5018439,0.0,X,F,N,Y,0,202500.0,Working,Secondary / secondary special,Widow,House / apartment,-20227,-5416,Core staff,1,4,0
5018440,0.0,X,F,N,Y,0,202500.0,Working,Secondary / secondary special,Widow,House / apartment,-20227,-5416,Core staff,1,4,0
5018442,0.0,X,F,N,Y,0,202500.0,Working,Secondary / secondary special,Widow,House / apartment,-20227,-5416,Core staff,1,4,0
5018444,0.0,0,F,N,Y,1,675000.0,Commercial associate,Higher education,Married,House / apartment,-15843,-1398,Sales staff,3,3,2
5018445,0.0,0,F,N,Y,1,675000.0,Commercial associate,Higher education,Married,House / apartment,-15843,-1398,Sales staff,3,3,2
5018446,0.0,C,F,N,Y,1,675000.0,Commercial associate,Higher education,Married,House / apartment,-15843,-1398,Sales staff,3,3,2
5018448,0.0,C,F,N,Y,1,675000.0,Commercial associate,Higher education,Married,House / apartment,-15843,-1398,Sales staff,3,3,2
5018451,0.0,C,F,N,Y,1,675000.0,Commercial associate,Higher education,Married,House / apartment,-15843,-1398,Sales staff,3,3,2
5018452,0.0,C,F,N,Y,1,675000.0,Commercial associate,Higher education,Married,House / apartment,-15843,-1398,Sales staff,3,3,2
5018480,0.0,C,M,N,Y,1,112500.0,Commercial associate,Secondary / secondary special,Married,House / apartment,-17935,-363,Laborers,3,2,1
5018492,0.0,0,M,Y,Y,1,675000.0,Working,Higher education,Married,House / apartment,-16338,-4654,Managers,3,0,2
5018493,0.0,0,M,Y,Y,1,675000.0,Working,Higher education,Married,House / apartment,-16338,-4654,Managers,3,0,2
5018498,0.0,C,F,Y,Y,0,90000.0,Working,Secondary / secondary special,Married,House / apartment,-18950,-1002,Cooking staff,2,2,0
5018501,0.0,C,F,Y,Y,0,90000.0,Working,Secondary / secondary special,Married,House / apartment,-18950,-1002,Cooking staff,2,2,0
5018502,0.0,0,F,Y,Y,0,90000.0,Working,Secondary / secondary special,Married,House / apartment,-18950,-1002,Cooking staff,2,4,0
5018503,0.0,C,F,Y,Y,0,90000.0,Working,Secondary / secondary special,Married,House / apartment,-18950,-1002,Cooking staff,2,2,0
5021188,0.0,0,F,N,N,0,180000.0,Commercial associate,Secondary / secondary special,Single / not married,House / apartment,-10141,-2531,Cooking staff,1,1,0
5021189,0.0,C,F,N,N,0,180000.0,Commercial associate,Secondary / secondary special,Single / not married,House / apartment,-10141,-2531,Cooking staff,1,1,0
5021190,0.0,C,F,N,N,0,180000.0,Commercial associate,Secondary / secondary special,Single / not married,House / apartment,-10141,-2531,Cooking staff,1,1,0
5021193,0.0,X,F,N,N,0,225000.0,Working,Higher education,Separated,House / apartment,-12904,-4297,Laborers,1,1,0
5021194,0.0,C,F,N,N,0,225000.0,Working,Higher education,Separated,House / apartment,-12904,-4297,Laborers,1,0,0
5021195,0.0,C,F,N,N,0,225000.0,Working,Higher education,Separated,House / apartment,-12904,-4297,Laborers,1,0,0
5021210,0.0,0,M,Y,Y,1,225000.0,Working,Secondary / secondary special,Married,House / apartment,-13621,-1127,Drivers,3,2,1
5021211,0.0,C,M,Y,Y,1,225000.0,Working,Secondary / secondary special,Married,House / apartment,-13621,-1127,Drivers,3,2,1
5021212,0.0,X,M,Y,Y,1,225000.0,State servant,Higher education,Married,House / apartment,-12763,-2255,Core staff,3,3,1
5021213,0.0,X,M,Y,Y,1,225000.0,State servant,Higher education,Married,House / apartment,-12763,-2255,Core staff,3,3,1
5021214,0.0,X,M,Y,Y,1,225000.0,State servant,Higher education,Married,House / apartment,-12763,-2255,Core staff,3,3,1
5021217,0.0,X,M,Y,Y,1,225000.0,State servant,Higher education,Married,House / apartment,-12763,-2255,Core staff,3,3,1
5021218,0.0,C,M,Y,Y,1,225000.0,State servant,Higher education,Married,House / apartment,-12763,-2255,Core staff,3,0,1
5090155,0.0,C,M,Y,Y,1,225000.0,State servant,Higher education,Married,House / apartment,-12763,-2255,Core staff,3,0,1
5021219,0.0,C,M,Y,N,0,310500.0,Working,Higher education,Single / not married,House / apartment,-9930,-674,Laborers,1,0,2
5021220,0.0,C,M,Y,N,0,310500.0,Working,Higher education,Single / not married,House / apartment,-9930,-674,Laborers,1,0,2
5021221,0.0,C,M,Y,N,0,310500.0,Working,Higher education,Single / not married,House / apartment,-9930,-674,Laborers,1,0,2
5021222,0.0,C,M,Y,N,0,310500.0,Working,Higher education,Single / not married,House / apartment,-9930,-674,Laborers,1,0,2
5021224,0.0,1,M,Y,N,0,310500.0,Working,Higher education,Single / not married,House / apartment,-9930,-674,Laborers,1,1,0
5021226,0.0,X,M,Y,N,0,310500.0,Working,Higher education,Single / not married,House / apartment,-9930,-674,Laborers,1,0,2
5113048,0.0,C,M,Y,N,0,310500.0,Working,Higher education,Single / not married,House / apartment,-9930,-674,Laborers,1,0,2
5021229,0.0,0,F,N,Y,2,112500.0,Working,Higher education,Civil marriage,House / apartment,-10881,-122,Sales staff,4,1,1
5021232,0.0,C,F,N,Y,1,225000.0,Working,Higher education,Civil marriage,House / apartment,-10604,-2374,Sales staff,3,0,1
5021235,0.0,0,F,N,Y,1,67500.0,Commercial associate,Higher education,Married,House / apartment,-12450,-1466,Laborers,3,3,1
5021236,0.0,0,F,N,Y,1,67500.0,Commercial associate,Higher education,Married,House / apartment,-12450,-1466,Laborers,3,3,1
5021253,0.0,C,F,N,Y,0,157500.0,Working,Secondary / secondary special,Married,House / apartment,-18456,-6791,Managers,2,2,0
5021261,0.0,0,F,N,Y,0,157500.0,Working,Secondary / secondary special,Married,House / apartment,-18456,-6791,Managers,2,4,0
5113049,0.0,C,F,N,Y,0,157500.0,Working,Secondary / secondary special,Married,House / apartment,-18456,-6791,Managers,2,2,0
5021263,0.0,0,F,N,N,0,135000.0,Working,Secondary / secondary special,Single / not married,House / apartment,-19121,-735,Sales staff,1,4,0
5021264,0.0,C,F,N,N,0,135000.0,Working,Incomplete higher,Single / not married,Rented apartment,-11448,-1982,Accountants,1,1,0
5021266,0.0,X,F,Y,Y,1,270000.0,Working,Secondary / secondary special,Married,House / apartment,-14512,-4596,Laborers,3,2,1
5021267,0.0,C,F,Y,Y,1,270000.0,Working,Secondary / secondary special,Married,House / apartment,-14512,-4596,Laborers,3,2,1
5021270,0.0,0,F,Y,Y,1,270000.0,Working,Secondary / secondary special,Married,House / apartment,-14512,-4596,Laborers,3,4,1
5021271,0.0,C,F,Y,Y,1,270000.0,Working,Secondary / secondary special,Married,House / apartment,-14512,-4596,Laborers,3,2,1
5021272,0.0,C,F,Y,Y,1,270000.0,Working,Secondary / secondary special,Married,House / apartment,-14512,-4596,Laborers,3,2,1
5021283,0.0,C,F,N,Y,1,157500.0,Working,Secondary / secondary special,Married,House / apartment,-15594,-705,Cooking staff,3,2,1
5021291,0.0,0,F,Y,Y,1,180000.0,Commercial associate,Higher education,Married,House / apartment,-11901,-183,Core staff,3,3,1
5021292,0.0,C,F,Y,Y,1,180000.0,Commercial associate,Higher education,Married,House / apartment,-11901,-183,Core staff,3,3,1
5021296,0.0,0,F,Y,Y,1,180000.0,Commercial associate,Higher education,Married,House / apartment,-11901,-183,Core staff,3,3,1
5021298,0.0,X,F,N,Y,0,90000.0,Working,Higher education,Single / not married,House / apartment,-15329,-1371,Core staff,1,1,0
5021299,0.0,X,F,N,Y,0,90000.0,Working,Higher education,Single / not married,House / apartment,-15329,-1371,Core staff,1,1,0
5021301,0.0,X,F,N,Y,0,90000.0,Working,Higher education,Single / not married,House / apartment,-15329,-1371,Core staff,1,1,0
5021305,0.0,X,M,N,Y,0,270000.0,Working,Secondary / secondary special,Married,House / apartment,-16896,-248,Laborers,2,2,0
5021306,0.0,X,M,N,Y,0,270000.0,Working,Secondary / secondary special,Married,House / apartment,-16896,-248,Laborers,2,2,0
5021307,0.0,C,M,N,Y,0,270000.0,Working,Secondary / secondary special,Married,House / apartment,-16896,-248,Laborers,2,2,0
5021308,0.0,0,M,N,Y,0,270000.0,Working,Secondary / secondary special,Married,House / apartment,-16896,-248,Laborers,2,4,0
5021309,0.0,0,M,N,Y,0,270000.0,Working,Secondary / secondary special,Married,House / apartment,-16896,-248,Laborers,2,4,0
5021312,0.0,X,M,N,Y,0,270000.0,Working,Secondary / secondary special,Married,House / apartment,-16896,-248,Laborers,2,2,0
5021315,0.0,C,M,N,Y,0,270000.0,Working,Secondary / secondary special,Married,House / apartment,-16896,-248,Laborers,2,2,0
5021316,0.0,X,M,N,Y,0,270000.0,Working,Secondary / secondary special,Married,House / apartment,-16896,-248,Laborers,2,2,0
5021317,0.0,0,M,N,Y,0,270000.0,Working,Secondary / secondary special,Married,House / apartment,-16896,-248,Laborers,2,4,0
5021318,0.0,0,M,N,Y,0,270000.0,Working,Secondary / secondary special,Married,House / apartment,-16896,-248,Laborers,2,4,0
5021319,0.0,X,M,N,Y,0,270000.0,Working,Secondary / secondary special,Married,House / apartment,-16896,-248,Laborers,2,2,0
5021320,0.0,0,M,N,Y,0,270000.0,Working,Secondary / secondary special,Married,House / apartment,-16896,-248,Laborers,2,4,0
5021321,0.0,0,M,N,Y,0,270000.0,Working,Secondary / secondary special,Married,House / apartment,-16896,-248,Laborers,2,4,0
5021323,0.0,C,M,N,Y,0,270000.0,Working,Secondary / secondary special,Married,House / apartment,-16896,-248,Laborers,2,2,0
5021324,0.0,C,M,N,Y,0,270000.0,Working,Secondary / secondary special,Married,House / apartment,-16896,-248,Laborers,2,2,0
5113087,0.0,X,M,N,Y,0,270000.0,Working,Secondary / secondary special,Married,House / apartment,-16896,-248,Laborers,2,2,0
5021330,0.0,C,F,N,Y,0,90000.0,State servant,Higher education,Married,House / apartment,-17767,-3804,Cooking staff,2,3,0
5021332,0.0,0,F,N,Y,0,90000.0,State servant,Higher education,Married,House / apartment,-17767,-3804,Cooking staff,2,3,0
5021336,0.0,0,F,N,Y,0,90000.0,State servant,Higher education,Married,House / apartment,-17767,-3804,Cooking staff,2,3,0
5021337,0.0,0,F,N,Y,0,90000.0,State servant,Higher education,Married,House / apartment,-17767,-3804,Cooking staff,2,3,0
5021338,0.0,C,F,N,Y,0,90000.0,State servant,Higher education,Married,House / apartment,-17767,-3804,Cooking staff,2,3,0
5021344,0.0,0,M,N,Y,0,112500.0,Working,Secondary / secondary special,Civil marriage,House / apartment,-14940,-1644,Laborers,2,4,0
5021346,0.0,0,F,Y,Y,0,315000.0,Working,Secondary / secondary special,Civil marriage,House / apartment,-14172,-2131,Sales staff,2,4,2
5021350,0.0,0,M,Y,N,0,225000.0,Working,Secondary / secondary special,Married,House / apartment,-19972,-6610,Laborers,2,2,0
5021353,0.0,C,M,Y,N,0,225000.0,Working,Secondary / secondary special,Married,House / apartment,-19972,-6610,Laborers,2,2,0
5021360,0.0,C,M,Y,N,0,225000.0,Working,Secondary / secondary special,Married,House / apartment,-19972,-6610,Laborers,2,2,0
5021361,0.0,C,M,Y,N,0,225000.0,Working,Secondary / secondary special,Married,House / apartment,-19972,-6610,Laborers,2,2,0
5021362,0.0,1,M,Y,N,0,225000.0,Working,Secondary / secondary special,Married,House / apartment,-19972,-6610,Laborers,2,1,0
5113104,0.0,C,M,Y,N,0,225000.0,Working,Secondary / secondary special,Married,House / apartment,-19972,-6610,Laborers,2,2,0
5113105,0.0,C,M,Y,N,0,225000.0,Working,Secondary / secondary special,Married,House / apartment,-19972,-6610,Laborers,2,2,0
5113106,0.0,C,M,Y,N,0,225000.0,Working,Secondary / secondary special,Married,House / apartment,-19972,-6610,Laborers,2,2,0
5021354,0.0,0,F,N,Y,2,67500.0,State servant,Incomplete higher,Married,With parents,-13259,-213,Core staff,4,1,1
5021355,0.0,C,F,N,Y,2,67500.0,State servant,Incomplete higher,Married,With parents,-13259,-213,Core staff,4,3,1
5021358,0.0,X,F,N,Y,2,67500.0,State servant,Incomplete higher,Married,With parents,-13259,-213,Core staff,4,1,1
5021365,0.0,C,M,N,Y,0,270000.0,Commercial associate,Secondary / secondary special,Married,House / apartment,-18454,-7518,Drivers,2,0,2
5021366,0.0,C,M,N,Y,0,270000.0,Commercial associate,Secondary / secondary special,Married,House / apartment,-18454,-7518,Drivers,2,0,2
5021367,0.0,C,M,N,Y,0,270000.0,Commercial associate,Secondary / secondary special,Married,House / apartment,-18454,-7518,Drivers,2,0,2
5021368,0.0,C,M,N,Y,0,270000.0,Commercial associate,Secondary / secondary special,Married,House / apartment,-18454,-7518,Drivers,2,0,2
5021371,0.0,1,F,N,Y,0,247500.0,Working,Higher education,Married,House / apartment,-22100,-578,Managers,2,1,0
5021378,0.0,C,F,N,Y,0,247500.0,Working,Higher education,Married,House / apartment,-22100,-578,Managers,2,0,0
5021379,0.0,0,F,N,Y,0,247500.0,Working,Higher education,Married,House / apartment,-22100,-578,Managers,2,1,0
5021380,0.0,C,F,N,Y,0,247500.0,Working,Higher education,Married,House / apartment,-22100,-578,Managers,2,0,0
5021410,0.0,C,F,N,Y,0,270000.0,Working,Secondary / secondary special,Married,House / apartment,-20066,-3988,Private service staff,2,2,0
5021413,0.0,C,F,N,Y,0,270000.0,Working,Secondary / secondary special,Married,House / apartment,-20066,-3988,Private service staff,2,2,0
5021414,0.0,X,F,N,Y,0,270000.0,Working,Secondary / secondary special,Married,House / apartment,-20066,-3988,Private service staff,2,4,0
5021415,0.0,X,F,N,Y,0,270000.0,Working,Secondary / secondary special,Married,House / apartment,-20066,-3988,Private service staff,2,4,0
5021416,0.0,C,F,N,Y,0,270000.0,Working,Secondary / secondary special,Married,House / apartment,-20066,-3988,Private service staff,2,2,0
5021419,0.0,C,F,N,Y,0,270000.0,Working,Secondary / secondary special,Married,House / apartment,-20066,-3988,Private service staff,2,2,0
5021420,0.0,C,F,N,Y,0,270000.0,Working,Secondary / secondary special,Married,House / apartment,-20066,-3988,Private service staff,2,2,0
5021421,0.0,C,F,N,Y,0,270000.0,Working,Secondary / secondary special,Married,House / apartment,-20066,-3988,Private service staff,2,2,0
5021423,0.0,0,F,N,Y,0,270000.0,Working,Secondary / secondary special,Married,House / apartment,-20066,-3988,Private service staff,2,4,0
5021434,0.0,C,M,N,Y,1,270000.0,State servant,Secondary / secondary special,Married,House / apartment,-17110,-370,Laborers,3,2,1
5021435,0.0,C,M,N,Y,1,270000.0,State servant,Secondary / secondary special,Married,House / apartment,-17110,-370,Laborers,3,2,1
5113145,0.0,C,M,N,Y,1,270000.0,State servant,Secondary / secondary special,Married,House / apartment,-17110,-370,Laborers,3,2,1
5021437,0.0,0,M,N,Y,1,135000.0,Working,Secondary / secondary special,Married,House / apartment,-9547,-1340,Drivers,3,4,1
5021438,0.0,0,M,N,Y,1,135000.0,Working,Secondary / secondary special,Married,House / apartment,-9547,-1340,Drivers,3,4,1
5021440,0.0,0,M,N,Y,1,135000.0,Working,Secondary / secondary special,Married,House / apartment,-9547,-1340,Drivers,3,4,1
5021441,0.0,0,M,N,Y,1,135000.0,Working,Secondary / secondary special,Married,House / apartment,-9547,-1340,Drivers,3,4,1
5021444,0.0,0,F,N,Y,0,121500.0,Working,Secondary / secondary special,Married,With parents,-13315,-5204,Core staff,2,4,0
5021445,0.0,C,F,N,Y,0,121500.0,Working,Secondary / secondary special,Married,With parents,-13315,-5204,Core staff,2,2,0
5021446,0.0,0,F,N,Y,0,121500.0,Working,Secondary / secondary special,Married,With parents,-13315,-5204,Core staff,2,4,0
5021448,0.0,0,F,N,Y,0,196650.0,Commercial associate,Secondary / secondary special,Married,House / apartment,-21415,-2744,Cleaning staff,2,1,0
5021455,0.0,C,F,N,Y,0,81000.0,Working,Secondary / secondary special,Married,House / apartment,-19040,-1070,Sales staff,2,2,0
5021456,0.0,0,F,N,Y,0,81000.0,Working,Secondary / secondary special,Married,House / apartment,-19040,-1070,Sales staff,2,4,0
5021458,0.0,0,F,Y,N,1,225000.0,Working,Higher education,Civil marriage,House / apartment,-11501,-735,Core staff,3,1,1
5021459,0.0,X,F,Y,N,1,225000.0,Working,Higher education,Civil marriage,House / apartment,-11501,-735,Core staff,3,1,1
5021460,0.0,C,F,Y,N,1,225000.0,Working,Higher education,Civil marriage,House / apartment,-11501,-735,Core staff,3,0,1
5021461,0.0,X,F,Y,N,1,225000.0,Working,Higher education,Civil marriage,House / apartment,-11501,-735,Core staff,3,1,1
5021462,0.0,0,F,Y,N,1,225000.0,Working,Higher education,Civil marriage,House / apartment,-11501,-735,Core staff,3,1,1
5021463,0.0,C,F,Y,N,1,225000.0,Working,Higher education,Civil marriage,House / apartment,-11501,-735,Core staff,3,0,1
5021464,0.0,X,F,Y,Y,1,166500.0,Working,Higher education,Married,House / apartment,-11782,-705,Core staff,3,0,1
5021465,0.0,0,F,Y,Y,1,166500.0,Working,Higher education,Married,House / apartment,-11782,-705,Core staff,3,1,1
5021466,0.0,C,F,N,Y,0,90000.0,Commercial associate,Secondary / secondary special,Married,House / apartment,-8378,-370,Core staff,2,1,0
5021467,0.0,X,F,N,Y,0,90000.0,Commercial associate,Secondary / secondary special,Married,House / apartment,-8378,-370,Core staff,2,1,0
5021468,0.0,0,F,N,Y,0,90000.0,Commercial associate,Secondary / secondary special,Married,House / apartment,-8378,-370,Core staff,2,1,0
5021474,0.0,C,M,N,Y,1,135000.0,Working,Secondary / secondary special,Married,House / apartment,-10450,-1218,Laborers,3,2,1
5021486,0.0,1,M,N,Y,1,135000.0,Working,Secondary / secondary special,Married,House / apartment,-10450,-1218,Laborers,3,1,0
5021476,0.0,0,F,N,Y,0,135000.0,Working,Secondary / secondary special,Married,House / apartment,-11905,-2470,Cooking staff,2,4,0
5021478,0.0,C,F,N,Y,0,135000.0,Working,Secondary / secondary special,Married,House / apartment,-11905,-2470,Cooking staff,2,2,0
5021479,0.0,X,F,N,Y,0,135000.0,Working,Secondary / secondary special,Married,House / apartment,-11905,-2470,Cooking staff,2,4,0
5021480,0.0,C,F,N,Y,0,135000.0,Working,Secondary / secondary special,Married,House / apartment,-11905,-2470,Cooking staff,2,2,0
5021481,0.0,C,F,N,Y,0,135000.0,Working,Secondary / secondary special,Married,House / apartment,-11905,-2470,Cooking staff,2,2,0
5021483,0.0,C,F,N,Y,0,135000.0,Working,Secondary / secondary special,Married,House / apartment,-11905,-2470,Cooking staff,2,2,0
5021487,0.0,C,M,Y,Y,0,135000.0,Commercial associate,Secondary / secondary special,Civil marriage,With parents,-10665,-1493,Laborers,2,0,0
5021488,0.0,C,M,Y,Y,0,135000.0,Commercial associate,Secondary / secondary special,Civil marriage,With parents,-10665,-1493,Laborers,2,0,0
5021489,0.0,C,M,Y,Y,0,135000.0,Commercial associate,Secondary / secondary special,Civil marriage,With parents,-10665,-1493,Laborers,2,0,0
5021490,0.0,0,M,N,Y,0,135000.0,Working,Secondary / secondary special,Single / not married,House / apartment,-10682,-609,Sales staff,1,4,0
5021491,0.0,C,M,N,Y,0,135000.0,Working,Secondary / secondary special,Single / not married,House / apartment,-10682,-609,Sales staff,1,2,0
5021493,0.0,C,F,N,Y,1,157500.0,Working,Secondary / secondary special,Married,Municipal apartment,-15760,-1858,Sales staff,3,2,1
5021494,0.0,C,F,N,Y,1,157500.0,Working,Secondary / secondary special,Married,Municipal apartment,-15760,-1858,Sales staff,3,2,1
5113188,0.0,0,M,Y,Y,4,292500.0,Working,Secondary / secondary special,Married,House / apartment,-14150,-401,Laborers,6,2,1
5021510,0.0,C,F,N,Y,0,144000.0,State servant,Secondary / secondary special,Married,House / apartment,-18136,-10110,High skill tech staff,2,1,0
5021514,0.0,0,F,N,Y,0,144000.0,State servant,Secondary / secondary special,Married,House / apartment,-18136,-10110,High skill tech staff,2,1,0
5021515,0.0,X,F,N,Y,0,144000.0,State servant,Secondary / secondary special,Married,House / apartment,-18136,-10110,High skill tech staff,2,1,0
5021516,0.0,C,F,N,Y,0,144000.0,State servant,Secondary / secondary special,Married,House / apartment,-18136,-10110,High skill tech staff,2,1,0
5021519,0.0,C,F,N,Y,0,144000.0,State servant,Secondary / secondary special,Married,House / apartment,-18136,-10110,High skill tech staff,2,1,0
5021526,0.0,X,F,N,N,0,202500.0,Working,Higher education,Married,House / apartment,-19271,-4839,Core staff,2,1,0
5021533,0.0,0,M,Y,Y,0,135000.0,Working,Secondary / secondary special,Married,With parents,-12807,-2404,Laborers,2,2,0
5021544,0.0,C,F,N,Y,0,202500.0,Commercial associate,Secondary / secondary special,Married,House / apartment,-20870,-1583,Medicine staff,2,1,0
5021545,0.0,C,F,N,Y,0,202500.0,Commercial associate,Secondary / secondary special,Married,House / apartment,-20870,-1583,Medicine staff,2,1,0
5021546,0.0,C,F,N,Y,0,202500.0,Commercial associate,Secondary / secondary special,Married,House / apartment,-20870,-1583,Medicine staff,2,1,0
5021547,0.0,C,F,N,Y,0,202500.0,Commercial associate,Secondary / secondary special,Married,House / apartment,-20870,-1583,Medicine staff,2,1,0
5021548,0.0,C,F,N,Y,0,202500.0,Commercial associate,Secondary / secondary special,Married,House / apartment,-20870,-1583,Medicine staff,2,1,0
5021550,0.0,C,F,N,Y,0,202500.0,Commercial associate,Secondary / secondary special,Married,House / apartment,-20870,-1583,Medicine staff,2,1,0
5021551,0.0,0,F,N,Y,0,202500.0,Commercial associate,Secondary / secondary special,Married,House / apartment,-20870,-1583,Medicine staff,2,1,0
5021553,0.0,0,F,N,Y,1,202500.0,Commercial associate,Secondary / secondary special,Married,House / apartment,-14335,-856,Sales staff,3,1,1
5021554,0.0,C,M,Y,Y,1,202500.0,Commercial associate,Secondary / secondary special,Separated,House / apartment,-11843,-429,Drivers,2,0,0
5021558,0.0,0,M,N,Y,0,135000.0,Working,Secondary / secondary special,Married,House / apartment,-18188,-578,Drivers,2,4,0
5021560,0.0,X,M,Y,Y,0,360000.0,Working,Incomplete higher,Married,House / apartment,-9906,-122,Sales staff,2,2,2
5021561,0.0,X,M,Y,Y,0,360000.0,Working,Incomplete higher,Married,House / apartment,-9906,-122,Sales staff,2,2,2
5021564,0.0,0,M,Y,Y,0,360000.0,Working,Incomplete higher,Married,House / apartment,-9906,-122,Sales staff,2,2,2
5021565,0.0,X,M,Y,Y,0,360000.0,Working,Incomplete higher,Married,House / apartment,-9906,-122,Sales staff,2,2,2
5021569,0.0,0,F,N,Y,2,126000.0,Working,Higher education,Married,House / apartment,-12428,-4900,High skill tech staff,4,1,1
5021571,0.0,0,F,N,Y,2,126000.0,Working,Higher education,Married,House / apartment,-12428,-4900,High skill tech staff,4,1,1
5021583,0.0,C,F,N,N,1,40500.0,State servant,Secondary / secondary special,Married,Rented apartment,-13052,-1952,Cooking staff,3,1,1
5021584,0.0,C,F,N,N,1,40500.0,State servant,Secondary / secondary special,Married,Rented apartment,-13052,-1952,Cooking staff,3,1,1
5021585,0.0,0,F,N,N,1,40500.0,State servant,Secondary / secondary special,Married,Rented apartment,-13052,-1952,Cooking staff,3,1,1
5021586,0.0,X,F,Y,Y,0,247500.0,Working,Incomplete higher,Separated,House / apartment,-19672,-1375,Accountants,1,1,0
5021587,0.0,X,F,Y,Y,0,247500.0,Working,Incomplete higher,Separated,House / apartment,-19672,-1375,Accountants,1,1,0
5021590,0.0,0,F,Y,Y,0,247500.0,Working,Incomplete higher,Separated,House / apartment,-19672,-1375,Accountants,1,1,0
5021594,0.0,0,M,Y,Y,1,306000.0,Commercial associate,Secondary / secondary special,Married,House / apartment,-19201,-1309,Managers,3,1,2
5021595,0.0,X,M,Y,Y,1,306000.0,Commercial associate,Secondary / secondary special,Married,House / apartment,-19201,-1309,Managers,3,1,2
5021614,0.0,C,M,Y,Y,1,189000.0,Commercial associate,Secondary / secondary special,Married,Municipal apartment,-16893,-1521,Sales staff,3,0,1
5021617,0.0,0,F,N,Y,0,99000.0,Working,Secondary / secondary special,Civil marriage,House / apartment,-15250,-517,Cooking staff,2,4,0
5021620,0.0,C,F,Y,Y,3,126000.0,Working,Higher education,Married,House / apartment,-15003,-122,Managers,5,0,1
5021622,0.0,C,F,Y,Y,3,126000.0,Working,Higher education,Married,House / apartment,-15003,-122,Managers,5,0,1
5021624,0.0,C,F,Y,Y,3,126000.0,Working,Higher education,Married,House / apartment,-15003,-122,Managers,5,0,1
5021639,0.0,0,F,N,Y,0,112500.0,Commercial associate,Secondary / secondary special,Married,House / apartment,-21456,-425,Medicine staff,2,1,0
5021640,0.0,0,F,N,Y,0,112500.0,Commercial associate,Secondary / secondary special,Married,House / apartment,-21456,-425,Medicine staff,2,1,0
5021641,0.0,0,F,N,Y,0,112500.0,Commercial associate,Secondary / secondary special,Married,House / apartment,-21456,-425,Medicine staff,2,1,0
5021642,0.0,C,F,N,Y,0,112500.0,Commercial associate,Secondary / secondary special,Married,House / apartment,-21456,-425,Medicine staff,2,1,0
5021646,0.0,1,F,N,Y,0,292500.0,Working,Higher education,Civil marriage,House / apartment,-12554,-5326,Managers,2,1,0
5021650,0.0,C,F,N,Y,0,292500.0,Working,Higher education,Civil marriage,House / apartment,-12554,-5326,Managers,2,0,2
5021651,0.0,X,F,N,Y,0,292500.0,Working,Higher education,Civil marriage,House / apartment,-12554,-5326,Managers,2,1,2
5021654,0.0,X,M,Y,Y,1,270000.0,Working,Secondary / secondary special,Married,House / apartment,-13207,-1401,Low-skill Laborers,3,2,1
5021658,0.0,X,M,Y,Y,1,270000.0,Working,Secondary / secondary special,Married,House / apartment,-13207,-1401,Low-skill Laborers,3,2,1
5021660,0.0,X,M,Y,Y,1,270000.0,Working,Secondary / secondary special,Married,House / apartment,-13207,-1401,Low-skill Laborers,3,2,1
5021662,0.0,C,M,N,Y,1,225000.0,Working,Secondary / secondary special,Married,House / apartment,-13788,-640,Laborers,3,2,1
5021663,0.0,0,M,N,Y,1,225000.0,Working,Secondary / secondary special,Married,House / apartment,-13788,-640,Laborers,3,4,1
5021664,0.0,0,M,N,Y,1,225000.0,Working,Secondary / secondary special,Married,House / apartment,-13788,-640,Laborers,3,4,1
5021665,0.0,0,M,N,Y,1,225000.0,Working,Secondary / secondary special,Married,House / apartment,-13788,-640,Laborers,3,4,1
5021671,0.0,0,M,N,Y,1,225000.0,Working,Secondary / secondary special,Married,House / apartment,-13788,-640,Laborers,3,4,1
5021673,0.0,0,M,N,Y,1,225000.0,Working,Secondary / secondary special,Married,House / apartment,-13788,-640,Laborers,3,4,1
5021674,0.0,C,M,N,Y,1,225000.0,Working,Secondary / secondary special,Married,House / apartment,-13788,-640,Laborers,3,2,1
5021676,0.0,0,M,N,Y,1,225000.0,Working,Secondary / secondary special,Married,House / apartment,-13788,-640,Laborers,3,4,1
5021678,0.0,X,M,N,Y,0,202500.0,Commercial associate,Secondary / secondary special,Separated,House / apartment,-18745,-3653,Cleaning staff,1,1,0
5021679,0.0,0,M,N,Y,0,202500.0,Commercial associate,Secondary / secondary special,Separated,House / apartment,-18745,-3653,Cleaning staff,1,1,0
5021680,0.0,C,M,N,Y,0,202500.0,Commercial associate,Secondary / secondary special,Separated,House / apartment,-18745,-3653,Cleaning staff,1,1,0
5021682,0.0,C,M,N,Y,0,202500.0,Commercial associate,Secondary / secondary special,Separated,House / apartment,-18745,-3653,Cleaning staff,1,1,0
5021683,0.0,C,M,N,Y,0,202500.0,Commercial associate,Secondary / secondary special,Separated,House / apartment,-18745,-3653,Cleaning staff,1,1,0
5021684,0.0,C,M,N,Y,0,202500.0,Commercial associate,Secondary / secondary special,Separated,House / apartment,-18745,-3653,Cleaning staff,1,1,0
5021688,0.0,C,M,Y,Y,1,225000.0,Working,Incomplete higher,Married,House / apartment,-13205,-248,Managers,3,0,1
5021691,0.0,C,M,Y,Y,1,225000.0,Working,Incomplete higher,Married,House / apartment,-13205,-248,Managers,3,0,1
5113091,0.0,X,M,Y,Y,1,225000.0,Working,Incomplete higher,Married,House / apartment,-13205,-248,Managers,3,0,1
5021693,0.0,0,M,Y,Y,2,337500.0,Working,Incomplete higher,Married,House / apartment,-12418,-1678,Laborers,4,2,1
5021694,0.0,0,M,Y,Y,2,337500.0,Working,Incomplete higher,Married,House / apartment,-12418,-1678,Laborers,4,2,1
5021695,0.0,C,M,Y,Y,2,337500.0,Working,Incomplete higher,Married,House / apartment,-12418,-1678,Laborers,4,2,1
5021696,0.0,0,F,N,Y,1,180000.0,Commercial associate,Secondary / secondary special,Separated,House / apartment,-18520,-2101,Core staff,2,1,0
5021699,0.0,0,F,N,Y,1,180000.0,Commercial associate,Secondary / secondary special,Separated,House / apartment,-18520,-2101,Core staff,2,1,0
5021700,0.0,X,F,N,Y,1,180000.0,Commercial associate,Secondary / secondary special,Separated,House / apartment,-18520,-2101,Core staff,2,1,0
5021704,0.0,X,F,Y,Y,1,112500.0,Working,Secondary / secondary special,Married,House / apartment,-15174,-3292,Sales staff,3,4,1
5021707,0.0,X,F,Y,Y,1,112500.0,Working,Secondary / secondary special,Married,House / apartment,-15174,-3292,Sales staff,3,4,1
5021708,0.0,X,F,N,Y,2,202500.0,Working,Lower secondary,Married,House / apartment,-13483,-5204,Laborers,4,4,1
5021713,0.0,X,F,N,Y,1,243000.0,Working,Higher education,Married,House / apartment,-14295,-5966,Core staff,3,1,1
5021715,0.0,X,F,N,Y,1,243000.0,Working,Higher education,Married,House / apartment,-14295,-5966,Core staff,3,1,1
5021717,0.0,C,F,Y,Y,0,180000.0,Commercial associate,Secondary / secondary special,Married,House / apartment,-17039,-2986,Sales staff,2,0,0
5021730,0.0,C,F,Y,Y,1,180000.0,Commercial associate,Secondary / secondary special,Married,House / apartment,-16971,-1375,Cleaning staff,3,0,1
5021732,0.0,0,F,Y,Y,1,180000.0,Commercial associate,Secondary / secondary special,Married,House / apartment,-16971,-1375,Cleaning staff,3,1,1
5021733,0.0,C,F,N,Y,0,135000.0,Commercial associate,Higher education,Widow,House / apartment,-13471,-1797,Sales staff,1,3,0
5021740,0.0,C,F,N,Y,1,112500.0,Working,Secondary / secondary special,Married,House / apartment,-10406,-2774,Core staff,3,2,1
5021742,0.0,X,F,N,Y,1,112500.0,Working,Secondary / secondary special,Married,House / apartment,-10406,-2774,Core staff,3,4,1
5021746,0.0,0,F,N,Y,1,112500.0,Working,Secondary / secondary special,Married,House / apartment,-10406,-2774,Core staff,3,4,1
5113118,0.0,C,F,N,Y,1,112500.0,Working,Secondary / secondary special,Married,House / apartment,-10406,-2774,Core staff,3,2,1
5113119,0.0,C,F,N,Y,1,112500.0,Working,Secondary / secondary special,Married,House / apartment,-10406,-2774,Core staff,3,2,1
5021753,0.0,0,F,N,Y,0,171000.0,Working,Incomplete higher,Married,House / apartment,-11052,-609,High skill tech staff,2,1,0
5021754,0.0,0,F,N,Y,0,171000.0,Working,Incomplete higher,Married,House / apartment,-11052,-609,High skill tech staff,2,1,0
5021756,0.0,X,F,Y,Y,0,432000.0,Commercial associate,Incomplete higher,Married,House / apartment,-12719,-1218,Managers,2,3,2
5021769,0.0,C,F,N,Y,1,67500.0,Working,Higher education,Married,House / apartment,-12774,-517,High skill tech staff,3,0,1
5021772,0.0,C,F,N,Y,0,292500.0,Commercial associate,Higher education,Civil marriage,House / apartment,-14522,-1552,Laborers,2,3,2
5021774,0.0,C,F,N,Y,0,292500.0,Commercial associate,Higher education,Civil marriage,House / apartment,-14522,-1552,Laborers,2,3,2
5021775,0.0,C,F,N,Y,0,292500.0,Commercial associate,Higher education,Civil marriage,House / apartment,-14522,-1552,Laborers,2,3,2
5021776,0.0,C,F,N,Y,0,292500.0,Commercial associate,Higher education,Civil marriage,House / apartment,-14522,-1552,Laborers,2,3,2
5021777,0.0,C,F,N,Y,0,292500.0,Commercial associate,Higher education,Civil marriage,House / apartment,-14522,-1552,Laborers,2,3,2
5021778,0.0,0,F,N,Y,0,292500.0,Commercial associate,Higher education,Civil marriage,House / apartment,-14522,-1552,Laborers,2,3,2
5021779,0.0,0,F,N,Y,0,292500.0,Commercial associate,Higher education,Civil marriage,House / apartment,-14522,-1552,Laborers,2,3,2
5021780,0.0,X,F,N,Y,0,292500.0,Commercial associate,Higher education,Civil marriage,House / apartment,-14522,-1552,Laborers,2,3,2
5021781,0.0,C,F,N,Y,0,292500.0,Commercial associate,Higher education,Civil marriage,House / apartment,-14522,-1552,Laborers,2,3,2
5021782,0.0,C,F,N,Y,0,292500.0,Commercial associate,Higher education,Civil marriage,House / apartment,-14522,-1552,Laborers,2,3,2
5021783,0.0,C,F,N,Y,0,292500.0,Commercial associate,Higher education,Civil marriage,House / apartment,-14522,-1552,Laborers,2,3,2
5021788,0.0,X,F,Y,Y,2,157500.0,Working,Secondary / secondary special,Married,House / apartment,-15021,-6879,High skill tech staff,4,4,1
5021790,0.0,0,F,Y,Y,2,157500.0,Working,Secondary / secondary special,Married,House / apartment,-15021,-6879,High skill tech staff,4,4,1
5021791,0.0,X,F,Y,Y,2,157500.0,Working,Secondary / secondary special,Married,House / apartment,-15021,-6879,High skill tech staff,4,4,1
5021792,0.0,0,F,Y,Y,2,157500.0,Working,Secondary / secondary special,Married,House / apartment,-15021,-6879,High skill tech staff,4,4,1
5021795,0.0,C,F,N,Y,0,225000.0,Commercial associate,Secondary / secondary special,Married,House / apartment,-12325,-187,Core staff,2,1,0
5021796,0.0,C,F,N,Y,0,225000.0,Commercial associate,Secondary / secondary special,Married,House / apartment,-12325,-187,Core staff,2,1,0
5021797,0.0,C,F,N,Y,0,225000.0,Commercial associate,Secondary / secondary special,Married,House / apartment,-12325,-187,Core staff,2,1,0
5021799,0.0,C,F,N,Y,0,225000.0,Commercial associate,Secondary / secondary special,Married,House / apartment,-12325,-187,Core staff,2,1,0
5021800,0.0,0,F,N,Y,0,225000.0,Commercial associate,Secondary / secondary special,Married,House / apartment,-12325,-187,Core staff,2,1,0
5021808,0.0,0,M,N,Y,0,157500.0,Working,Secondary / secondary special,Single / not married,House / apartment,-11009,-366,Laborers,1,4,0
5021809,0.0,0,F,N,Y,0,112500.0,Working,Secondary / secondary special,Married,House / apartment,-18545,-425,Laborers,2,4,0
5021810,0.0,C,F,Y,Y,1,67500.0,Working,Secondary / secondary special,Married,House / apartment,-11454,-1678,Cooking staff,3,2,1
5021814,0.0,C,F,Y,Y,1,67500.0,Working,Secondary / secondary special,Married,House / apartment,-11454,-1678,Cooking staff,3,2,1
5021815,0.0,0,F,Y,Y,1,67500.0,Working,Secondary / secondary special,Married,House / apartment,-11454,-1678,Cooking staff,3,4,1
5021816,0.0,0,F,Y,Y,1,67500.0,Working,Secondary / secondary special,Married,House / apartment,-11454,-1678,Cooking staff,3,4,1
5021818,0.0,X,F,Y,Y,1,67500.0,Working,Secondary / secondary special,Married,House / apartment,-11454,-1678,Cooking staff,3,4,1
5021819,0.0,0,F,Y,Y,1,67500.0,Working,Secondary / secondary special,Married,House / apartment,-11454,-1678,Cooking staff,3,4,1
5090358,0.0,C,F,Y,Y,1,67500.0,Working,Secondary / secondary special,Married,House / apartment,-11454,-1678,Cooking staff,3,2,1
5113171,0.0,0,F,Y,Y,1,67500.0,Working,Secondary / secondary special,Married,House / apartment,-11454,-1678,Cooking staff,3,4,1
5113172,0.0,0,F,Y,Y,1,67500.0,Working,Secondary / secondary special,Married,House / apartment,-11454,-1678,Cooking staff,3,4,1
5021822,0.0,0,F,N,Y,0,162000.0,Working,Higher education,Married,House / apartment,-17383,-4692,Medicine staff,2,1,0
5021826,0.0,C,M,N,Y,0,270000.0,Commercial associate,Higher education,Married,House / apartment,-15532,-1587,High skill tech staff,2,3,2
5021827,0.0,C,F,N,Y,0,166500.0,Working,Incomplete higher,Married,House / apartment,-13156,-1917,Laborers,2,2,0
5021829,0.0,C,F,N,Y,0,166500.0,Working,Incomplete higher,Married,House / apartment,-13156,-1917,Laborers,2,2,0
5021830,0.0,C,F,N,Y,0,166500.0,Working,Incomplete higher,Married,House / apartment,-13156,-1917,Laborers,2,2,0
5021831,0.0,C,F,N,Y,0,166500.0,Working,Incomplete higher,Married,House / apartment,-13156,-1917,Laborers,2,2,0
5021832,0.0,X,F,Y,Y,1,157500.0,Commercial associate,Secondary / secondary special,Married,House / apartment,-11938,-2162,Accountants,3,1,1
5021834,0.0,X,F,Y,Y,1,157500.0,Commercial associate,Secondary / secondary special,Married,House / apartment,-11938,-2162,Accountants,3,1,1
5021835,0.0,0,F,Y,Y,1,157500.0,Commercial associate,Secondary / secondary special,Married,House / apartment,-11938,-2162,Accountants,3,1,1
5021837,0.0,0,F,Y,Y,1,157500.0,Commercial associate,Secondary / secondary special,Married,House / apartment,-11938,-2162,Accountants,3,1,1
5021845,0.0,0,F,N,Y,1,90000.0,Working,Secondary / secondary special,Civil marriage,House / apartment,-8993,-152,Medicine staff,3,4,1
5021854,0.0,X,F,N,Y,0,180000.0,Commercial associate,Higher education,Married,House / apartment,-10981,-1766,Laborers,2,3,0
5021873,0.0,0,M,Y,N,0,171000.0,Working,Secondary / secondary special,Single / not married,Rented apartment,-9545,-156,Laborers,1,4,0
5021874,0.0,C,M,Y,N,0,171000.0,Working,Secondary / secondary special,Single / not married,Rented apartment,-9545,-156,Laborers,1,2,0
5021878,0.0,C,M,N,Y,2,135000.0,Working,Secondary / secondary special,Married,House / apartment,-13534,-2557,Laborers,4,2,1
5113190,0.0,X,M,Y,N,2,112500.0,Working,Secondary / secondary special,Married,House / apartment,-13095,-217,Laborers,4,2,1
5021883,0.0,0,F,Y,Y,0,135000.0,Commercial associate,Higher education,Married,House / apartment,-16949,-1371,Managers,2,3,0
5021884,0.0,0,F,Y,Y,0,135000.0,Commercial associate,Higher education,Married,House / apartment,-16949,-1371,Managers,2,3,0
5021887,0.0,0,F,Y,Y,0,135000.0,Commercial associate,Higher education,Married,House / apartment,-16949,-1371,Managers,2,3,0
5021888,0.0,X,F,Y,Y,0,135000.0,Commercial associate,Higher education,Married,House / apartment,-16949,-1371,Managers,2,3,0
5021889,0.0,0,F,Y,Y,0,135000.0,Commercial associate,Higher education,Married,House / apartment,-16949,-1371,Managers,2,3,0
5021891,0.0,0,F,Y,Y,0,135000.0,Commercial associate,Higher education,Married,House / apartment,-16949,-1371,Managers,2,3,0
5021906,0.0,C,M,Y,Y,0,225000.0,Working,Secondary / secondary special,Married,House / apartment,-10328,-1156,Laborers,2,2,0
5021907,0.0,C,M,Y,Y,0,225000.0,Working,Secondary / secondary special,Married,House / apartment,-10328,-1156,Laborers,2,2,0
5021908,0.0,0,M,Y,Y,0,225000.0,Working,Secondary / secondary special,Married,House / apartment,-10328,-1156,Laborers,2,2,0
5021909,0.0,C,M,Y,Y,0,225000.0,Working,Secondary / secondary special,Married,House / apartment,-10328,-1156,Laborers,2,2,0
5021910,0.0,C,M,Y,Y,0,225000.0,Working,Secondary / secondary special,Married,House / apartment,-10328,-1156,Laborers,2,2,0
5021912,0.0,C,M,Y,Y,0,225000.0,Working,Secondary / secondary special,Married,House / apartment,-10328,-1156,Laborers,2,2,0
5021922,0.0,0,F,N,Y,0,135000.0,Working,Higher education,Married,House / apartment,-12952,-1587,Core staff,2,1,0
5021926,0.0,C,F,Y,Y,2,135000.0,Working,Higher education,Separated,House / apartment,-20425,-5453,Sales staff,3,0,1
5021940,0.0,C,F,Y,Y,0,445500.0,Commercial associate,Higher education,Married,House / apartment,-12477,-456,Managers,2,3,2
5021942,0.0,X,F,Y,Y,0,445500.0,Commercial associate,Higher education,Married,House / apartment,-12477,-456,Managers,2,3,2
5021943,0.0,C,F,Y,Y,0,445500.0,Commercial associate,Higher education,Married,House / apartment,-12477,-456,Managers,2,3,2
5021944,0.0,0,F,Y,Y,0,445500.0,Commercial associate,Higher education,Married,House / apartment,-12477,-456,Managers,2,3,2
5021945,0.0,0,F,Y,Y,0,445500.0,Commercial associate,Higher education,Married,House / apartment,-12477,-456,Managers,2,3,2
5021946,0.0,0,F,Y,Y,0,445500.0,Commercial associate,Higher education,Married,House / apartment,-12477,-456,Managers,2,3,2
5021947,0.0,0,F,Y,Y,0,445500.0,Commercial associate,Higher education,Married,House / apartment,-12477,-456,Managers,2,3,2
5021949,0.0,0,F,Y,Y,0,445500.0,Commercial associate,Higher education,Married,House / apartment,-12477,-456,Managers,2,3,2
5021950,0.0,X,F,Y,Y,0,445500.0,Commercial associate,Higher education,Married,House / apartment,-12477,-456,Managers,2,3,2
5021951,0.0,0,F,Y,Y,0,445500.0,Commercial associate,Higher education,Married,House / apartment,-12477,-456,Managers,2,3,2
5021954,0.0,C,F,N,Y,0,67500.0,Working,Secondary / secondary special,Single / not married,With parents,-9130,-2105,High skill tech staff,1,4,0
5021956,0.0,C,F,N,Y,0,67500.0,Working,Secondary / secondary special,Single / not married,With parents,-9130,-2105,High skill tech staff,1,4,0
5113218,0.0,0,F,N,Y,0,67500.0,Working,Secondary / secondary special,Single / not married,With parents,-9130,-2105,High skill tech staff,1,4,0
5021964,0.0,0,F,N,N,1,103500.0,Working,Secondary / secondary special,Married,House / apartment,-11720,-1191,Sales staff,3,4,1
5021965,0.0,C,F,N,N,1,103500.0,Working,Secondary / secondary special,Married,House / apartment,-11720,-1191,Sales staff,3,2,1
5021967,0.0,C,F,N,N,1,103500.0,Working,Secondary / secondary special,Married,House / apartment,-11720,-1191,Sales staff,3,2,1
5021969,0.0,C,F,N,N,1,103500.0,Working,Secondary / secondary special,Married,House / apartment,-11720,-1191,Sales staff,3,2,1
5021970,0.0,C,F,N,N,1,103500.0,Working,Secondary / secondary special,Married,House / apartment,-11720,-1191,Sales staff,3,2,1
5021972,0.0,0,F,N,N,1,103500.0,Working,Secondary / secondary special,Married,House / apartment,-11720,-1191,Sales staff,3,4,1
5021973,0.0,0,F,N,N,1,103500.0,Working,Secondary / secondary special,Married,House / apartment,-11720,-1191,Sales staff,3,4,1
5021974,0.0,1,F,N,N,1,103500.0,Working,Secondary / secondary special,Married,House / apartment,-11720,-1191,Sales staff,3,1,0
5021975,0.0,1,F,N,N,1,103500.0,Working,Secondary / secondary special,Married,House / apartment,-11720,-1191,Sales staff,3,1,0
5113221,0.0,C,F,N,N,1,103500.0,Working,Secondary / secondary special,Married,House / apartment,-11720,-1191,Sales staff,3,2,1
5021987,0.0,X,M,Y,Y,0,135000.0,Working,Higher education,Married,House / apartment,-9303,-852,Sales staff,2,0,0
5021990,0.0,C,M,Y,Y,0,135000.0,Working,Higher education,Married,House / apartment,-9303,-852,Sales staff,2,0,0
5021992,0.0,0,M,Y,Y,0,135000.0,Working,Higher education,Married,House / apartment,-9303,-852,Sales staff,2,0,0
5021993,0.0,0,M,Y,Y,0,135000.0,Working,Higher education,Married,House / apartment,-9303,-852,Sales staff,2,0,0
5021994,0.0,0,M,Y,Y,0,135000.0,Working,Higher education,Married,House / apartment,-9303,-852,Sales staff,2,0,0
5021996,0.0,C,M,Y,Y,0,135000.0,Working,Higher education,Married,House / apartment,-9303,-852,Sales staff,2,0,0
5022000,0.0,C,M,N,Y,0,157500.0,Working,Secondary / secondary special,Single / not married,House / apartment,-20102,-1039,Laborers,1,2,0
5022001,0.0,C,M,N,Y,0,157500.0,Working,Secondary / secondary special,Single / not married,House / apartment,-20102,-1039,Laborers,1,2,0
5022002,0.0,C,M,N,Y,0,157500.0,Working,Secondary / secondary special,Single / not married,House / apartment,-20102,-1039,Laborers,1,2,0
5113051,0.0,X,M,N,Y,0,157500.0,Working,Secondary / secondary special,Single / not married,House / apartment,-20102,-1039,Laborers,1,4,0
5022029,0.0,0,M,Y,Y,1,315000.0,Commercial associate,Secondary / secondary special,Married,House / apartment,-14868,-3013,Security staff,3,1,2
5022030,0.0,0,M,Y,Y,1,315000.0,Commercial associate,Secondary / secondary special,Married,House / apartment,-14868,-3013,Security staff,3,1,2
5022038,0.0,C,M,N,Y,0,180000.0,Working,Secondary / secondary special,Married,House / apartment,-10049,-1405,Sales staff,2,2,0
5022039,0.0,C,M,N,Y,0,180000.0,Working,Secondary / secondary special,Married,House / apartment,-10049,-1405,Sales staff,2,2,0
5022040,0.0,0,M,N,Y,0,180000.0,Working,Secondary / secondary special,Married,House / apartment,-10049,-1405,Sales staff,2,4,0
5022041,0.0,C,M,N,Y,0,180000.0,Working,Secondary / secondary special,Married,House / apartment,-10049,-1405,Sales staff,2,2,0
5022042,0.0,C,M,N,Y,0,180000.0,Working,Secondary / secondary special,Married,House / apartment,-10049,-1405,Sales staff,2,2,0
5090394,0.0,0,F,Y,N,1,225000.0,Commercial associate,Secondary / secondary special,Separated,House / apartment,-11714,-1740,Core staff,2,1,0
5113070,0.0,C,F,Y,N,1,225000.0,Commercial associate,Secondary / secondary special,Separated,House / apartment,-11714,-1740,Core staff,2,1,0
5022046,0.0,C,M,Y,Y,0,135000.0,Working,Secondary / secondary special,Married,Office apartment,-14917,-8157,Drivers,2,2,0
5022047,0.0,C,M,Y,Y,0,135000.0,Working,Secondary / secondary special,Married,Office apartment,-14917,-8157,Drivers,2,2,0
5022056,0.0,C,F,N,Y,0,58500.0,Working,Secondary / secondary special,Married,House / apartment,-14731,-4931,Laborers,2,2,0
5022057,0.0,C,F,N,Y,0,58500.0,Working,Secondary / secondary special,Married,House / apartment,-14731,-4931,Laborers,2,2,0
5022059,0.0,X,F,N,Y,0,58500.0,Working,Secondary / secondary special,Married,House / apartment,-14731,-4931,Laborers,2,4,0
5022060,0.0,C,F,N,Y,0,58500.0,Working,Secondary / secondary special,Married,House / apartment,-14731,-4931,Laborers,2,2,0
5022066,0.0,0,F,N,Y,0,216000.0,Working,Higher education,Married,With parents,-11445,-3657,Core staff,2,1,0
5022071,0.0,C,F,N,Y,0,90000.0,Working,Secondary / secondary special,Married,House / apartment,-19452,-1218,Sales staff,2,2,0
5022072,0.0,X,F,N,Y,0,90000.0,Working,Secondary / secondary special,Married,House / apartment,-19452,-1218,Sales staff,2,4,0
5022073,0.0,0,F,N,Y,0,90000.0,Working,Secondary / secondary special,Married,House / apartment,-19452,-1218,Sales staff,2,4,0
5022074,0.0,X,F,N,Y,0,90000.0,Working,Secondary / secondary special,Married,House / apartment,-19452,-1218,Sales staff,2,4,0
5022075,0.0,X,F,N,Y,0,90000.0,Working,Secondary / secondary special,Married,House / apartment,-19452,-1218,Sales staff,2,4,0
5022086,0.0,X,F,Y,Y,0,202500.0,Commercial associate,Incomplete higher,Married,House / apartment,-15812,-4231,Accountants,2,3,0
5022087,0.0,C,F,Y,Y,0,202500.0,Commercial associate,Incomplete higher,Married,House / apartment,-15812,-4231,Accountants,2,0,0
5022089,0.0,C,F,Y,Y,0,202500.0,Commercial associate,Incomplete higher,Married,House / apartment,-15812,-4231,Accountants,2,0,0
5022092,0.0,X,F,Y,Y,0,202500.0,Commercial associate,Incomplete higher,Married,House / apartment,-15812,-4231,Accountants,2,3,0
5022102,0.0,C,F,N,N,0,94500.0,Working,Secondary / secondary special,Single / not married,Rented apartment,-17836,-2561,Security staff,1,4,0
5022103,0.0,C,F,N,N,0,94500.0,Working,Secondary / secondary special,Single / not married,Rented apartment,-17836,-2561,Security staff,1,4,0
5022105,0.0,C,F,N,Y,1,112500.0,Working,Secondary / secondary special,Single / not married,House / apartment,-18090,-5570,High skill tech staff,2,4,0
5022107,0.0,0,F,N,Y,1,112500.0,Working,Secondary / secondary special,Single / not married,House / apartment,-18090,-5570,High skill tech staff,2,4,0
5022108,0.0,0,F,N,Y,1,112500.0,Working,Secondary / secondary special,Single / not married,House / apartment,-18090,-5570,High skill tech staff,2,4,0
5022109,0.0,C,F,N,Y,1,112500.0,Working,Secondary / secondary special,Single / not married,House / apartment,-18090,-5570,High skill tech staff,2,4,0
5022111,0.0,0,F,N,Y,1,112500.0,Working,Secondary / secondary special,Single / not married,House / apartment,-18090,-5570,High skill tech staff,2,4,0
5022114,0.0,X,M,Y,Y,1,135000.0,Working,Higher education,Married,House / apartment,-9621,-126,Core staff,3,0,1
5022115,0.0,X,M,Y,Y,1,135000.0,Working,Higher education,Married,House / apartment,-9621,-126,Core staff,3,0,1
5022117,0.0,X,M,N,Y,0,315000.0,Working,Secondary / secondary special,Married,House / apartment,-19686,-1131,Laborers,2,2,2
5022118,0.0,C,M,N,Y,0,315000.0,Working,Secondary / secondary special,Married,House / apartment,-19686,-1131,Laborers,2,2,2
5022119,0.0,0,M,N,Y,0,315000.0,Working,Secondary / secondary special,Married,House / apartment,-19686,-1131,Laborers,2,4,2
5022120,0.0,C,M,N,Y,0,315000.0,Working,Secondary / secondary special,Married,House / apartment,-19686,-1131,Laborers,2,2,2
5022122,0.0,0,M,N,Y,0,315000.0,Working,Secondary / secondary special,Married,House / apartment,-19686,-1131,Laborers,2,4,2
5022123,0.0,0,M,N,Y,0,315000.0,Working,Secondary / secondary special,Married,House / apartment,-19686,-1131,Laborers,2,4,2
5022131,0.0,C,M,Y,N,2,207000.0,Commercial associate,Secondary / secondary special,Married,House / apartment,-13297,-762,Sales staff,4,0,1
5022132,0.0,0,M,Y,N,2,207000.0,Commercial associate,Secondary / secondary special,Married,House / apartment,-13297,-762,Sales staff,4,1,1
5022133,0.0,0,M,Y,N,2,207000.0,Commercial associate,Secondary / secondary special,Married,House / apartment,-13297,-762,Sales staff,4,1,1
5022134,0.0,0,M,Y,N,2,207000.0,Commercial associate,Secondary / secondary special,Married,House / apartment,-13297,-762,Sales staff,4,1,1
5022140,0.0,C,F,N,Y,0,207000.0,Commercial associate,Secondary / secondary special,Single / not married,House / apartment,-19569,-2013,Sales staff,1,1,0
5022141,0.0,C,F,N,Y,0,207000.0,Commercial associate,Secondary / secondary special,Single / not married,House / apartment,-19569,-2013,Sales staff,1,1,0
5022142,0.0,C,F,N,Y,0,207000.0,Commercial associate,Secondary / secondary special,Single / not married,House / apartment,-19569,-2013,Sales staff,1,1,0
5022144,0.0,C,F,N,Y,0,180000.0,Working,Secondary / secondary special,Married,House / apartment,-13177,-1678,Sales staff,2,2,0
5022146,0.0,0,F,N,Y,0,180000.0,Working,Secondary / secondary special,Married,House / apartment,-13177,-1678,Sales staff,2,4,0
5022164,0.0,C,F,N,N,1,112500.0,Working,Secondary / secondary special,Married,House / apartment,-12044,-2805,Sales staff,3,2,1
5113147,0.0,C,F,N,N,1,112500.0,Working,Secondary / secondary special,Married,House / apartment,-12044,-2805,Sales staff,3,2,1
5022168,0.0,C,M,N,N,0,45000.0,Working,Lower secondary,Married,House / apartment,-13207,-766,Low-skill Laborers,2,2,0
5022172,0.0,C,F,N,N,0,135000.0,Working,Secondary / secondary special,Single / not married,Municipal apartment,-19911,-126,Cooking staff,1,4,0
5022174,0.0,C,F,N,N,0,135000.0,Working,Secondary / secondary special,Single / not married,Municipal apartment,-19911,-126,Cooking staff,1,4,0
5022175,0.0,C,F,N,N,0,135000.0,Working,Secondary / secondary special,Single / not married,Municipal apartment,-19911,-126,Cooking staff,1,4,0
5022177,0.0,0,F,N,N,1,135000.0,Commercial associate,Secondary / secondary special,Separated,House / apartment,-15170,-7979,High skill tech staff,2,1,0
5022178,0.0,0,F,N,N,1,135000.0,Commercial associate,Secondary / secondary special,Separated,House / apartment,-15170,-7979,High skill tech staff,2,1,0
5022180,0.0,0,F,N,N,1,135000.0,Commercial associate,Secondary / secondary special,Separated,House / apartment,-15170,-7979,High skill tech staff,2,1,0
5022181,0.0,0,F,N,N,1,135000.0,Commercial associate,Secondary / secondary special,Separated,House / apartment,-15170,-7979,High skill tech staff,2,1,0
5022182,0.0,X,F,N,N,1,135000.0,Commercial associate,Secondary / secondary special,Separated,House / apartment,-15170,-7979,High skill tech staff,2,1,0
5022183,0.0,C,F,N,N,1,135000.0,Commercial associate,Secondary / secondary special,Separated,House / apartment,-15170,-7979,High skill tech staff,2,1,0
5022186,0.0,C,F,N,N,1,135000.0,Commercial associate,Secondary / secondary special,Separated,House / apartment,-15170,-7979,High skill tech staff,2,1,0
5022193,0.0,C,F,Y,Y,1,94500.0,Working,Secondary / secondary special,Married,House / apartment,-19780,-6849,Managers,3,2,1
5022195,0.0,X,F,Y,Y,1,94500.0,Working,Secondary / secondary special,Married,House / apartment,-19780,-6849,Managers,3,2,1
5022196,0.0,0,M,Y,Y,3,135000.0,Working,Secondary / secondary special,Married,House / apartment,-11945,-735,Laborers,5,2,1
5022197,0.0,0,M,Y,Y,3,135000.0,Working,Secondary / secondary special,Married,House / apartment,-11945,-735,Laborers,5,2,1
5022198,0.0,C,M,Y,Y,3,135000.0,Working,Secondary / secondary special,Married,House / apartment,-11945,-735,Laborers,5,2,1
5022199,0.0,C,M,Y,Y,3,135000.0,Working,Secondary / secondary special,Married,House / apartment,-11945,-735,Laborers,5,2,1
5022200,0.0,C,M,Y,N,0,112500.0,Commercial associate,Secondary / secondary special,Married,House / apartment,-19270,-2531,Drivers,2,0,0
5022201,0.0,C,M,Y,N,0,112500.0,Commercial associate,Secondary / secondary special,Married,House / apartment,-19270,-2531,Drivers,2,0,0
5022202,0.0,C,M,Y,N,0,112500.0,Commercial associate,Secondary / secondary special,Married,House / apartment,-19270,-2531,Drivers,2,0,0
5022203,0.0,X,M,N,Y,1,202500.0,Commercial associate,Secondary / secondary special,Married,House / apartment,-14143,-275,Drivers,3,1,1
5022204,0.0,C,M,N,Y,1,202500.0,Commercial associate,Secondary / secondary special,Married,House / apartment,-14143,-275,Drivers,3,0,1
5022206,0.0,C,M,N,Y,1,202500.0,Commercial associate,Secondary / secondary special,Married,House / apartment,-14143,-275,Drivers,3,0,1
5022210,0.0,C,M,N,Y,1,202500.0,Commercial associate,Secondary / secondary special,Married,House / apartment,-14143,-275,Drivers,3,0,1
5022216,0.0,0,M,N,Y,0,180000.0,Commercial associate,Secondary / secondary special,Married,House / apartment,-19161,-3347,Security staff,2,1,0
5022217,0.0,X,M,N,Y,0,180000.0,Commercial associate,Secondary / secondary special,Married,House / apartment,-19161,-3347,Security staff,2,1,0
5022218,0.0,0,M,N,Y,0,180000.0,Commercial associate,Secondary / secondary special,Married,House / apartment,-19161,-3347,Security staff,2,1,0
5022235,0.0,C,F,Y,Y,1,180000.0,Commercial associate,Secondary / secondary special,Separated,House / apartment,-14329,-6180,Laborers,2,1,0
5022236,0.0,C,F,Y,Y,1,180000.0,Commercial associate,Secondary / secondary special,Separated,House / apartment,-14329,-6180,Laborers,2,1,0
5022237,0.0,C,F,Y,Y,1,180000.0,Commercial associate,Secondary / secondary special,Separated,House / apartment,-14329,-6180,Laborers,2,1,0
5022238,0.0,C,F,Y,Y,1,180000.0,Commercial associate,Secondary / secondary special,Separated,House / apartment,-14329,-6180,Laborers,2,1,0
5022239,0.0,C,F,Y,Y,1,180000.0,Commercial associate,Secondary / secondary special,Separated,House / apartment,-14329,-6180,Laborers,2,1,0
5022241,0.0,X,F,N,Y,0,202500.0,Working,Secondary / secondary special,Married,House / apartment,-15231,-8375,High skill tech staff,2,4,0
5022246,0.0,0,F,N,Y,0,202500.0,Working,Secondary / secondary special,Married,House / apartment,-15231,-8375,High skill tech staff,2,4,0
5022247,0.0,0,F,N,Y,0,202500.0,Working,Secondary / secondary special,Married,House / apartment,-15231,-8375,High skill tech staff,2,4,0
5022248,0.0,C,F,N,Y,0,202500.0,Working,Secondary / secondary special,Married,House / apartment,-15231,-8375,High skill tech staff,2,2,0
5022249,0.0,X,F,N,Y,0,202500.0,Working,Secondary / secondary special,Married,House / apartment,-15231,-8375,High skill tech staff,2,4,0
5022250,0.0,C,F,N,Y,0,202500.0,Working,Secondary / secondary special,Married,House / apartment,-15231,-8375,High skill tech staff,2,2,0
5022256,0.0,C,F,N,Y,0,202500.0,Working,Secondary / secondary special,Married,House / apartment,-15231,-8375,High skill tech staff,2,2,0
5113174,0.0,0,F,N,Y,0,202500.0,Working,Secondary / secondary special,Married,House / apartment,-15231,-8375,High skill tech staff,2,4,0
5022277,0.0,C,F,N,N,0,166500.0,Working,Secondary / secondary special,Single / not married,Office apartment,-21127,-14127,Core staff,1,4,0
5022278,0.0,C,F,Y,Y,0,202500.0,Working,Secondary / secondary special,Married,House / apartment,-17556,-1921,Sales staff,2,2,0
5022281,0.0,X,M,Y,N,0,225000.0,Commercial associate,Higher education,Single / not married,House / apartment,-10787,-279,Managers,1,3,0
5022283,0.0,C,F,N,N,1,157500.0,Working,Secondary / secondary special,Civil marriage,House / apartment,-15100,-3500,Cooking staff,3,4,1
5022285,0.0,C,F,N,N,1,157500.0,Working,Secondary / secondary special,Civil marriage,House / apartment,-15100,-3500,Cooking staff,3,4,1
5022288,0.0,C,F,N,N,1,157500.0,Working,Secondary / secondary special,Civil marriage,House / apartment,-15100,-3500,Cooking staff,3,4,1
5022289,0.0,C,F,N,N,1,157500.0,Working,Secondary / secondary special,Civil marriage,House / apartment,-15100,-3500,Cooking staff,3,4,1
5022291,0.0,X,F,N,N,1,157500.0,Working,Secondary / secondary special,Civil marriage,House / apartment,-15100,-3500,Cooking staff,3,4,1
5022292,0.0,X,F,N,N,1,157500.0,Working,Secondary / secondary special,Civil marriage,House / apartment,-15100,-3500,Cooking staff,3,4,1
5022294,0.0,C,F,N,N,1,157500.0,Working,Secondary / secondary special,Civil marriage,House / apartment,-15100,-3500,Cooking staff,3,4,1
5022297,0.0,0,F,N,N,1,157500.0,Working,Secondary / secondary special,Civil marriage,House / apartment,-15100,-3500,Cooking staff,3,4,1
5022298,0.0,C,F,N,N,1,157500.0,Working,Secondary / secondary special,Civil marriage,House / apartment,-15100,-3500,Cooking staff,3,4,1
5022284,0.0,X,M,Y,Y,0,157500.0,Commercial associate,Secondary / secondary special,Single / not married,House / apartment,-11664,-1466,Drivers,1,1,0
5022309,0.0,C,F,Y,Y,2,189000.0,Working,Secondary / secondary special,Married,House / apartment,-10815,-2713,Sales staff,4,2,1
5022310,0.0,C,F,Y,Y,2,189000.0,Working,Secondary / secondary special,Married,House / apartment,-10815,-2713,Sales staff,4,2,1
5022316,0.0,C,M,Y,N,1,270000.0,Commercial associate,Higher education,Married,House / apartment,-11373,-1371,Managers,3,0,1
5022318,0.0,0,M,Y,N,1,270000.0,Commercial associate,Higher education,Married,House / apartment,-11373,-1371,Managers,3,3,1
5022320,0.0,X,M,Y,N,1,270000.0,Commercial associate,Higher education,Married,House / apartment,-11373,-1371,Managers,3,3,1
5022325,0.0,X,M,Y,Y,0,256500.0,Commercial associate,Higher education,Married,House / apartment,-21503,-1674,Core staff,2,3,2
5022328,0.0,C,M,Y,Y,0,256500.0,Commercial associate,Higher education,Married,House / apartment,-21503,-1674,Core staff,2,0,2
5022330,0.0,0,M,Y,Y,0,256500.0,Commercial associate,Higher education,Married,House / apartment,-21503,-1674,Core staff,2,3,2
5022332,0.0,0,M,Y,Y,0,256500.0,Commercial associate,Higher education,Married,House / apartment,-21503,-1674,Core staff,2,3,2
5022335,0.0,X,M,Y,Y,0,256500.0,Commercial associate,Higher education,Married,House / apartment,-21503,-1674,Core staff,2,3,2
5022341,0.0,C,F,Y,Y,1,202500.0,State servant,Higher education,Married,House / apartment,-16200,-3627,Core staff,3,0,1
5022348,0.0,X,F,N,Y,1,234000.0,Working,Secondary / secondary special,Single / not married,House / apartment,-20693,-8036,Core staff,2,4,0
5022349,0.0,0,F,N,Y,1,234000.0,Working,Secondary / secondary special,Single / not married,House / apartment,-20693,-8036,Core staff,2,4,0
5022352,0.0,X,F,N,Y,1,234000.0,Working,Secondary / secondary special,Single / not married,House / apartment,-20693,-8036,Core staff,2,4,0
5022353,0.0,X,F,N,Y,1,234000.0,Working,Secondary / secondary special,Single / not married,House / apartment,-20693,-8036,Core staff,2,4,0
5022354,0.0,0,F,N,Y,1,234000.0,Working,Secondary / secondary special,Single / not married,House / apartment,-20693,-8036,Core staff,2,4,0
5022355,0.0,C,F,N,Y,1,234000.0,Working,Secondary / secondary special,Single / not married,House / apartment,-20693,-8036,Core staff,2,4,0
5022359,0.0,C,F,N,Y,1,234000.0,Working,Secondary / secondary special,Single / not married,House / apartment,-20693,-8036,Core staff,2,4,0
5022362,0.0,0,F,N,Y,1,234000.0,Working,Secondary / secondary special,Single / not married,House / apartment,-20693,-8036,Core staff,2,4,0
5022373,0.0,C,F,N,Y,1,234000.0,Working,Secondary / secondary special,Single / not married,House / apartment,-20693,-8036,Core staff,2,4,0
5022366,0.0,C,M,Y,N,0,270000.0,Working,Incomplete higher,Married,House / apartment,-11172,-3504,Laborers,2,2,0
5113192,0.0,0,M,Y,N,0,270000.0,Working,Incomplete higher,Married,House / apartment,-11172,-3504,Laborers,2,2,2
5113201,0.0,C,F,Y,Y,0,117000.0,Working,Secondary / secondary special,Married,Municipal apartment,-17536,-4113,Sales staff,2,2,0
5022379,0.0,X,F,N,Y,0,225000.0,Commercial associate,Higher education,Widow,House / apartment,-21594,-11693,Laborers,1,3,0
5022381,0.0,X,F,N,Y,0,225000.0,Commercial associate,Higher education,Widow,House / apartment,-21594,-11693,Laborers,1,3,0
5022382,0.0,C,F,N,Y,0,225000.0,Commercial associate,Higher education,Widow,House / apartment,-21594,-11693,Laborers,1,3,0
5022383,0.0,0,F,N,Y,0,225000.0,Commercial associate,Higher education,Widow,House / apartment,-21594,-11693,Laborers,1,1,0
5022384,0.0,X,F,N,Y,0,225000.0,Commercial associate,Higher education,Widow,House / apartment,-21594,-11693,Laborers,1,3,0
5113212,0.0,X,F,N,Y,0,225000.0,Commercial associate,Higher education,Widow,House / apartment,-21594,-11693,Laborers,1,3,0
5022419,0.0,1,F,Y,Y,1,157500.0,Working,Higher education,Married,With parents,-10845,-521,High skill tech staff,3,1,0
5022422,0.0,C,F,N,Y,0,180000.0,Working,Secondary / secondary special,Married,House / apartment,-19187,-1218,Cooking staff,2,2,0
5022424,0.0,0,F,N,Y,0,180000.0,Working,Secondary / secondary special,Married,House / apartment,-19187,-1218,Cooking staff,2,4,0
5022437,0.0,0,F,Y,Y,1,157500.0,Working,Secondary / secondary special,Married,House / apartment,-11470,-943,Sales staff,3,4,1
5022438,0.0,0,F,Y,Y,1,157500.0,Working,Secondary / secondary special,Married,House / apartment,-11470,-943,Sales staff,3,4,1
5022439,0.0,0,F,Y,Y,0,270000.0,Commercial associate,Secondary / secondary special,Married,House / apartment,-17927,-8553,Laborers,2,1,2
5022441,0.0,0,M,Y,Y,0,225000.0,Commercial associate,Secondary / secondary special,Married,House / apartment,-10614,-1797,Sales staff,2,1,0
5022442,0.0,C,F,N,Y,0,180000.0,Commercial associate,Secondary / secondary special,Married,House / apartment,-15914,-4354,Sales staff,2,1,0
5022443,0.0,C,F,N,Y,0,180000.0,Commercial associate,Secondary / secondary special,Married,House / apartment,-15914,-4354,Sales staff,2,1,0
5022444,0.0,C,F,N,Y,0,180000.0,Commercial associate,Secondary / secondary special,Married,House / apartment,-15914,-4354,Sales staff,2,1,0
5022445,0.0,C,F,N,Y,0,180000.0,Commercial associate,Secondary / secondary special,Married,House / apartment,-15914,-4354,Sales staff,2,1,0
5022446,0.0,0,F,N,Y,0,180000.0,Commercial associate,Secondary / secondary special,Married,House / apartment,-15914,-4354,Sales staff,2,1,0
5022447,0.0,C,F,N,Y,0,180000.0,Commercial associate,Secondary / secondary special,Married,House / apartment,-15914,-4354,Sales staff,2,1,0
5022452,0.0,0,F,N,N,0,315000.0,Working,Secondary / secondary special,Separated,House / apartment,-17570,-1978,Core staff,1,4,2
5022455,0.0,C,M,Y,Y,1,144000.0,Working,Secondary / secondary special,Married,House / apartment,-8696,-1070,Drivers,3,2,1
5022457,0.0,0,M,Y,Y,1,144000.0,Working,Secondary / secondary special,Married,House / apartment,-8696,-1070,Drivers,3,2,1
5022458,0.0,0,M,Y,Y,1,144000.0,Working,Secondary / secondary special,Married,House / apartment,-8696,-1070,Drivers,3,2,1
5022459,0.0,X,M,Y,Y,1,144000.0,Working,Secondary / secondary special,Married,House / apartment,-8696,-1070,Drivers,3,2,1
5022460,0.0,0,F,Y,Y,1,135000.0,Working,Secondary / secondary special,Married,House / apartment,-14173,-217,Security staff,3,4,1
5022493,0.0,X,M,Y,N,1,405000.0,State servant,Secondary / secondary special,Married,House / apartment,-14166,-2404,Medicine staff,3,2,2
5022495,0.0,C,M,Y,N,1,405000.0,State servant,Secondary / secondary special,Married,House / apartment,-14166,-2404,Medicine staff,3,0,2
5022496,0.0,C,M,Y,N,1,405000.0,State servant,Secondary / secondary special,Married,House / apartment,-14166,-2404,Medicine staff,3,0,2
5022497,0.0,0,M,Y,N,1,405000.0,State servant,Secondary / secondary special,Married,House / apartment,-14166,-2404,Medicine staff,3,4,2
5022499,0.0,C,M,Y,N,1,405000.0,State servant,Secondary / secondary special,Married,House / apartment,-14166,-2404,Medicine staff,3,0,2
5022502,0.0,C,M,Y,N,1,405000.0,State servant,Secondary / secondary special,Married,House / apartment,-14166,-2404,Medicine staff,3,0,2
5022504,0.0,0,F,N,Y,1,720000.0,Commercial associate,Higher education,Married,House / apartment,-16722,-2223,Managers,3,3,2
5022505,0.0,C,F,N,Y,1,720000.0,Commercial associate,Higher education,Married,House / apartment,-16722,-2223,Managers,3,3,2
5022506,0.0,C,F,N,Y,1,720000.0,Commercial associate,Higher education,Married,House / apartment,-16722,-2223,Managers,3,3,2
5022512,0.0,0,M,Y,Y,0,135000.0,Working,Secondary / secondary special,Married,House / apartment,-15688,-731,Drivers,2,2,0
5022513,0.0,C,M,Y,Y,0,135000.0,Working,Secondary / secondary special,Married,House / apartment,-15688,-731,Drivers,2,2,0
5022530,0.0,C,M,N,Y,0,225000.0,Working,Secondary / secondary special,Married,With parents,-18630,-1462,Laborers,2,2,0
5022532,0.0,0,M,N,Y,0,225000.0,Working,Secondary / secondary special,Married,With parents,-18630,-1462,Laborers,2,4,0
5022535,0.0,C,F,N,Y,2,202500.0,Working,Higher education,Married,House / apartment,-10724,-3074,High skill tech staff,4,0,1
5022539,0.0,X,M,N,Y,0,202500.0,Working,Secondary / secondary special,Married,House / apartment,-13163,-1405,Laborers,2,2,0
5022540,0.0,X,M,N,Y,0,202500.0,Working,Secondary / secondary special,Married,House / apartment,-13163,-1405,Laborers,2,2,0
5022541,0.0,0,F,N,Y,0,247500.0,Commercial associate,Higher education,Single / not married,House / apartment,-11984,-2043,Core staff,1,3,0
5022542,0.0,0,F,N,Y,0,247500.0,Commercial associate,Higher education,Single / not married,House / apartment,-11984,-2043,Core staff,1,3,0
5022543,0.0,C,F,N,Y,0,247500.0,Commercial associate,Higher education,Single / not married,House / apartment,-11984,-2043,Core staff,1,3,0
5022548,0.0,C,F,N,Y,0,247500.0,Commercial associate,Higher education,Single / not married,House / apartment,-11984,-2043,Core staff,1,3,0
5022549,0.0,X,F,N,Y,0,247500.0,Commercial associate,Higher education,Single / not married,House / apartment,-11984,-2043,Core staff,1,3,0
5022550,0.0,C,F,N,Y,0,247500.0,Commercial associate,Higher education,Single / not married,House / apartment,-11984,-2043,Core staff,1,3,0
5022553,0.0,C,F,N,Y,0,112500.0,Working,Higher education,Civil marriage,House / apartment,-11234,-2531,Sales staff,2,0,0
5022555,0.0,C,F,N,Y,0,112500.0,Working,Higher education,Civil marriage,House / apartment,-11234,-2531,Sales staff,2,0,0
5022557,0.0,C,F,N,Y,0,112500.0,Working,Higher education,Civil marriage,House / apartment,-11234,-2531,Sales staff,2,0,0
5022559,0.0,0,F,N,Y,1,225000.0,Working,Higher education,Married,House / apartment,-13071,-1344,Sales staff,3,1,1
5022561,0.0,C,F,N,Y,1,225000.0,Working,Higher education,Married,House / apartment,-13071,-1344,Sales staff,3,0,1
5022562,0.0,0,F,N,Y,1,225000.0,Working,Higher education,Married,House / apartment,-13071,-1344,Sales staff,3,1,1
5022563,0.0,X,F,N,Y,1,225000.0,Working,Higher education,Married,House / apartment,-13071,-1344,Sales staff,3,1,1
5022564,0.0,0,F,N,Y,1,225000.0,Working,Higher education,Married,House / apartment,-13071,-1344,Sales staff,3,1,1
5022566,0.0,X,F,N,Y,1,225000.0,Working,Higher education,Married,House / apartment,-13071,-1344,Sales staff,3,1,1
5090590,0.0,C,F,N,Y,1,225000.0,Working,Higher education,Married,House / apartment,-13071,-1344,Sales staff,3,0,1
5022570,0.0,0,M,Y,Y,0,225000.0,Working,Secondary / secondary special,Married,House / apartment,-14836,-1740,Security staff,2,2,0
5022580,0.0,C,M,N,Y,0,202500.0,Working,Secondary / secondary special,Single / not married,House / apartment,-8533,-582,Laborers,1,2,0
5022582,0.0,C,F,N,Y,0,202500.0,Working,Secondary / secondary special,Single / not married,House / apartment,-17803,-10079,Core staff,1,4,0
5022583,0.0,C,F,N,Y,0,202500.0,Working,Secondary / secondary special,Single / not married,House / apartment,-17803,-10079,Core staff,1,4,0
5022584,0.0,C,F,N,Y,0,202500.0,Working,Secondary / secondary special,Single / not married,House / apartment,-17803,-10079,Core staff,1,4,0
5022585,0.0,0,F,N,Y,0,202500.0,Working,Secondary / secondary special,Single / not married,House / apartment,-17803,-10079,Core staff,1,4,0
5022587,0.0,C,F,N,Y,0,202500.0,Working,Secondary / secondary special,Single / not married,House / apartment,-17803,-10079,Core staff,1,4,0
5022589,0.0,C,F,N,Y,0,202500.0,Working,Secondary / secondary special,Single / not married,House / apartment,-17803,-10079,Core staff,1,4,0
5022590,0.0,C,F,N,Y,0,202500.0,Working,Secondary / secondary special,Single / not married,House / apartment,-17803,-10079,Core staff,1,4,0
5022591,0.0,0,F,N,Y,0,202500.0,Working,Secondary / secondary special,Single / not married,House / apartment,-17803,-10079,Core staff,1,4,0
5113121,0.0,C,F,N,Y,0,202500.0,Working,Secondary / secondary special,Single / not married,House / apartment,-17803,-10079,Core staff,1,4,0
5022594,0.0,0,F,N,Y,1,144000.0,Working,Higher education,Civil marriage,House / apartment,-13435,-122,Secretaries,3,1,1
5022596,0.0,C,F,N,Y,1,144000.0,Working,Higher education,Civil marriage,House / apartment,-13435,-122,Secretaries,3,0,1
5022597,0.0,C,F,N,Y,1,144000.0,Working,Higher education,Civil marriage,House / apartment,-13435,-122,Secretaries,3,0,1
5022598,0.0,C,F,N,Y,1,144000.0,Working,Higher education,Civil marriage,House / apartment,-13435,-122,Secretaries,3,0,1
5022604,0.0,C,M,N,Y,0,337500.0,Working,Higher education,Married,House / apartment,-13263,-5269,Managers,2,0,2
5022605,0.0,C,M,N,Y,0,337500.0,Working,Higher education,Married,House / apartment,-13263,-5269,Managers,2,0,2
5113137,0.0,0,M,N,Y,0,337500.0,Working,Higher education,Married,House / apartment,-13263,-5269,Managers,2,1,2
5113138,0.0,C,M,N,Y,0,337500.0,Working,Higher education,Married,House / apartment,-13263,-5269,Managers,2,0,2
5022607,0.0,0,F,N,Y,1,112500.0,Commercial associate,Secondary / secondary special,Married,House / apartment,-8603,-1005,Core staff,3,1,1
5022608,0.0,C,M,Y,Y,1,202500.0,Working,Secondary / secondary special,Married,House / apartment,-10144,-825,Laborers,3,2,1
5022609,0.0,0,M,Y,Y,1,202500.0,Working,Secondary / secondary special,Married,House / apartment,-10144,-825,Laborers,3,2,1
5022610,0.0,0,M,Y,Y,1,202500.0,Working,Secondary / secondary special,Married,House / apartment,-10144,-825,Laborers,3,2,1
5022611,0.0,0,M,Y,Y,1,202500.0,Working,Secondary / secondary special,Married,House / apartment,-10144,-825,Laborers,3,2,1
5022612,0.0,0,M,Y,Y,1,202500.0,Working,Secondary / secondary special,Married,House / apartment,-10144,-825,Laborers,3,2,1
5022617,0.0,C,M,Y,Y,0,202500.0,Commercial associate,Secondary / secondary special,Civil marriage,House / apartment,-12022,-1674,Laborers,2,0,0
5022618,0.0,C,M,Y,Y,0,202500.0,Commercial associate,Secondary / secondary special,Civil marriage,House / apartment,-12022,-1674,Laborers,2,0,0
5022620,0.0,X,M,Y,N,0,247500.0,State servant,Higher education,Married,With parents,-12118,-2313,Core staff,2,3,0
5022621,0.0,X,M,Y,N,0,247500.0,State servant,Higher education,Married,With parents,-12118,-2313,Core staff,2,3,0
5022625,0.0,0,M,Y,N,0,247500.0,State servant,Higher education,Married,With parents,-12118,-2313,Core staff,2,3,0
5022626,0.0,0,M,Y,N,0,247500.0,State servant,Higher education,Married,With parents,-12118,-2313,Core staff,2,3,0
5022627,0.0,0,M,Y,N,0,247500.0,State servant,Higher education,Married,With parents,-12118,-2313,Core staff,2,3,0
5022648,0.0,0,M,Y,Y,1,135000.0,Commercial associate,Higher education,Married,House / apartment,-11759,-91,Managers,3,3,1
5022649,0.0,0,M,Y,Y,1,135000.0,Commercial associate,Higher education,Married,House / apartment,-11759,-91,Managers,3,3,1
5022651,0.0,C,M,Y,Y,1,135000.0,Commercial associate,Higher education,Married,House / apartment,-11759,-91,Managers,3,0,1
5022652,0.0,C,M,Y,Y,1,135000.0,Commercial associate,Higher education,Married,House / apartment,-11759,-91,Managers,3,0,1
5022655,0.0,C,M,N,Y,0,112500.0,Working,Secondary / secondary special,Single / not married,House / apartment,-17972,-1917,Sales staff,1,2,0
5022661,0.0,X,F,N,Y,0,247500.0,Commercial associate,Secondary / secondary special,Single / not married,House / apartment,-13810,-1252,Private service staff,1,1,0
5022663,0.0,C,F,N,N,1,157500.0,Working,Secondary / secondary special,Single / not married,With parents,-14858,-1432,Cleaning staff,2,4,0
5022665,0.0,C,M,Y,Y,0,157500.0,Commercial associate,Secondary / secondary special,Single / not married,Municipal apartment,-9862,-2135,Laborers,1,0,0
5022667,0.0,X,M,Y,Y,0,157500.0,Commercial associate,Secondary / secondary special,Single / not married,Municipal apartment,-9862,-2135,Laborers,1,1,0
5022668,0.0,X,M,Y,Y,0,157500.0,Commercial associate,Secondary / secondary special,Single / not married,Municipal apartment,-9862,-2135,Laborers,1,1,0
5022671,0.0,X,M,Y,Y,0,157500.0,Commercial associate,Secondary / secondary special,Single / not married,Municipal apartment,-9862,-2135,Laborers,1,1,0
5113159,0.0,C,M,Y,Y,0,157500.0,Commercial associate,Secondary / secondary special,Single / not married,Municipal apartment,-9862,-2135,Laborers,1,0,0
5022673,0.0,C,F,N,Y,1,315000.0,Commercial associate,Higher education,Married,House / apartment,-14421,-5574,Accountants,3,3,2
5022679,0.0,C,F,N,Y,1,315000.0,Commercial associate,Higher education,Married,House / apartment,-14421,-5574,Accountants,3,3,2
5022683,0.0,0,F,N,N,0,157500.0,Working,Secondary / secondary special,Separated,With parents,-14309,-548,Sales staff,1,4,0
5022684,0.0,C,F,N,N,0,157500.0,Working,Secondary / secondary special,Separated,With parents,-14309,-548,Sales staff,1,4,0
5022685,0.0,C,F,N,N,0,157500.0,Working,Secondary / secondary special,Separated,With parents,-14309,-548,Sales staff,1,4,0
5022686,0.0,0,F,N,Y,0,112500.0,Commercial associate,Secondary / secondary special,Single / not married,House / apartment,-15903,-762,Sales staff,1,1,0
5022687,0.0,0,F,N,Y,0,112500.0,Commercial associate,Secondary / secondary special,Single / not married,House / apartment,-15903,-762,Sales staff,1,1,0
5022691,0.0,0,F,Y,Y,0,135000.0,Working,Incomplete higher,Civil marriage,House / apartment,-10669,-3109,Laborers,2,4,0
5022692,0.0,X,F,Y,Y,0,135000.0,Working,Incomplete higher,Civil marriage,House / apartment,-10669,-3109,Laborers,2,1,0
5022698,0.0,C,M,Y,Y,0,315000.0,Working,Secondary / secondary special,Single / not married,House / apartment,-14064,-5326,Drivers,1,2,2
5022700,0.0,C,M,Y,Y,0,315000.0,Working,Secondary / secondary special,Single / not married,House / apartment,-14064,-5326,Drivers,1,2,2
5022703,0.0,0,M,Y,Y,0,315000.0,Working,Secondary / secondary special,Single / not married,House / apartment,-14064,-5326,Drivers,1,4,2
5022704,0.0,C,M,Y,Y,0,315000.0,Working,Secondary / secondary special,Single / not married,House / apartment,-14064,-5326,Drivers,1,2,2
5022707,0.0,C,M,Y,Y,0,315000.0,Working,Secondary / secondary special,Single / not married,House / apartment,-14064,-5326,Drivers,1,2,2
5022712,0.0,C,M,N,Y,0,157500.0,Working,Secondary / secondary special,Married,House / apartment,-23406,-2617,Security staff,2,2,0
5022713,0.0,0,M,N,Y,0,157500.0,Working,Secondary / secondary special,Married,House / apartment,-23406,-2617,Security staff,2,4,0
5022715,0.0,C,M,N,Y,0,157500.0,Working,Secondary / secondary special,Married,House / apartment,-23406,-2617,Security staff,2,2,0
5022716,0.0,C,M,N,Y,0,157500.0,Working,Secondary / secondary special,Married,House / apartment,-23406,-2617,Security staff,2,2,0
5022717,0.0,C,M,N,Y,0,157500.0,Working,Secondary / secondary special,Married,House / apartment,-23406,-2617,Security staff,2,2,0
5022718,0.0,C,M,N,Y,0,157500.0,Working,Secondary / secondary special,Married,House / apartment,-23406,-2617,Security staff,2,2,0
5022719,0.0,C,M,N,Y,0,157500.0,Working,Secondary / secondary special,Married,House / apartment,-23406,-2617,Security staff,2,2,0
5022720,0.0,0,M,Y,Y,2,157500.0,Working,Secondary / secondary special,Married,House / apartment,-15202,-674,Drivers,4,2,1
5022722,0.0,0,M,Y,Y,2,157500.0,Working,Secondary / secondary special,Married,House / apartment,-15202,-674,Drivers,4,2,1
5090617,0.0,0,M,Y,Y,2,157500.0,Working,Secondary / secondary special,Married,House / apartment,-15202,-674,Drivers,4,2,1
5022730,0.0,C,M,Y,N,3,360000.0,Commercial associate,Secondary / secondary special,Married,House / apartment,-15262,-1674,Managers,5,0,1
5022741,0.0,0,F,N,Y,0,180000.0,Working,Secondary / secondary special,Married,House / apartment,-9791,-1344,Sales staff,2,4,0
5022757,0.0,0,F,N,Y,0,180000.0,Working,Secondary / secondary special,Married,House / apartment,-9791,-1344,Sales staff,2,4,0
5022759,0.0,C,F,N,Y,0,180000.0,Working,Secondary / secondary special,Married,House / apartment,-9791,-1344,Sales staff,2,2,0
5113193,0.0,C,F,N,Y,0,180000.0,Working,Secondary / secondary special,Married,House / apartment,-9791,-1344,Sales staff,2,2,0
5022744,0.0,C,F,N,N,1,202500.0,Commercial associate,Secondary / secondary special,Separated,House / apartment,-10800,-3166,Sales staff,2,1,0
5022750,0.0,0,F,N,N,1,202500.0,Commercial associate,Secondary / secondary special,Separated,House / apartment,-10800,-3166,Sales staff,2,1,0
5022751,0.0,C,F,N,N,1,202500.0,Commercial associate,Secondary / secondary special,Separated,House / apartment,-10800,-3166,Sales staff,2,1,0
5022755,0.0,C,F,N,N,1,202500.0,Commercial associate,Secondary / secondary special,Separated,House / apartment,-10800,-3166,Sales staff,2,1,0
5022765,0.0,X,F,N,N,0,112500.0,State servant,Secondary / secondary special,Married,House / apartment,-11366,-3927,Core staff,2,1,0
5022767,0.0,X,F,N,Y,2,90000.0,Working,Secondary / secondary special,Married,With parents,-13847,-366,Medicine staff,4,4,1
5022768,0.0,X,F,N,Y,2,90000.0,Working,Secondary / secondary special,Married,With parents,-13847,-366,Medicine staff,4,4,1
5022769,0.0,C,F,N,Y,2,90000.0,Working,Secondary / secondary special,Married,With parents,-13847,-366,Medicine staff,4,2,1
5022770,0.0,X,F,N,Y,2,90000.0,Working,Secondary / secondary special,Married,With parents,-13847,-366,Medicine staff,4,4,1
5022771,0.0,X,F,N,Y,2,90000.0,Working,Secondary / secondary special,Married,With parents,-13847,-366,Medicine staff,4,4,1
5022772,0.0,X,F,N,Y,2,90000.0,Working,Secondary / secondary special,Married,With parents,-13847,-366,Medicine staff,4,4,1
5022773,0.0,X,F,N,Y,2,90000.0,Working,Secondary / secondary special,Married,With parents,-13847,-366,Medicine staff,4,4,1
5022783,0.0,C,M,Y,Y,1,216000.0,Working,Higher education,Widow,House / apartment,-13127,-1279,Managers,2,0,0
5022784,0.0,X,M,Y,Y,1,216000.0,Working,Higher education,Widow,House / apartment,-13127,-1279,Managers,2,0,0
5022787,0.0,C,M,Y,Y,1,216000.0,Working,Higher education,Widow,House / apartment,-13127,-1279,Managers,2,0,0
5022788,0.0,0,M,Y,Y,1,216000.0,Working,Higher education,Widow,House / apartment,-13127,-1279,Managers,2,0,0
5022790,0.0,C,F,N,N,0,112500.0,Working,Secondary / secondary special,Separated,House / apartment,-12369,-187,Core staff,1,4,0
5022792,0.0,C,F,Y,Y,0,202500.0,Working,Higher education,Widow,House / apartment,-11998,-1497,Managers,1,0,0
5022795,0.0,C,F,Y,Y,0,202500.0,Working,Higher education,Widow,House / apartment,-11998,-1497,Managers,1,0,0
5022796,0.0,0,F,Y,Y,0,202500.0,Working,Higher education,Widow,House / apartment,-11998,-1497,Managers,1,1,0
5022797,0.0,C,F,Y,Y,0,202500.0,Working,Higher education,Widow,House / apartment,-11998,-1497,Managers,1,0,0
5022799,0.0,C,F,Y,Y,0,202500.0,Working,Higher education,Widow,House / apartment,-11998,-1497,Managers,1,0,0
5022802,0.0,C,F,Y,Y,0,202500.0,Working,Higher education,Widow,House / apartment,-11998,-1497,Managers,1,0,0
5022803,0.0,C,F,Y,Y,0,202500.0,Working,Higher education,Widow,House / apartment,-11998,-1497,Managers,1,0,0
5090079,0.0,C,F,Y,Y,0,202500.0,Working,Higher education,Widow,House / apartment,-11998,-1497,Managers,1,0,0
5022807,0.0,C,F,N,Y,1,180000.0,Working,Higher education,Married,House / apartment,-11900,-731,Sales staff,3,0,1
5022808,0.0,C,F,N,Y,1,180000.0,Working,Higher education,Married,House / apartment,-11900,-731,Sales staff,3,0,1
5022809,0.0,0,M,N,Y,0,135000.0,Commercial associate,Secondary / secondary special,Single / not married,Rented apartment,-7723,-366,Sales staff,1,1,0
5022810,0.0,0,M,N,Y,0,135000.0,Commercial associate,Secondary / secondary special,Single / not married,Rented apartment,-7723,-366,Sales staff,1,1,0
5022811,0.0,C,F,N,Y,0,261000.0,Commercial associate,Secondary / secondary special,Single / not married,House / apartment,-8477,-947,Laborers,1,1,0
5022812,0.0,X,F,N,Y,0,261000.0,Commercial associate,Secondary / secondary special,Single / not married,House / apartment,-8477,-947,Laborers,1,1,0
5022813,0.0,X,F,N,Y,0,261000.0,Commercial associate,Secondary / secondary special,Single / not married,House / apartment,-8477,-947,Laborers,1,1,0
5022814,0.0,0,F,N,Y,0,261000.0,Commercial associate,Secondary / secondary special,Single / not married,House / apartment,-8477,-947,Laborers,1,1,0
5022815,0.0,0,F,N,Y,0,261000.0,Commercial associate,Secondary / secondary special,Single / not married,House / apartment,-8477,-947,Laborers,1,1,0
5022817,0.0,X,M,Y,Y,0,202500.0,Working,Secondary / secondary special,Married,House / apartment,-17262,-1617,Core staff,2,2,0
5022818,0.0,X,M,Y,Y,0,202500.0,Working,Secondary / secondary special,Married,House / apartment,-17262,-1617,Core staff,2,2,0
5022827,0.0,0,M,Y,Y,0,202500.0,Working,Secondary / secondary special,Married,House / apartment,-17262,-1617,Core staff,2,4,0
5022831,0.0,0,M,Y,Y,0,202500.0,Working,Secondary / secondary special,Married,House / apartment,-17262,-1617,Core staff,2,4,0
5022833,0.0,C,M,Y,Y,0,202500.0,Working,Secondary / secondary special,Married,House / apartment,-17262,-1617,Core staff,2,2,0
5022834,0.0,0,M,Y,Y,0,202500.0,Working,Secondary / secondary special,Married,House / apartment,-17262,-1617,Core staff,2,4,0
5022836,0.0,0,M,Y,Y,0,202500.0,Working,Secondary / secondary special,Married,House / apartment,-17262,-1617,Core staff,2,4,0
5022837,0.0,C,M,Y,Y,0,202500.0,Working,Secondary / secondary special,Married,House / apartment,-17262,-1617,Core staff,2,2,0
5022841,0.0,C,M,N,Y,0,180000.0,Commercial associate,Secondary / secondary special,Separated,House / apartment,-12494,-978,Laborers,1,1,0
5022842,0.0,0,M,N,Y,0,180000.0,Commercial associate,Secondary / secondary special,Separated,House / apartment,-12494,-978,Laborers,1,1,0
5022843,0.0,C,M,N,Y,0,180000.0,Commercial associate,Secondary / secondary special,Separated,House / apartment,-12494,-978,Laborers,1,1,0
5022844,0.0,C,M,N,Y,0,180000.0,Commercial associate,Secondary / secondary special,Separated,House / apartment,-12494,-978,Laborers,1,1,0
5022845,0.0,C,M,N,Y,0,180000.0,Commercial associate,Secondary / secondary special,Separated,House / apartment,-12494,-978,Laborers,1,1,0
5113222,0.0,0,M,N,Y,0,180000.0,Commercial associate,Secondary / secondary special,Separated,House / apartment,-12494,-978,Laborers,1,1,0
5022851,0.0,C,F,N,Y,0,202500.0,Working,Higher education,Married,House / apartment,-18902,-8649,Managers,2,0,0
5022852,0.0,C,F,N,Y,0,202500.0,Working,Higher education,Married,House / apartment,-18902,-8649,Managers,2,0,0
5022853,0.0,0,F,N,Y,0,202500.0,Working,Higher education,Married,House / apartment,-18902,-8649,Managers,2,1,0
5113224,0.0,C,F,N,Y,0,202500.0,Working,Higher education,Married,House / apartment,-18902,-8649,Managers,2,0,0
5022858,0.0,X,F,N,N,0,202500.0,Working,Higher education,Single / not married,Rented apartment,-19586,-1309,Managers,1,1,0
5022859,0.0,C,F,Y,Y,0,180000.0,Working,Higher education,Single / not married,House / apartment,-16616,-5815,Core staff,1,0,0
5022860,0.0,C,F,Y,Y,0,180000.0,Working,Higher education,Single / not married,House / apartment,-16616,-5815,Core staff,1,0,0
5022862,0.0,0,F,N,Y,0,67500.0,Working,Secondary / secondary special,Single / not married,House / apartment,-13621,-852,Accountants,1,4,0
5022863,0.0,0,F,Y,Y,2,225000.0,Commercial associate,Higher education,Married,House / apartment,-14100,-3623,Private service staff,4,3,1
5022864,0.0,0,F,Y,Y,2,225000.0,Commercial associate,Higher education,Married,House / apartment,-14100,-3623,Private service staff,4,3,1
5022866,0.0,C,F,Y,Y,2,225000.0,Commercial associate,Higher education,Married,House / apartment,-14100,-3623,Private service staff,4,3,1
5022868,0.0,C,F,Y,Y,2,225000.0,Commercial associate,Higher education,Married,House / apartment,-14100,-3623,Private service staff,4,3,1
5022869,0.0,C,F,Y,Y,2,225000.0,Commercial associate,Higher education,Married,House / apartment,-14100,-3623,Private service staff,4,3,1
5022870,0.0,0,F,Y,Y,2,225000.0,Commercial associate,Higher education,Married,House / apartment,-14100,-3623,Private service staff,4,3,1
5022871,0.0,C,F,Y,Y,2,225000.0,Commercial associate,Higher education,Married,House / apartment,-14100,-3623,Private service staff,4,3,1
5022872,0.0,C,F,Y,Y,2,225000.0,Commercial associate,Higher education,Married,House / apartment,-14100,-3623,Private service staff,4,3,1
5022873,0.0,C,F,Y,Y,2,225000.0,Commercial associate,Higher education,Married,House / apartment,-14100,-3623,Private service staff,4,3,1
5022875,0.0,0,F,Y,Y,2,225000.0,Commercial associate,Higher education,Married,House / apartment,-14100,-3623,Private service staff,4,3,1
5022877,0.0,0,F,Y,Y,2,225000.0,Commercial associate,Higher education,Married,House / apartment,-14100,-3623,Private service staff,4,3,1
5022878,0.0,C,F,Y,Y,2,225000.0,Commercial associate,Higher education,Married,House / apartment,-14100,-3623,Private service staff,4,3,1
5022879,0.0,C,M,Y,Y,1,315000.0,Working,Secondary / secondary special,Separated,House / apartment,-16314,-882,Managers,2,2,2
5022882,0.0,0,M,Y,Y,1,315000.0,Working,Secondary / secondary special,Separated,House / apartment,-16314,-882,Managers,2,4,2
5022888,0.0,C,M,Y,Y,1,315000.0,Working,Secondary / secondary special,Separated,House / apartment,-16314,-882,Managers,2,2,2
5022889,0.0,0,M,Y,Y,1,315000.0,Working,Secondary / secondary special,Separated,House / apartment,-16314,-882,Managers,2,4,2
5022890,0.0,X,M,Y,Y,1,315000.0,Working,Secondary / secondary special,Separated,House / apartment,-16314,-882,Managers,2,2,2
5022894,0.0,X,M,N,Y,0,315000.0,Working,Incomplete higher,Married,House / apartment,-13326,-2588,Laborers,2,2,2
5022895,0.0,0,M,N,Y,0,315000.0,Working,Incomplete higher,Married,House / apartment,-13326,-2588,Laborers,2,4,2
5022896,0.0,0,M,N,Y,0,315000.0,Working,Incomplete higher,Married,House / apartment,-13326,-2588,Laborers,2,4,2
5022897,0.0,C,F,N,Y,0,126000.0,State servant,Higher education,Married,House / apartment,-19292,-1371,Core staff,2,3,0
5022906,0.0,C,M,N,N,0,189000.0,State servant,Secondary / secondary special,Married,House / apartment,-15752,-2770,Core staff,2,0,0
5022909,0.0,C,M,N,N,0,189000.0,State servant,Secondary / secondary special,Married,House / apartment,-15752,-2770,Core staff,2,0,0
5022910,0.0,C,M,N,N,0,189000.0,State servant,Secondary / secondary special,Married,House / apartment,-15752,-2770,Core staff,2,0,0
5022912,0.0,C,F,N,Y,0,225000.0,Working,Higher education,Single / not married,House / apartment,-12195,-2592,Managers,1,0,0
5022913,0.0,C,F,N,Y,0,225000.0,Working,Higher education,Single / not married,House / apartment,-12195,-2592,Managers,1,0,0
5022914,0.0,X,F,N,Y,0,225000.0,Working,Higher education,Single / not married,House / apartment,-12195,-2592,Managers,1,1,0
5022917,0.0,C,F,N,Y,0,225000.0,Working,Higher education,Single / not married,House / apartment,-12195,-2592,Managers,1,0,0
5022918,0.0,C,F,N,Y,0,225000.0,Working,Higher education,Single / not married,House / apartment,-12195,-2592,Managers,1,0,0
5022921,0.0,C,F,N,Y,0,225000.0,Working,Higher education,Single / not married,House / apartment,-12195,-2592,Managers,1,0,0
5090081,0.0,C,F,N,Y,0,225000.0,Working,Higher education,Single / not married,House / apartment,-12195,-2592,Managers,1,0,0
5113054,0.0,C,F,N,Y,0,225000.0,Working,Higher education,Single / not married,House / apartment,-12195,-2592,Managers,1,0,0
5022930,0.0,0,F,N,Y,0,270000.0,Working,Higher education,Married,House / apartment,-9154,-187,Laborers,2,1,0
5022932,0.0,0,M,Y,Y,2,315000.0,Working,Higher education,Married,House / apartment,-12615,-1156,Laborers,4,0,1
5022933,0.0,0,M,Y,Y,2,315000.0,Working,Higher education,Married,House / apartment,-12615,-1156,Laborers,4,0,1
5022934,0.0,0,M,Y,Y,2,315000.0,Working,Higher education,Married,House / apartment,-12615,-1156,Laborers,4,0,1
5022935,0.0,C,M,N,N,1,135000.0,Working,Lower secondary,Married,House / apartment,-11642,-248,Low-skill Laborers,3,2,1
5022938,0.0,X,F,Y,N,0,202500.0,Commercial associate,Incomplete higher,Separated,House / apartment,-14096,-1344,Accountants,1,3,0
5022939,0.0,C,F,Y,N,0,202500.0,Commercial associate,Incomplete higher,Separated,House / apartment,-14096,-1344,Accountants,1,3,0
5022940,0.0,C,F,Y,N,0,202500.0,Commercial associate,Incomplete higher,Separated,House / apartment,-14096,-1344,Accountants,1,3,0
5022942,0.0,0,F,Y,N,0,202500.0,Commercial associate,Incomplete higher,Separated,House / apartment,-14096,-1344,Accountants,1,1,0
5022943,0.0,0,F,Y,N,0,202500.0,Commercial associate,Incomplete higher,Separated,House / apartment,-14096,-1344,Accountants,1,1,0
5022945,0.0,C,F,Y,N,0,202500.0,Commercial associate,Incomplete higher,Separated,House / apartment,-14096,-1344,Accountants,1,3,0
5022946,0.0,X,F,Y,N,0,202500.0,Commercial associate,Incomplete higher,Separated,House / apartment,-14096,-1344,Accountants,1,3,0
5022947,0.0,C,F,Y,N,0,202500.0,Commercial associate,Incomplete higher,Separated,House / apartment,-14096,-1344,Accountants,1,3,0
5113056,0.0,0,F,Y,N,0,202500.0,Commercial associate,Incomplete higher,Separated,House / apartment,-14096,-1344,Accountants,1,1,0
5022950,0.0,C,M,N,Y,0,135000.0,Working,Incomplete higher,Single / not married,With parents,-8231,-731,Cooking staff,1,0,0
5022951,0.0,C,M,N,Y,0,135000.0,Working,Incomplete higher,Single / not married,With parents,-8231,-731,Cooking staff,1,0,0
5022958,0.0,C,F,N,N,0,99000.0,Commercial associate,Secondary / secondary special,Separated,House / apartment,-15025,-213,Sales staff,1,1,0
5022963,0.0,0,F,Y,Y,3,135000.0,Working,Secondary / secondary special,Married,House / apartment,-12928,-1313,Accountants,5,4,1
5022979,0.0,C,F,Y,Y,0,225000.0,Working,Incomplete higher,Married,House / apartment,-18868,-11954,Managers,2,0,2
5022981,0.0,C,F,Y,Y,0,225000.0,Working,Incomplete higher,Married,House / apartment,-18868,-11954,Managers,2,0,2
5022986,0.0,C,F,Y,Y,0,225000.0,Working,Incomplete higher,Married,House / apartment,-18868,-11954,Managers,2,0,2
5022996,0.0,C,F,N,Y,0,180000.0,Working,Secondary / secondary special,Single / not married,House / apartment,-23007,-11589,Cleaning staff,1,4,0
5022997,0.0,C,F,N,Y,0,180000.0,Working,Secondary / secondary special,Single / not married,House / apartment,-23007,-11589,Cleaning staff,1,4,0
5023000,0.0,0,F,N,Y,0,180000.0,Working,Secondary / secondary special,Single / not married,House / apartment,-23007,-11589,Cleaning staff,1,4,0
5023001,0.0,0,F,N,Y,0,180000.0,Working,Secondary / secondary special,Single / not married,House / apartment,-23007,-11589,Cleaning staff,1,4,0
5023002,0.0,0,F,N,Y,0,180000.0,Working,Secondary / secondary special,Single / not married,House / apartment,-23007,-11589,Cleaning staff,1,4,0
5023004,0.0,C,F,N,Y,0,180000.0,Working,Secondary / secondary special,Single / not married,House / apartment,-23007,-11589,Cleaning staff,1,4,0
5023007,0.0,C,F,N,N,0,157500.0,Working,Secondary / secondary special,Married,House / apartment,-13779,-1878,Sales staff,2,2,0
5023008,0.0,C,F,N,N,0,157500.0,Working,Secondary / secondary special,Married,House / apartment,-13779,-1878,Sales staff,2,2,0
5023025,0.0,C,M,N,Y,0,148500.0,Working,Secondary / secondary special,Married,House / apartment,-18690,-5014,Laborers,2,2,0
5023027,0.0,C,M,N,Y,0,148500.0,Working,Secondary / secondary special,Married,House / apartment,-18690,-5014,Laborers,2,2,0
5023029,0.0,0,M,N,Y,0,148500.0,Working,Secondary / secondary special,Married,House / apartment,-18690,-5014,Laborers,2,4,0
5023031,0.0,X,F,N,Y,0,202500.0,Commercial associate,Secondary / secondary special,Married,House / apartment,-15088,-2092,Sales staff,2,1,0
5023032,0.0,C,F,N,Y,0,202500.0,Commercial associate,Secondary / secondary special,Married,House / apartment,-15088,-2092,Sales staff,2,1,0
5023033,0.0,C,F,N,Y,0,202500.0,Commercial associate,Secondary / secondary special,Married,House / apartment,-15088,-2092,Sales staff,2,1,0
5023034,0.0,C,M,N,Y,0,112500.0,Working,Secondary / secondary special,Married,House / apartment,-17810,-1727,Laborers,2,2,0
5023035,0.0,C,M,N,Y,0,112500.0,Working,Secondary / secondary special,Married,House / apartment,-17810,-1727,Laborers,2,2,0
5023048,0.0,C,F,N,Y,0,67500.0,Working,Secondary / secondary special,Married,House / apartment,-10760,-2884,Laborers,2,2,0
5023049,0.0,0,F,N,Y,0,67500.0,Working,Secondary / secondary special,Married,House / apartment,-10760,-2884,Laborers,2,4,0
5023050,0.0,X,F,N,Y,0,67500.0,Working,Secondary / secondary special,Married,House / apartment,-10760,-2884,Laborers,2,4,0
5023052,0.0,0,F,N,Y,3,112500.0,Working,Secondary / secondary special,Married,House / apartment,-13073,-4526,Medicine staff,5,4,1
5023057,0.0,C,M,Y,Y,1,112500.0,Working,Secondary / secondary special,Married,House / apartment,-11279,-508,Laborers,3,2,1
5023060,0.0,C,F,N,Y,0,202500.0,Commercial associate,Secondary / secondary special,Separated,House / apartment,-16806,-2670,Sales staff,1,1,0
5023061,0.0,C,F,N,Y,0,202500.0,Commercial associate,Secondary / secondary special,Separated,House / apartment,-16806,-2670,Sales staff,1,1,0
5023072,0.0,0,F,Y,Y,0,81000.0,Working,Higher education,Married,House / apartment,-12615,-843,Cooking staff,2,1,0
5023073,0.0,0,F,Y,Y,0,81000.0,Working,Higher education,Married,House / apartment,-12615,-843,Cooking staff,2,1,0
5023076,0.0,C,F,Y,Y,0,81000.0,Working,Higher education,Married,House / apartment,-12615,-843,Cooking staff,2,0,0
5023077,0.0,C,F,Y,Y,0,81000.0,Working,Higher education,Married,House / apartment,-12615,-843,Cooking staff,2,0,0
5023081,0.0,C,M,N,Y,0,135000.0,State servant,Incomplete higher,Single / not married,House / apartment,-8758,-296,High skill tech staff,1,0,0
5023082,0.0,X,M,N,Y,0,135000.0,State servant,Incomplete higher,Single / not married,House / apartment,-8758,-296,High skill tech staff,1,1,0
5023088,0.0,0,F,Y,N,1,175500.0,Commercial associate,Secondary / secondary special,Single / not married,Municipal apartment,-11709,-4983,Laborers,2,1,0
5023089,0.0,X,F,N,N,0,202500.0,Working,Secondary / secondary special,Separated,House / apartment,-16868,-4161,Laborers,1,4,0
5023092,0.0,C,F,N,N,0,202500.0,Working,Secondary / secondary special,Separated,House / apartment,-16868,-4161,Laborers,1,2,0
5023095,0.0,C,F,N,N,0,202500.0,Working,Secondary / secondary special,Separated,House / apartment,-16868,-4161,Laborers,1,2,0
5023096,0.0,X,F,N,N,0,202500.0,Working,Secondary / secondary special,Separated,House / apartment,-16868,-4161,Laborers,1,4,0
5023097,0.0,0,M,Y,Y,1,180000.0,Working,Secondary / secondary special,Married,House / apartment,-16819,-4404,Drivers,3,2,1
5023105,0.0,C,M,Y,Y,1,67500.0,Working,Secondary / secondary special,Married,House / apartment,-15156,-1696,Core staff,3,2,1
5023107,0.0,C,M,Y,Y,1,67500.0,Working,Secondary / secondary special,Married,House / apartment,-15156,-1696,Core staff,3,2,1
5023109,0.0,C,M,Y,Y,1,67500.0,Working,Secondary / secondary special,Married,House / apartment,-15156,-1696,Core staff,3,2,1
5023110,0.0,C,M,N,Y,0,382500.0,Working,Higher education,Married,House / apartment,-10136,-539,Laborers,2,0,2
5023111,0.0,X,M,N,Y,0,382500.0,Working,Higher education,Married,House / apartment,-10136,-539,Laborers,2,0,2
5023120,0.0,X,F,Y,N,0,328500.0,Commercial associate,Secondary / secondary special,Married,House / apartment,-12691,-2000,Realty agents,2,1,2
5023121,0.0,X,F,Y,N,0,328500.0,Commercial associate,Secondary / secondary special,Married,House / apartment,-12691,-2000,Realty agents,2,1,2
5023122,0.0,X,F,Y,N,0,328500.0,Commercial associate,Secondary / secondary special,Married,House / apartment,-12691,-2000,Realty agents,2,1,2
5023124,0.0,X,F,Y,N,0,328500.0,Commercial associate,Secondary / secondary special,Married,House / apartment,-12691,-2000,Realty agents,2,1,2
5023129,0.0,X,F,Y,N,0,328500.0,Commercial associate,Secondary / secondary special,Married,House / apartment,-12691,-2000,Realty agents,2,1,2
5023133,0.0,C,F,N,Y,1,180000.0,Working,Higher education,Married,House / apartment,-12288,-1635,Core staff,3,0,1
5023134,0.0,0,F,N,Y,1,180000.0,Working,Higher education,Married,House / apartment,-12288,-1635,Core staff,3,1,1
5023150,0.0,C,M,N,Y,1,315000.0,Working,Higher education,Married,House / apartment,-11400,-1513,Managers,3,0,2
5023152,0.0,0,M,N,Y,1,315000.0,Working,Higher education,Married,House / apartment,-11400,-1513,Managers,3,1,2
5023153,0.0,C,F,N,N,0,126000.0,Commercial associate,Secondary / secondary special,Married,Municipal apartment,-13658,-6383,Sales staff,2,1,0
5023160,0.0,C,F,N,N,0,126000.0,Commercial associate,Secondary / secondary special,Married,Municipal apartment,-13658,-6383,Sales staff,2,1,0
5023161,0.0,0,F,N,N,0,126000.0,Commercial associate,Secondary / secondary special,Married,Municipal apartment,-13658,-6383,Sales staff,2,1,0
5023171,0.0,X,F,N,Y,1,117000.0,State servant,Secondary / secondary special,Married,House / apartment,-15081,-2061,Medicine staff,3,1,1
5023172,0.0,C,F,N,Y,1,337500.0,Working,Secondary / secondary special,Civil marriage,House / apartment,-17738,-4710,Laborers,3,2,2
5023176,0.0,C,F,N,Y,1,337500.0,Working,Secondary / secondary special,Civil marriage,House / apartment,-17738,-4710,Laborers,3,2,2
5023177,0.0,0,F,N,Y,1,337500.0,Working,Secondary / secondary special,Civil marriage,House / apartment,-17738,-4710,Laborers,3,4,2
5023183,0.0,0,M,Y,Y,0,135000.0,Working,Secondary / secondary special,Married,House / apartment,-17235,-2700,Core staff,2,4,0
5023184,0.0,C,M,Y,Y,0,135000.0,Working,Secondary / secondary special,Married,House / apartment,-17235,-2700,Core staff,2,2,0
5023185,0.0,0,M,Y,Y,0,135000.0,Working,Secondary / secondary special,Married,House / apartment,-17235,-2700,Core staff,2,4,0
5023186,0.0,C,M,Y,Y,0,135000.0,Working,Secondary / secondary special,Married,House / apartment,-17235,-2700,Core staff,2,2,0
5023187,0.0,C,M,Y,Y,0,135000.0,Working,Secondary / secondary special,Married,House / apartment,-17235,-2700,Core staff,2,2,0
5023188,0.0,C,M,Y,Y,0,135000.0,Working,Secondary / secondary special,Married,House / apartment,-17235,-2700,Core staff,2,2,0
5023201,0.0,C,M,Y,Y,2,180000.0,Commercial associate,Secondary / secondary special,Married,House / apartment,-15790,-1939,Drivers,4,0,1
5023203,0.0,X,M,Y,Y,2,180000.0,Commercial associate,Secondary / secondary special,Married,House / apartment,-15790,-1939,Drivers,4,1,1
5023204,0.0,0,M,Y,Y,2,180000.0,Commercial associate,Secondary / secondary special,Married,House / apartment,-15790,-1939,Drivers,4,1,1
5023205,0.0,0,M,Y,N,0,135000.0,Working,Higher education,Married,House / apartment,-19354,-5287,Core staff,2,0,0
5023207,0.0,X,F,N,N,1,135000.0,Commercial associate,Secondary / secondary special,Married,House / apartment,-14438,-235,Sales staff,3,1,1
5023209,0.0,X,F,N,N,1,135000.0,Commercial associate,Secondary / secondary special,Married,House / apartment,-14438,-235,Sales staff,3,1,1
5023210,0.0,C,F,N,N,1,135000.0,Commercial associate,Secondary / secondary special,Married,House / apartment,-14438,-235,Sales staff,3,1,1
5023211,0.0,C,F,N,N,1,135000.0,Commercial associate,Secondary / secondary special,Married,House / apartment,-14438,-235,Sales staff,3,1,1
5023212,0.0,C,F,N,N,1,135000.0,Commercial associate,Secondary / secondary special,Married,House / apartment,-14438,-235,Sales staff,3,1,1
5023213,0.0,C,M,Y,Y,0,225000.0,Working,Secondary / secondary special,Married,House / apartment,-16712,-2243,Drivers,2,2,0
5023216,0.0,C,M,Y,Y,0,225000.0,Working,Secondary / secondary special,Married,House / apartment,-16712,-2243,Drivers,2,2,0
5023217,0.0,C,M,Y,Y,0,225000.0,Working,Secondary / secondary special,Married,House / apartment,-16712,-2243,Drivers,2,2,0
5023231,0.0,0,M,Y,Y,0,270000.0,Working,Secondary / secondary special,Separated,House / apartment,-17376,-1362,Laborers,1,4,0
5023232,0.0,C,F,Y,Y,0,225000.0,Commercial associate,Higher education,Single / not married,House / apartment,-11202,-1270,Core staff,1,3,0
5023233,0.0,0,F,Y,Y,0,225000.0,Commercial associate,Higher education,Single / not married,House / apartment,-11202,-1270,Core staff,1,3,0
5023234,0.0,C,F,Y,Y,0,225000.0,Commercial associate,Higher education,Single / not married,House / apartment,-11202,-1270,Core staff,1,3,0
5023236,0.0,C,F,Y,Y,0,225000.0,Commercial associate,Higher education,Single / not married,House / apartment,-11202,-1270,Core staff,1,3,0
5023237,0.0,0,F,Y,Y,0,225000.0,Commercial associate,Higher education,Single / not married,House / apartment,-11202,-1270,Core staff,1,3,0
5023238,0.0,0,F,Y,Y,0,225000.0,Commercial associate,Higher education,Single / not married,House / apartment,-11202,-1270,Core staff,1,3,0
5023253,0.0,C,M,N,Y,0,112500.0,Working,Secondary / secondary special,Separated,House / apartment,-20433,-2396,Drivers,1,2,0
5023254,0.0,C,M,N,Y,0,112500.0,Working,Secondary / secondary special,Separated,House / apartment,-20433,-2396,Drivers,1,2,0
5023255,0.0,C,M,N,Y,0,112500.0,Working,Secondary / secondary special,Separated,House / apartment,-20433,-2396,Drivers,1,2,0
5023256,0.0,0,M,N,Y,0,112500.0,Working,Secondary / secondary special,Separated,House / apartment,-20433,-2396,Drivers,1,4,0
5023261,0.0,C,M,Y,Y,0,180000.0,Commercial associate,Secondary / secondary special,Married,House / apartment,-21202,-1696,Drivers,2,0,0
5023262,0.0,C,M,Y,Y,0,180000.0,Commercial associate,Secondary / secondary special,Married,House / apartment,-21202,-1696,Drivers,2,0,0
5023263,0.0,C,M,Y,Y,0,180000.0,Commercial associate,Secondary / secondary special,Married,House / apartment,-21202,-1696,Drivers,2,0,0
5023264,0.0,0,M,Y,Y,0,180000.0,Commercial associate,Secondary / secondary special,Married,House / apartment,-21202,-1696,Drivers,2,1,0
5023265,0.0,C,M,N,Y,0,135000.0,State servant,Secondary / secondary special,Married,House / apartment,-8929,-1026,Core staff,2,0,0
5023267,0.0,X,F,N,Y,1,157500.0,Commercial associate,Secondary / secondary special,Married,House / apartment,-15350,-1331,Accountants,3,1,1
5023268,0.0,X,F,N,Y,1,157500.0,Commercial associate,Secondary / secondary special,Married,House / apartment,-15350,-1331,Accountants,3,1,1
5023279,0.0,C,F,Y,Y,0,180000.0,Commercial associate,Secondary / secondary special,Married,House / apartment,-16701,-2457,Sales staff,2,0,0
5023280,0.0,C,F,Y,Y,0,180000.0,Commercial associate,Secondary / secondary special,Married,House / apartment,-16701,-2457,Sales staff,2,0,0
5023282,0.0,C,F,Y,Y,0,180000.0,Commercial associate,Secondary / secondary special,Married,House / apartment,-16701,-2457,Sales staff,2,0,0
5023287,0.0,1,F,N,Y,1,45000.0,Commercial associate,Secondary / secondary special,Married,House / apartment,-15616,-1057,Cleaning staff,3,1,0
5023290,0.0,0,F,N,Y,1,45000.0,Commercial associate,Secondary / secondary special,Married,House / apartment,-15616,-1057,Cleaning staff,3,1,1
5023292,0.0,X,F,N,N,1,225000.0,State servant,Higher education,Civil marriage,House / apartment,-11279,-1788,Medicine staff,3,3,1
5023295,0.0,1,F,N,N,1,225000.0,State servant,Higher education,Civil marriage,House / apartment,-11279,-1788,Medicine staff,3,1,0
5023305,0.0,C,M,Y,N,1,225000.0,Working,Secondary / secondary special,Married,House / apartment,-10502,-1878,Laborers,3,2,1
5023306,0.0,C,M,Y,N,1,225000.0,Working,Secondary / secondary special,Married,House / apartment,-10502,-1878,Laborers,3,2,1
5023309,0.0,C,M,Y,N,1,225000.0,Working,Secondary / secondary special,Married,House / apartment,-10502,-1878,Laborers,3,2,1
5023311,0.0,C,M,Y,N,1,225000.0,Working,Secondary / secondary special,Married,House / apartment,-10502,-1878,Laborers,3,2,1
5023314,0.0,C,M,Y,N,1,225000.0,Working,Secondary / secondary special,Married,House / apartment,-10502,-1878,Laborers,3,2,1
5023315,0.0,X,M,Y,N,1,225000.0,Working,Secondary / secondary special,Married,House / apartment,-10502,-1878,Laborers,3,2,1
5023316,0.0,C,M,Y,N,1,225000.0,Working,Secondary / secondary special,Married,House / apartment,-10502,-1878,Laborers,3,2,1
5023320,0.0,X,F,N,N,0,135000.0,Working,Secondary / secondary special,Married,House / apartment,-13512,-4861,Laborers,2,4,0
5023321,0.0,X,F,N,N,0,135000.0,Working,Secondary / secondary special,Married,House / apartment,-13512,-4861,Laborers,2,4,0
5023336,0.0,C,F,N,Y,0,135000.0,Commercial associate,Secondary / secondary special,Married,House / apartment,-16911,-4253,Sales staff,2,1,0
5023339,0.0,C,F,N,Y,0,135000.0,Commercial associate,Secondary / secondary special,Married,House / apartment,-16911,-4253,Sales staff,2,1,0
5023341,0.0,C,F,N,Y,0,135000.0,Commercial associate,Secondary / secondary special,Married,House / apartment,-16911,-4253,Sales staff,2,1,0
5023342,0.0,C,M,Y,Y,0,900000.0,Working,Secondary / secondary special,Married,House / apartment,-18337,-1847,Managers,2,2,2
5023348,0.0,C,M,Y,Y,0,900000.0,Working,Secondary / secondary special,Married,House / apartment,-18337,-1847,Managers,2,2,2
5023350,0.0,C,M,Y,Y,0,900000.0,Working,Secondary / secondary special,Married,House / apartment,-18337,-1847,Managers,2,2,2
5023370,0.0,X,M,Y,Y,0,135000.0,Commercial associate,Secondary / secondary special,Single / not married,House / apartment,-9075,-843,Drivers,1,1,0
5023373,0.0,C,F,N,Y,2,157500.0,Commercial associate,Secondary / secondary special,Married,House / apartment,-17004,-1117,Private service staff,4,1,1
5023374,0.0,C,F,N,Y,2,157500.0,Commercial associate,Secondary / secondary special,Married,House / apartment,-17004,-1117,Private service staff,4,1,1
5023389,0.0,0,M,Y,Y,2,157500.0,Commercial associate,Higher education,Married,House / apartment,-13536,-2092,Core staff,4,3,1
5023390,0.0,C,M,Y,Y,2,157500.0,Commercial associate,Higher education,Married,House / apartment,-13536,-2092,Core staff,4,0,1
5023399,0.0,0,F,N,Y,0,99000.0,Commercial associate,Secondary / secondary special,Widow,House / apartment,-21678,-1239,Security staff,1,1,0
5023400,0.0,X,F,N,Y,0,99000.0,Commercial associate,Secondary / secondary special,Widow,House / apartment,-21678,-1239,Security staff,1,1,0
5023401,0.0,C,F,N,Y,0,99000.0,Commercial associate,Secondary / secondary special,Widow,House / apartment,-21678,-1239,Security staff,1,1,0
5023406,0.0,C,F,N,Y,0,99000.0,Commercial associate,Secondary / secondary special,Widow,House / apartment,-21678,-1239,Security staff,1,1,0
5023407,0.0,C,F,N,Y,0,135000.0,Working,Secondary / secondary special,Married,House / apartment,-19777,-5500,Cooking staff,2,2,0
5023414,0.0,0,F,Y,Y,1,225000.0,Commercial associate,Higher education,Married,House / apartment,-16503,-2670,Managers,3,3,1
5023415,0.0,C,F,Y,Y,1,225000.0,Commercial associate,Higher education,Married,House / apartment,-16503,-2670,Managers,3,3,1
5023417,0.0,C,F,Y,Y,1,225000.0,Commercial associate,Higher education,Married,House / apartment,-16503,-2670,Managers,3,3,1
5023420,0.0,C,F,Y,Y,1,225000.0,Commercial associate,Higher education,Married,House / apartment,-16503,-2670,Managers,3,3,1
5023421,0.0,C,F,Y,Y,1,225000.0,Commercial associate,Higher education,Married,House / apartment,-16503,-2670,Managers,3,3,1
5023422,0.0,0,F,Y,Y,1,225000.0,Commercial associate,Higher education,Married,House / apartment,-16503,-2670,Managers,3,3,1
5023423,0.0,0,F,Y,Y,1,225000.0,Commercial associate,Higher education,Married,House / apartment,-16503,-2670,Managers,3,3,1
5023428,0.0,0,M,N,Y,3,157500.0,Working,Higher education,Married,House / apartment,-14238,-3918,Laborers,5,1,1
5023429,0.0,0,M,N,Y,3,157500.0,Working,Higher education,Married,House / apartment,-14238,-3918,Laborers,5,1,1
5023445,0.0,C,F,N,Y,0,180000.0,Working,Higher education,Single / not married,House / apartment,-22730,-13415,Sales staff,1,0,0
5023447,0.0,C,F,N,Y,0,180000.0,Commercial associate,Secondary / secondary special,Married,House / apartment,-20560,-661,Sales staff,2,1,0
5023451,0.0,C,F,N,Y,0,180000.0,Commercial associate,Secondary / secondary special,Married,House / apartment,-20560,-661,Sales staff,2,1,0
5023457,0.0,0,F,N,Y,0,180000.0,Commercial associate,Secondary / secondary special,Married,House / apartment,-20560,-661,Sales staff,2,1,0
5023476,0.0,C,F,N,N,0,135000.0,Commercial associate,Secondary / secondary special,Married,House / apartment,-20725,-1847,Secretaries,2,1,0
5023478,0.0,C,F,N,N,0,135000.0,Commercial associate,Secondary / secondary special,Married,House / apartment,-20725,-1847,Secretaries,2,1,0
5023484,0.0,0,F,N,Y,1,119250.0,Working,Secondary / secondary special,Married,House / apartment,-15931,-4404,Core staff,3,4,1
5023494,0.0,C,F,N,Y,1,112500.0,Working,Secondary / secondary special,Married,House / apartment,-11472,-1026,Core staff,3,2,1
5023496,0.0,0,F,N,Y,1,112500.0,Working,Secondary / secondary special,Married,House / apartment,-11472,-1026,Core staff,3,4,1
5023497,0.0,C,F,N,Y,1,112500.0,Working,Secondary / secondary special,Married,House / apartment,-11472,-1026,Core staff,3,2,1
5023499,0.0,0,F,N,N,1,63000.0,Working,Secondary / secondary special,Single / not married,Municipal apartment,-16817,-4618,Cleaning staff,2,4,0
5023500,0.0,0,F,N,N,1,63000.0,Working,Secondary / secondary special,Single / not married,Municipal apartment,-16817,-4618,Cleaning staff,2,4,0
5023502,0.0,C,F,N,N,1,63000.0,Working,Secondary / secondary special,Single / not married,Municipal apartment,-16817,-4618,Cleaning staff,2,4,0
5023504,0.0,C,F,N,N,1,63000.0,Working,Secondary / secondary special,Single / not married,Municipal apartment,-16817,-4618,Cleaning staff,2,4,0
5023505,0.0,0,F,N,Y,0,207000.0,State servant,Secondary / secondary special,Widow,House / apartment,-19876,-5865,Medicine staff,1,1,0
5023506,0.0,C,F,N,Y,0,207000.0,State servant,Secondary / secondary special,Widow,House / apartment,-19876,-5865,Medicine staff,1,1,0
5023509,0.0,X,M,Y,Y,1,112500.0,Working,Higher education,Married,House / apartment,-16023,-965,Drivers,3,0,1
5023511,0.0,X,M,Y,Y,1,112500.0,Working,Higher education,Married,House / apartment,-16023,-965,Drivers,3,0,1
5023514,0.0,X,M,Y,Y,1,112500.0,Working,Higher education,Married,House / apartment,-16023,-965,Drivers,3,0,1
5023516,0.0,X,M,Y,Y,1,112500.0,Working,Higher education,Married,House / apartment,-16023,-965,Drivers,3,0,1
5023517,0.0,C,M,Y,Y,1,112500.0,Working,Higher education,Married,House / apartment,-16023,-965,Drivers,3,0,1
5023518,0.0,X,M,Y,Y,1,112500.0,Working,Higher education,Married,House / apartment,-16023,-965,Drivers,3,0,1
5023519,0.0,X,M,Y,Y,1,112500.0,Working,Higher education,Married,House / apartment,-16023,-965,Drivers,3,0,1
5023520,0.0,X,M,Y,Y,1,112500.0,Working,Higher education,Married,House / apartment,-16023,-965,Drivers,3,0,1
5023521,0.0,X,M,Y,Y,1,112500.0,Working,Higher education,Married,House / apartment,-16023,-965,Drivers,3,0,1
5023522,0.0,X,M,Y,Y,0,180000.0,Commercial associate,Secondary / secondary special,Married,House / apartment,-15516,-1301,Laborers,2,2,0
5023523,0.0,C,M,Y,Y,0,180000.0,Commercial associate,Secondary / secondary special,Married,House / apartment,-15516,-1301,Laborers,2,0,0
5023524,0.0,C,M,Y,Y,0,180000.0,Commercial associate,Secondary / secondary special,Married,House / apartment,-15516,-1301,Laborers,2,0,0
5023526,0.0,0,F,N,Y,0,274500.0,Commercial associate,Secondary / secondary special,Married,House / apartment,-20459,-6930,High skill tech staff,2,1,2
5023527,0.0,0,F,N,Y,0,274500.0,Commercial associate,Secondary / secondary special,Married,House / apartment,-20459,-6930,High skill tech staff,2,1,2
5023528,0.0,0,F,N,Y,0,274500.0,Commercial associate,Secondary / secondary special,Married,House / apartment,-20459,-6930,High skill tech staff,2,1,2
5023531,0.0,0,F,N,Y,0,274500.0,Commercial associate,Secondary / secondary special,Married,House / apartment,-20459,-6930,High skill tech staff,2,1,2
5023532,0.0,0,F,N,Y,0,274500.0,Commercial associate,Secondary / secondary special,Married,House / apartment,-20459,-6930,High skill tech staff,2,1,2
5023533,0.0,X,F,N,Y,0,202500.0,Working,Secondary / secondary special,Separated,House / apartment,-13920,-904,Core staff,1,4,0
5023535,0.0,C,F,N,Y,0,202500.0,Working,Secondary / secondary special,Separated,House / apartment,-13920,-904,Core staff,1,4,0
5023541,0.0,0,F,N,Y,0,90000.0,State servant,Secondary / secondary special,Civil marriage,House / apartment,-15945,-3673,Core staff,2,1,0
5023542,0.0,C,F,N,Y,0,90000.0,State servant,Secondary / secondary special,Civil marriage,House / apartment,-15945,-3673,Core staff,2,1,0
5023543,0.0,C,F,N,Y,0,90000.0,State servant,Secondary / secondary special,Civil marriage,House / apartment,-15945,-3673,Core staff,2,1,0
5023544,0.0,X,F,N,Y,0,90000.0,State servant,Secondary / secondary special,Civil marriage,House / apartment,-15945,-3673,Core staff,2,1,0
5023545,0.0,0,F,N,Y,0,90000.0,State servant,Secondary / secondary special,Civil marriage,House / apartment,-15945,-3673,Core staff,2,1,0
5023546,0.0,C,M,Y,Y,0,90900.0,Working,Secondary / secondary special,Married,House / apartment,-21700,-2426,Laborers,2,2,0
5023547,0.0,C,M,Y,Y,0,90900.0,Working,Secondary / secondary special,Married,House / apartment,-21700,-2426,Laborers,2,2,0
5023550,0.0,C,M,Y,Y,0,90900.0,Working,Secondary / secondary special,Married,House / apartment,-21700,-2426,Laborers,2,2,0
5023551,0.0,C,F,N,N,0,202500.0,Commercial associate,Higher education,Single / not married,House / apartment,-12257,-1969,Managers,1,3,0
5023554,0.0,0,F,N,Y,1,180000.0,Working,Secondary / secondary special,Married,House / apartment,-17686,-8756,Core staff,3,4,1
5023555,0.0,0,F,N,Y,1,180000.0,Working,Secondary / secondary special,Married,House / apartment,-17686,-8756,Core staff,3,4,1
5023556,0.0,X,F,N,Y,1,180000.0,Working,Secondary / secondary special,Married,House / apartment,-17686,-8756,Core staff,3,4,1
5023559,0.0,X,F,N,Y,0,202500.0,Working,Secondary / secondary special,Widow,House / apartment,-17782,-9975,Core staff,1,4,0
5023564,0.0,0,F,N,Y,0,202500.0,Working,Secondary / secondary special,Widow,House / apartment,-17782,-9975,Core staff,1,4,0
5023566,0.0,C,M,Y,Y,3,270000.0,Commercial associate,Secondary / secondary special,Married,House / apartment,-12323,-1117,Laborers,5,0,1
5023567,0.0,0,M,Y,Y,3,270000.0,Commercial associate,Secondary / secondary special,Married,House / apartment,-12323,-1117,Laborers,5,1,1
5023584,0.0,C,M,N,N,0,202500.0,Working,Secondary / secondary special,Separated,House / apartment,-14364,-6352,Laborers,1,2,0
5023589,0.0,C,M,N,N,0,202500.0,Working,Secondary / secondary special,Separated,House / apartment,-14364,-6352,Laborers,1,2,0
5023590,0.0,C,M,N,N,0,202500.0,Working,Secondary / secondary special,Separated,House / apartment,-14364,-6352,Laborers,1,2,0
5023591,0.0,X,M,N,N,0,202500.0,Working,Secondary / secondary special,Separated,House / apartment,-14364,-6352,Laborers,1,4,0
5023592,0.0,0,M,N,N,0,202500.0,Working,Secondary / secondary special,Separated,House / apartment,-14364,-6352,Laborers,1,4,0
5023593,0.0,X,M,N,N,0,202500.0,Working,Secondary / secondary special,Separated,House / apartment,-14364,-6352,Laborers,1,4,0
5023598,0.0,0,F,Y,Y,0,225000.0,Commercial associate,Higher education,Married,House / apartment,-17235,-417,Laborers,2,3,0
5023599,0.0,0,F,Y,Y,0,225000.0,Commercial associate,Higher education,Married,House / apartment,-17235,-417,Laborers,2,3,0
5023600,0.0,0,F,Y,Y,0,225000.0,Commercial associate,Higher education,Married,House / apartment,-17235,-417,Laborers,2,3,0
5023602,0.0,0,F,N,Y,0,135000.0,Working,Secondary / secondary special,Married,House / apartment,-20323,-1727,Cleaning staff,2,4,0
5023603,0.0,C,F,N,Y,0,135000.0,Working,Secondary / secondary special,Married,House / apartment,-20323,-1727,Cleaning staff,2,2,0
5023604,0.0,X,F,N,Y,0,135000.0,Working,Secondary / secondary special,Married,House / apartment,-20323,-1727,Cleaning staff,2,4,0
5023605,0.0,X,F,N,Y,0,135000.0,Working,Secondary / secondary special,Married,House / apartment,-20323,-1727,Cleaning staff,2,4,0
5023612,0.0,C,M,Y,Y,0,202500.0,Commercial associate,Secondary / secondary special,Married,House / apartment,-17585,-235,Drivers,2,0,0
5023614,0.0,C,M,Y,Y,0,202500.0,Commercial associate,Secondary / secondary special,Married,House / apartment,-17585,-235,Drivers,2,0,0
5023615,0.0,0,M,Y,Y,0,202500.0,Commercial associate,Secondary / secondary special,Married,House / apartment,-17585,-235,Drivers,2,1,0
5023616,0.0,C,M,Y,Y,0,202500.0,Commercial associate,Secondary / secondary special,Married,House / apartment,-17585,-235,Drivers,2,0,0
5023619,0.0,C,F,N,Y,2,157500.0,Commercial associate,Secondary / secondary special,Married,House / apartment,-10806,-720,Managers,4,1,1
5023622,0.0,0,F,N,Y,2,157500.0,Commercial associate,Secondary / secondary special,Married,House / apartment,-10806,-720,Managers,4,1,1
5023623,0.0,C,F,N,N,2,180000.0,Commercial associate,Incomplete higher,Married,House / apartment,-13803,-3249,Sales staff,4,3,1
5023624,0.0,C,F,N,N,2,180000.0,Commercial associate,Incomplete higher,Married,House / apartment,-13803,-3249,Sales staff,4,3,1
5023626,0.0,C,F,N,N,2,180000.0,Commercial associate,Incomplete higher,Married,House / apartment,-13803,-3249,Sales staff,4,3,1
5023627,0.0,X,F,N,Y,0,270000.0,Commercial associate,Secondary / secondary special,Widow,House / apartment,-13270,-235,Core staff,1,1,0
5023629,0.0,0,F,N,Y,0,270000.0,Commercial associate,Secondary / secondary special,Widow,House / apartment,-13270,-235,Core staff,1,1,0
5023630,0.0,C,F,N,Y,0,270000.0,Commercial associate,Secondary / secondary special,Widow,House / apartment,-13270,-235,Core staff,1,1,0
5023632,0.0,C,F,N,Y,0,270000.0,Commercial associate,Secondary / secondary special,Widow,House / apartment,-13270,-235,Core staff,1,1,0
5023636,0.0,C,M,N,Y,1,157500.0,Working,Secondary / secondary special,Married,House / apartment,-12272,-2212,Laborers,3,2,1
5023638,0.0,C,M,N,Y,1,157500.0,Working,Secondary / secondary special,Married,House / apartment,-12272,-2212,Laborers,3,2,1
5023640,0.0,C,M,Y,N,2,225000.0,Working,Secondary / secondary special,Married,House / apartment,-14776,-2212,Drivers,4,2,1
5023644,0.0,C,M,Y,N,2,225000.0,Working,Secondary / secondary special,Married,House / apartment,-14776,-2212,Drivers,4,2,1
5023645,0.0,C,M,Y,N,2,225000.0,Working,Secondary / secondary special,Married,House / apartment,-14776,-2212,Drivers,4,2,1
5023646,0.0,C,M,Y,N,2,225000.0,Working,Secondary / secondary special,Married,House / apartment,-14776,-2212,Drivers,4,2,1
5023647,0.0,C,M,Y,N,2,225000.0,Working,Secondary / secondary special,Married,House / apartment,-14776,-2212,Drivers,4,2,1
5023650,0.0,C,F,N,N,0,225000.0,Commercial associate,Incomplete higher,Single / not married,House / apartment,-10229,-1209,Accountants,1,3,0
5023652,0.0,0,F,N,N,0,225000.0,Commercial associate,Incomplete higher,Single / not married,House / apartment,-10229,-1209,Accountants,1,1,0
5023656,0.0,C,F,N,N,0,225000.0,Commercial associate,Incomplete higher,Single / not married,House / apartment,-10229,-1209,Accountants,1,3,0
5023657,0.0,C,F,N,N,0,225000.0,Commercial associate,Incomplete higher,Single / not married,House / apartment,-10229,-1209,Accountants,1,3,0
5023662,0.0,C,M,N,Y,2,99000.0,Working,Secondary / secondary special,Married,House / apartment,-14226,-1026,Laborers,4,2,1
5023663,0.0,C,M,N,Y,2,99000.0,Working,Secondary / secondary special,Married,House / apartment,-14226,-1026,Laborers,4,2,1
5023666,0.0,0,F,N,Y,0,90000.0,Working,Secondary / secondary special,Married,House / apartment,-16274,-1513,Cooking staff,2,4,0
5023668,0.0,C,F,N,Y,0,90000.0,Working,Secondary / secondary special,Married,House / apartment,-16274,-1513,Cooking staff,2,2,0
5023671,0.0,C,F,N,Y,0,90000.0,Working,Secondary / secondary special,Married,House / apartment,-16274,-1513,Cooking staff,2,2,0
5023672,0.0,0,F,N,Y,0,90000.0,Working,Secondary / secondary special,Married,House / apartment,-16274,-1513,Cooking staff,2,4,0
5023673,0.0,0,F,N,Y,0,90000.0,Working,Secondary / secondary special,Married,House / apartment,-16274,-1513,Cooking staff,2,4,0
5023674,0.0,X,F,N,Y,0,90000.0,Working,Secondary / secondary special,Married,House / apartment,-16274,-1513,Cooking staff,2,4,0
5023675,0.0,0,F,N,Y,0,90000.0,Working,Secondary / secondary special,Married,House / apartment,-16274,-1513,Cooking staff,2,4,0
5023677,0.0,C,F,Y,Y,0,117000.0,Working,Secondary / secondary special,Married,House / apartment,-11736,-1816,Cooking staff,2,2,0
5023679,0.0,0,M,Y,Y,0,225000.0,Commercial associate,Higher education,Married,House / apartment,-20663,-3887,Managers,2,3,2
5023681,0.0,C,F,N,Y,1,67500.0,Commercial associate,Secondary / secondary special,Civil marriage,House / apartment,-11084,-1086,Sales staff,3,1,1
5023683,0.0,0,F,N,Y,1,67500.0,Commercial associate,Secondary / secondary special,Civil marriage,House / apartment,-11084,-1086,Sales staff,3,1,1
5023684,0.0,0,M,Y,Y,0,279000.0,Commercial associate,Higher education,Married,House / apartment,-20646,-4039,Laborers,2,3,2
5023685,0.0,0,M,Y,Y,0,279000.0,Commercial associate,Higher education,Married,House / apartment,-20646,-4039,Laborers,2,3,2
5023687,0.0,0,M,Y,Y,0,279000.0,Commercial associate,Higher education,Married,House / apartment,-20646,-4039,Laborers,2,3,2
5023697,0.0,C,F,N,Y,0,117000.0,Commercial associate,Secondary / secondary special,Civil marriage,House / apartment,-12185,-4710,Private service staff,2,1,0
5023698,0.0,C,F,N,Y,0,117000.0,Commercial associate,Secondary / secondary special,Civil marriage,House / apartment,-12185,-4710,Private service staff,2,1,0
5023699,0.0,0,F,N,Y,0,180000.0,Working,Secondary / secondary special,Married,House / apartment,-17733,-5622,Laborers,2,4,0
5023700,0.0,X,F,N,Y,0,180000.0,Working,Secondary / secondary special,Married,House / apartment,-17733,-5622,Laborers,2,4,0
5023703,0.0,0,F,N,Y,0,180000.0,Working,Secondary / secondary special,Married,House / apartment,-17733,-5622,Laborers,2,4,0
5023706,0.0,C,F,N,Y,0,180000.0,Working,Secondary / secondary special,Married,House / apartment,-17733,-5622,Laborers,2,2,0
5023707,0.0,0,F,N,Y,0,180000.0,Working,Secondary / secondary special,Married,House / apartment,-17733,-5622,Laborers,2,4,0
5023712,0.0,C,F,N,Y,0,180000.0,Working,Secondary / secondary special,Married,House / apartment,-17733,-5622,Laborers,2,2,0
5023713,0.0,X,F,N,Y,0,180000.0,Working,Secondary / secondary special,Married,House / apartment,-17733,-5622,Laborers,2,4,0
5023714,0.0,0,F,N,Y,0,180000.0,Working,Secondary / secondary special,Married,House / apartment,-17733,-5622,Laborers,2,4,0
5023725,0.0,0,M,Y,N,1,495000.0,Working,Secondary / secondary special,Married,House / apartment,-10261,-235,Laborers,3,2,2
5023729,0.0,X,M,Y,N,1,495000.0,Working,Secondary / secondary special,Married,House / apartment,-10261,-235,Laborers,3,2,2
5023730,0.0,X,M,Y,N,1,495000.0,Working,Secondary / secondary special,Married,House / apartment,-10261,-235,Laborers,3,2,2
5023734,0.0,C,F,N,Y,0,90000.0,Working,Secondary / secondary special,Married,House / apartment,-18975,-751,Core staff,2,2,0
5023735,0.0,C,F,N,Y,0,90000.0,Working,Secondary / secondary special,Married,House / apartment,-18975,-751,Core staff,2,2,0
5023736,0.0,C,F,N,Y,0,90000.0,Working,Secondary / secondary special,Married,House / apartment,-18975,-751,Core staff,2,2,0
5023737,0.0,X,F,N,Y,0,90000.0,Working,Secondary / secondary special,Married,House / apartment,-18975,-751,Core staff,2,4,0
5023739,0.0,C,F,N,Y,0,90000.0,Working,Secondary / secondary special,Married,House / apartment,-18975,-751,Core staff,2,2,0
5023748,0.0,C,M,Y,N,0,157500.0,Commercial associate,Secondary / secondary special,Married,House / apartment,-11454,-1604,Drivers,2,0,0
5023750,0.0,C,M,Y,N,0,157500.0,Commercial associate,Secondary / secondary special,Married,House / apartment,-11454,-1604,Drivers,2,0,0
5023752,0.0,X,M,Y,N,0,157500.0,Commercial associate,Secondary / secondary special,Married,House / apartment,-11454,-1604,Drivers,2,1,0
5023753,0.0,X,M,Y,N,0,157500.0,Commercial associate,Secondary / secondary special,Married,House / apartment,-11454,-1604,Drivers,2,1,0
5023779,0.0,C,M,Y,N,0,270000.0,Commercial associate,Higher education,Married,House / apartment,-13128,-1392,Laborers,2,0,2
5023780,0.0,C,F,N,Y,0,157500.0,Commercial associate,Higher education,Civil marriage,House / apartment,-17800,-1086,Accountants,2,3,0
5023812,0.0,C,F,N,Y,1,202500.0,Working,Secondary / secondary special,Separated,House / apartment,-13956,-5429,Laborers,2,2,0
5023813,0.0,0,F,Y,Y,0,405000.0,Commercial associate,Higher education,Civil marriage,House / apartment,-19736,-195,Accountants,2,3,2
5023820,0.0,C,F,N,N,0,112500.0,Working,Secondary / secondary special,Married,House / apartment,-16860,-711,Medicine staff,2,2,0
5023824,0.0,X,F,N,N,1,216000.0,Working,Secondary / secondary special,Married,House / apartment,-12833,-4121,Sales staff,3,4,1
5023825,0.0,C,M,Y,Y,1,247500.0,State servant,Higher education,Married,House / apartment,-12906,-4578,Core staff,3,0,1
5023833,0.0,C,F,N,Y,0,540000.0,Commercial associate,Secondary / secondary special,Married,House / apartment,-18964,-1442,Managers,2,1,2
5023836,0.0,0,F,N,Y,0,135000.0,Commercial associate,Secondary / secondary special,Widow,House / apartment,-19659,-2233,Accountants,1,1,0
5023838,0.0,C,F,Y,N,0,315000.0,Commercial associate,Secondary / secondary special,Civil marriage,House / apartment,-19801,-1077,Core staff,2,1,2
5023839,0.0,0,M,Y,Y,1,220500.0,Commercial associate,Secondary / secondary special,Married,House / apartment,-14469,-134,Drivers,3,1,1
5023841,0.0,C,F,Y,Y,0,180000.0,State servant,Higher education,Married,House / apartment,-14653,-2294,High skill tech staff,2,0,0
5023843,0.0,X,F,Y,Y,0,90000.0,Commercial associate,Secondary / secondary special,Married,House / apartment,-17206,-1626,Sales staff,2,1,0
5023845,0.0,C,M,N,Y,1,144000.0,Working,Secondary / secondary special,Married,House / apartment,-13761,-2783,Laborers,3,2,1
5023846,0.0,C,M,Y,Y,0,405000.0,Working,Higher education,Married,House / apartment,-20434,-2691,Laborers,2,0,2
5023848,0.0,C,M,N,Y,0,49500.0,Working,Secondary / secondary special,Single / not married,House / apartment,-12087,-3482,Security staff,1,2,0
5023851,0.0,C,F,N,N,1,135000.0,Working,Secondary / secondary special,Single / not married,House / apartment,-14235,-1189,Sales staff,2,4,0
5023864,0.0,C,F,N,Y,0,112500.0,Working,Secondary / secondary special,Married,House / apartment,-18179,-2773,Sales staff,2,2,0
5023867,0.0,0,F,N,Y,0,112500.0,Working,Secondary / secondary special,Married,House / apartment,-18179,-2773,Sales staff,2,4,0
5023870,0.0,C,F,N,Y,0,180000.0,Commercial associate,Secondary / secondary special,Single / not married,House / apartment,-18945,-1677,Managers,1,1,0
5023873,0.0,C,F,N,Y,0,180000.0,Commercial associate,Secondary / secondary special,Single / not married,House / apartment,-18945,-1677,Managers,1,1,0
5023874,0.0,X,F,N,Y,0,180000.0,Commercial associate,Secondary / secondary special,Single / not married,House / apartment,-18945,-1677,Managers,1,1,0
5023875,0.0,C,F,N,Y,0,180000.0,Commercial associate,Secondary / secondary special,Single / not married,House / apartment,-18945,-1677,Managers,1,1,0
5023916,0.0,C,M,Y,N,1,225000.0,Working,Secondary / secondary special,Civil marriage,House / apartment,-16173,-2862,Managers,3,2,1
5023918,0.0,0,M,Y,N,1,225000.0,Working,Secondary / secondary special,Civil marriage,House / apartment,-16173,-2862,Managers,3,4,1
5023919,0.0,C,M,Y,N,1,225000.0,Working,Secondary / secondary special,Civil marriage,House / apartment,-16173,-2862,Managers,3,2,1
5023920,0.0,X,M,Y,N,1,225000.0,Working,Secondary / secondary special,Civil marriage,House / apartment,-16173,-2862,Managers,3,2,1
5023921,0.0,C,M,Y,N,1,225000.0,Working,Secondary / secondary special,Civil marriage,House / apartment,-16173,-2862,Managers,3,2,1
5023922,0.0,0,M,Y,Y,1,225000.0,Working,Secondary / secondary special,Married,House / apartment,-17398,-458,Drivers,3,2,1
5023928,0.0,C,F,N,Y,0,157500.0,Commercial associate,Higher education,Married,Rented apartment,-11937,-1889,Cooking staff,2,3,0
5023929,0.0,C,F,N,Y,0,157500.0,Commercial associate,Higher education,Married,Rented apartment,-11937,-1889,Cooking staff,2,3,0
5023930,0.0,C,F,N,Y,2,135000.0,Working,Secondary / secondary special,Separated,House / apartment,-14874,-2407,Core staff,3,4,1
5023931,0.0,C,F,N,Y,2,135000.0,Working,Secondary / secondary special,Separated,House / apartment,-14874,-2407,Core staff,3,4,1
5023932,0.0,C,F,N,Y,2,135000.0,Working,Secondary / secondary special,Separated,House / apartment,-14874,-2407,Core staff,3,4,1
5023934,0.0,C,F,N,Y,2,135000.0,Working,Secondary / secondary special,Separated,House / apartment,-14874,-2407,Core staff,3,4,1
5023936,0.0,C,F,N,Y,2,135000.0,Working,Secondary / secondary special,Separated,House / apartment,-14874,-2407,Core staff,3,4,1
5023937,0.0,C,F,N,Y,2,135000.0,Working,Secondary / secondary special,Separated,House / apartment,-14874,-2407,Core staff,3,4,1
5023941,0.0,0,M,Y,Y,1,157500.0,Commercial associate,Secondary / secondary special,Married,House / apartment,-9066,-2407,Cooking staff,3,1,1
5023942,0.0,C,M,Y,Y,1,157500.0,Commercial associate,Secondary / secondary special,Married,House / apartment,-9066,-2407,Cooking staff,3,0,1
5023945,0.0,0,M,Y,Y,1,148500.0,Working,Secondary / secondary special,Married,House / apartment,-14962,-5176,Laborers,3,2,1
5023950,0.0,0,M,Y,Y,1,148500.0,Working,Secondary / secondary special,Married,House / apartment,-14962,-5176,Laborers,3,2,1
5023951,0.0,0,M,Y,Y,1,148500.0,Working,Secondary / secondary special,Married,House / apartment,-14962,-5176,Laborers,3,2,1
5023952,0.0,0,M,Y,Y,1,148500.0,Working,Secondary / secondary special,Married,House / apartment,-14962,-5176,Laborers,3,2,1
5023953,0.0,0,M,Y,Y,1,148500.0,Working,Secondary / secondary special,Married,House / apartment,-14962,-5176,Laborers,3,2,1
5023955,0.0,C,M,Y,Y,0,292500.0,Working,Higher education,Civil marriage,House / apartment,-16573,-1616,Managers,2,0,2
5023956,0.0,C,M,Y,Y,0,292500.0,Working,Higher education,Civil marriage,House / apartment,-16573,-1616,Managers,2,0,2
5023957,0.0,C,M,Y,Y,0,292500.0,Working,Higher education,Civil marriage,House / apartment,-16573,-1616,Managers,2,0,2
5023959,0.0,C,M,Y,Y,0,292500.0,Working,Higher education,Civil marriage,House / apartment,-16573,-1616,Managers,2,0,2
5023973,0.0,C,M,Y,Y,1,270000.0,Commercial associate,Secondary / secondary special,Married,House / apartment,-15167,-2162,Drivers,3,0,1
5023974,0.0,C,M,Y,Y,1,270000.0,Commercial associate,Secondary / secondary special,Married,House / apartment,-15167,-2162,Drivers,3,0,1
5023975,0.0,C,M,Y,Y,1,270000.0,Commercial associate,Secondary / secondary special,Married,House / apartment,-15167,-2162,Drivers,3,0,1
5023976,0.0,C,M,Y,Y,1,270000.0,Commercial associate,Secondary / secondary special,Married,House / apartment,-15167,-2162,Drivers,3,0,1
5023977,0.0,C,M,Y,Y,1,270000.0,Commercial associate,Secondary / secondary special,Married,House / apartment,-15167,-2162,Drivers,3,0,1
5023979,0.0,C,M,Y,Y,1,270000.0,Commercial associate,Secondary / secondary special,Married,House / apartment,-15167,-2162,Drivers,3,0,1
5023980,0.0,C,M,Y,Y,1,270000.0,Commercial associate,Secondary / secondary special,Married,House / apartment,-15167,-2162,Drivers,3,0,1
5023982,0.0,C,M,Y,Y,1,270000.0,Commercial associate,Secondary / secondary special,Married,House / apartment,-15167,-2162,Drivers,3,0,1
5023983,0.0,X,M,Y,Y,1,270000.0,Commercial associate,Secondary / secondary special,Married,House / apartment,-15167,-2162,Drivers,3,1,1
5023988,0.0,C,M,N,Y,0,360000.0,Commercial associate,Higher education,Married,House / apartment,-21135,-2862,Laborers,2,0,2
5023990,0.0,0,F,N,Y,1,157500.0,Working,Higher education,Married,House / apartment,-11099,-2011,Sales staff,3,1,1
5023996,0.0,C,M,Y,Y,0,315000.0,Working,Higher education,Married,House / apartment,-10847,-2712,Laborers,2,0,2
5023997,0.0,C,M,Y,Y,0,315000.0,Working,Higher education,Married,House / apartment,-10847,-2712,Laborers,2,0,2
5023998,0.0,X,M,Y,Y,0,315000.0,Working,Higher education,Married,House / apartment,-10847,-2712,Laborers,2,0,2
5023999,0.0,X,M,Y,Y,0,315000.0,Working,Higher education,Married,House / apartment,-10847,-2712,Laborers,2,0,2
5024000,0.0,X,M,Y,Y,0,315000.0,Working,Higher education,Married,House / apartment,-10847,-2712,Laborers,2,0,2
5024001,0.0,C,M,Y,Y,0,315000.0,Working,Higher education,Married,House / apartment,-10847,-2712,Laborers,2,0,2
5024002,0.0,X,M,Y,Y,0,315000.0,Working,Higher education,Married,House / apartment,-10847,-2712,Laborers,2,0,2
5024004,0.0,C,M,Y,Y,0,315000.0,Working,Higher education,Married,House / apartment,-10847,-2712,Laborers,2,0,2
5024005,0.0,C,M,Y,Y,0,315000.0,Working,Higher education,Married,House / apartment,-10847,-2712,Laborers,2,0,2
5024006,0.0,C,M,Y,Y,0,315000.0,Working,Higher education,Married,House / apartment,-10847,-2712,Laborers,2,0,2
5024007,0.0,X,M,Y,Y,0,315000.0,Working,Higher education,Married,House / apartment,-10847,-2712,Laborers,2,0,2
5024013,0.0,C,F,Y,Y,0,180000.0,Commercial associate,Secondary / secondary special,Single / not married,House / apartment,-13765,-5664,Drivers,1,1,0
5024028,0.0,C,F,N,Y,2,112500.0,Working,Secondary / secondary special,Married,With parents,-14612,-397,Core staff,4,2,1
5024033,0.0,C,F,N,Y,2,112500.0,Working,Secondary / secondary special,Married,With parents,-14612,-397,Core staff,4,2,1
5024035,0.0,C,F,N,Y,2,112500.0,Working,Secondary / secondary special,Married,With parents,-14612,-397,Core staff,4,2,1
5024036,0.0,X,F,N,Y,2,112500.0,Working,Secondary / secondary special,Married,With parents,-14612,-397,Core staff,4,4,1
5024037,0.0,0,F,N,N,0,135000.0,Working,Secondary / secondary special,Married,House / apartment,-15459,-642,Sales staff,2,4,0
5024039,0.0,1,F,N,N,0,135000.0,Working,Secondary / secondary special,Married,House / apartment,-15459,-642,Sales staff,2,1,0
5024040,0.0,0,F,N,N,0,135000.0,Working,Secondary / secondary special,Married,House / apartment,-15459,-642,Sales staff,2,4,0
5024041,0.0,C,M,N,N,1,135000.0,Working,Secondary / secondary special,Married,Municipal apartment,-11681,-1281,Laborers,3,2,1
5024043,0.0,C,F,Y,Y,1,144000.0,Working,Higher education,Married,House / apartment,-12903,-2924,Accountants,3,0,1
5024044,0.0,C,F,Y,Y,1,144000.0,Working,Higher education,Married,House / apartment,-12903,-2924,Accountants,3,0,1
5024045,0.0,C,F,Y,Y,1,144000.0,Working,Higher education,Married,House / apartment,-12903,-2924,Accountants,3,0,1
5024046,0.0,X,F,Y,Y,1,144000.0,Working,Higher education,Married,House / apartment,-12903,-2924,Accountants,3,0,1
5024047,0.0,C,F,Y,Y,1,144000.0,Working,Higher education,Married,House / apartment,-12903,-2924,Accountants,3,0,1
5024054,0.0,0,F,N,Y,1,108000.0,Working,Secondary / secondary special,Married,House / apartment,-13012,-1342,Sales staff,3,4,1
5024058,0.0,X,F,N,Y,1,108000.0,Working,Secondary / secondary special,Married,House / apartment,-13012,-1342,Sales staff,3,4,1
5024059,0.0,X,F,N,Y,1,108000.0,Working,Secondary / secondary special,Married,House / apartment,-13012,-1342,Sales staff,3,4,1
5024060,0.0,X,F,N,Y,1,108000.0,Working,Secondary / secondary special,Married,House / apartment,-13012,-1342,Sales staff,3,4,1
5024061,0.0,X,F,N,N,3,135000.0,Commercial associate,Secondary / secondary special,Married,House / apartment,-10980,-2893,Core staff,5,1,1
5024062,0.0,C,F,N,N,3,135000.0,Commercial associate,Secondary / secondary special,Married,House / apartment,-10980,-2893,Core staff,5,1,1
5024066,0.0,C,M,Y,Y,0,270000.0,Working,Secondary / secondary special,Married,House / apartment,-14315,-4142,Laborers,2,2,2
5024067,0.0,C,M,Y,Y,0,270000.0,Working,Secondary / secondary special,Married,House / apartment,-14315,-4142,Laborers,2,2,2
5024068,0.0,C,M,Y,Y,0,270000.0,Working,Secondary / secondary special,Married,House / apartment,-14315,-4142,Laborers,2,2,2
5024070,0.0,C,M,Y,Y,0,292500.0,Commercial associate,Secondary / secondary special,Married,With parents,-9786,-2559,Laborers,2,0,2
5024073,0.0,C,F,N,Y,0,180000.0,Working,Higher education,Married,House / apartment,-15976,-854,Laborers,2,0,0
5024080,0.0,0,F,N,Y,2,112500.0,Working,Secondary / secondary special,Separated,House / apartment,-14351,-3592,Sales staff,3,4,1
5024081,0.0,C,F,N,Y,2,112500.0,Working,Secondary / secondary special,Separated,House / apartment,-14351,-3592,Sales staff,3,4,1
5024082,0.0,C,F,N,Y,2,112500.0,Working,Secondary / secondary special,Separated,House / apartment,-14351,-3592,Sales staff,3,4,1
5024089,0.0,X,F,Y,N,0,126000.0,State servant,Incomplete higher,Single / not married,House / apartment,-11978,-5206,Core staff,1,1,0
5024090,0.0,C,F,Y,N,0,126000.0,State servant,Incomplete higher,Single / not married,House / apartment,-11978,-5206,Core staff,1,3,0
5024094,0.0,C,F,Y,N,0,126000.0,State servant,Incomplete higher,Single / not married,House / apartment,-11978,-5206,Core staff,1,3,0
5024095,0.0,C,F,Y,N,0,126000.0,State servant,Incomplete higher,Single / not married,House / apartment,-11978,-5206,Core staff,1,3,0
5024096,0.0,C,F,Y,N,0,126000.0,State servant,Incomplete higher,Single / not married,House / apartment,-11978,-5206,Core staff,1,3,0
5024097,0.0,0,F,Y,N,0,126000.0,State servant,Incomplete higher,Single / not married,House / apartment,-11978,-5206,Core staff,1,1,0
5024099,0.0,0,F,N,Y,0,90000.0,Commercial associate,Incomplete higher,Single / not married,House / apartment,-9990,-915,Laborers,1,1,0
5024100,0.0,0,F,N,Y,0,90000.0,Commercial associate,Incomplete higher,Single / not married,House / apartment,-9990,-915,Laborers,1,1,0
5024103,0.0,C,M,N,Y,0,180000.0,Working,Secondary / secondary special,Married,House / apartment,-20185,-2589,Security staff,2,2,0
5024104,0.0,0,M,N,Y,0,180000.0,Working,Secondary / secondary special,Married,House / apartment,-20185,-2589,Security staff,2,4,0
5024105,0.0,C,M,N,Y,0,180000.0,Working,Secondary / secondary special,Married,House / apartment,-20185,-2589,Security staff,2,2,0
5024106,0.0,X,F,N,Y,0,180000.0,Working,Secondary / secondary special,Married,House / apartment,-22041,-1524,Accountants,2,4,0
5024109,0.0,C,F,N,Y,0,180000.0,Working,Secondary / secondary special,Married,House / apartment,-22041,-1524,Accountants,2,2,0
5024111,0.0,0,F,N,Y,0,180000.0,Working,Secondary / secondary special,Married,House / apartment,-22041,-1524,Accountants,2,4,0
5024113,0.0,0,F,N,Y,0,180000.0,Working,Secondary / secondary special,Married,House / apartment,-22041,-1524,Accountants,2,4,0
5024115,0.0,X,F,N,Y,0,180000.0,Working,Secondary / secondary special,Married,House / apartment,-22041,-1524,Accountants,2,4,0
5024117,0.0,X,F,N,Y,0,180000.0,Working,Secondary / secondary special,Married,House / apartment,-22041,-1524,Accountants,2,4,0
5024123,0.0,0,F,N,Y,1,135000.0,Working,Secondary / secondary special,Widow,House / apartment,-15675,-305,Sales staff,2,4,0
5024124,0.0,C,F,N,Y,1,135000.0,Working,Secondary / secondary special,Widow,House / apartment,-15675,-305,Sales staff,2,4,0
5024125,0.0,C,F,N,Y,1,135000.0,Working,Secondary / secondary special,Widow,House / apartment,-15675,-305,Sales staff,2,4,0
5024126,0.0,C,F,N,Y,1,135000.0,Working,Secondary / secondary special,Widow,House / apartment,-15675,-305,Sales staff,2,4,0
5024127,0.0,C,F,N,Y,1,135000.0,Working,Secondary / secondary special,Widow,House / apartment,-15675,-305,Sales staff,2,4,0
5024128,0.0,C,F,N,Y,1,135000.0,Working,Secondary / secondary special,Widow,House / apartment,-15675,-305,Sales staff,2,4,0
5024129,0.0,0,F,N,Y,1,135000.0,Working,Secondary / secondary special,Widow,House / apartment,-15675,-305,Sales staff,2,4,0
5024130,0.0,0,F,N,Y,1,135000.0,Working,Secondary / secondary special,Widow,House / apartment,-15675,-305,Sales staff,2,4,0
5024137,0.0,0,M,Y,N,0,202500.0,Working,Secondary / secondary special,Married,House / apartment,-8655,-1067,Core staff,2,4,0
5024138,0.0,0,M,Y,N,0,202500.0,Working,Secondary / secondary special,Married,House / apartment,-8655,-1067,Core staff,2,4,0
5024139,0.0,X,M,Y,N,0,202500.0,Working,Secondary / secondary special,Married,House / apartment,-8655,-1067,Core staff,2,2,0
5024140,0.0,X,F,Y,N,0,180000.0,Working,Higher education,Married,With parents,-11380,-1007,Accountants,2,0,0
5024141,0.0,X,F,Y,N,0,180000.0,Working,Higher education,Married,With parents,-11380,-1007,Accountants,2,0,0
5024146,0.0,X,F,Y,N,0,180000.0,Working,Higher education,Married,With parents,-11380,-1007,Accountants,2,0,0
5024147,0.0,X,F,Y,N,0,180000.0,Working,Higher education,Married,With parents,-11380,-1007,Accountants,2,0,0
5024148,0.0,X,F,Y,N,0,180000.0,Working,Higher education,Married,With parents,-11380,-1007,Accountants,2,0,0
5024152,0.0,C,F,N,Y,0,112500.0,Working,Secondary / secondary special,Single / not married,House / apartment,-17242,-428,Sales staff,1,4,0
5024155,0.0,C,F,N,Y,0,112500.0,Working,Secondary / secondary special,Single / not married,House / apartment,-17242,-428,Sales staff,1,4,0
5024156,0.0,C,F,N,Y,1,202500.0,Working,Secondary / secondary special,Married,House / apartment,-9685,-1098,Sales staff,3,2,1
5024158,0.0,C,F,N,Y,1,202500.0,Working,Secondary / secondary special,Married,House / apartment,-9685,-1098,Sales staff,3,2,1
5024159,0.0,0,F,N,Y,1,202500.0,Working,Secondary / secondary special,Married,House / apartment,-9685,-1098,Sales staff,3,4,1
5024164,0.0,C,M,Y,Y,3,202500.0,Working,Secondary / secondary special,Married,House / apartment,-13350,-1981,Laborers,5,2,1
5024165,0.0,0,M,Y,Y,3,202500.0,Working,Secondary / secondary special,Married,House / apartment,-13350,-1981,Laborers,5,2,1
5024182,0.0,C,F,N,Y,0,81000.0,Commercial associate,Secondary / secondary special,Married,House / apartment,-15580,-3503,Sales staff,2,1,0
5024183,0.0,0,F,N,Y,0,81000.0,Commercial associate,Secondary / secondary special,Married,House / apartment,-15580,-3503,Sales staff,2,1,0
5024185,0.0,C,F,N,Y,0,81000.0,Commercial associate,Secondary / secondary special,Married,House / apartment,-15580,-3503,Sales staff,2,1,0
5024187,0.0,C,F,N,Y,0,81000.0,Commercial associate,Secondary / secondary special,Married,House / apartment,-15580,-3503,Sales staff,2,1,0
5024188,0.0,C,F,N,Y,0,81000.0,Commercial associate,Secondary / secondary special,Married,House / apartment,-15580,-3503,Sales staff,2,1,0
5024189,0.0,C,F,N,Y,2,112500.0,Working,Secondary / secondary special,Married,With parents,-12566,-1493,Laborers,4,2,1
5024192,0.0,X,F,Y,Y,2,270000.0,Commercial associate,Higher education,Married,House / apartment,-13669,-428,Managers,4,3,1
5024193,0.0,C,F,Y,Y,2,270000.0,Commercial associate,Higher education,Married,House / apartment,-13669,-428,Managers,4,3,1
5024242,0.0,X,M,Y,Y,0,180000.0,Commercial associate,Secondary / secondary special,Civil marriage,House / apartment,-11445,-3319,Sales staff,2,1,0
5024243,0.0,C,M,Y,Y,0,180000.0,Commercial associate,Secondary / secondary special,Civil marriage,House / apartment,-11445,-3319,Sales staff,2,0,0
5024249,0.0,0,F,N,Y,1,135000.0,Commercial associate,Secondary / secondary special,Married,House / apartment,-14099,-550,Laborers,3,1,1
5024250,0.0,X,F,N,N,0,247500.0,Working,Secondary / secondary special,Separated,House / apartment,-19746,-1342,Laborers,1,4,0
5024251,0.0,X,F,N,N,0,247500.0,Working,Secondary / secondary special,Separated,House / apartment,-19746,-1342,Laborers,1,4,0
5024252,0.0,0,F,N,Y,2,135000.0,Working,Secondary / secondary special,Married,House / apartment,-12908,-3592,Sales staff,4,4,1
5024253,0.0,0,F,N,Y,2,135000.0,Working,Secondary / secondary special,Married,House / apartment,-12908,-3592,Sales staff,4,4,1
5024254,0.0,X,M,N,Y,1,630000.0,Working,Higher education,Married,House / apartment,-17370,-4599,Managers,3,0,2
5024255,0.0,C,F,N,Y,1,148500.0,Working,Secondary / secondary special,Separated,With parents,-10244,-1432,Sales staff,2,4,0
5024256,0.0,C,M,N,Y,1,121500.0,Working,Secondary / secondary special,Single / not married,House / apartment,-12460,-4507,Laborers,2,2,0
5024257,0.0,C,M,N,Y,0,162000.0,Working,Secondary / secondary special,Single / not married,House / apartment,-11495,-581,Security staff,1,2,0
5024258,0.0,C,M,N,Y,0,162000.0,Working,Secondary / secondary special,Single / not married,House / apartment,-11495,-581,Security staff,1,2,0
5024260,0.0,0,M,N,Y,0,162000.0,Working,Secondary / secondary special,Single / not married,House / apartment,-11495,-581,Security staff,1,4,0
5024263,0.0,0,F,Y,N,0,202500.0,Commercial associate,Secondary / secondary special,Married,Municipal apartment,-21276,-1128,Accountants,2,1,0
5024265,0.0,0,F,Y,N,0,202500.0,Commercial associate,Secondary / secondary special,Married,Municipal apartment,-21276,-1128,Accountants,2,1,0
5024270,0.0,C,M,Y,Y,2,315000.0,Working,Higher education,Married,House / apartment,-16856,-1373,Core staff,4,0,1
5024273,0.0,C,M,Y,Y,2,315000.0,Working,Higher education,Married,House / apartment,-16856,-1373,Core staff,4,0,1
5024276,0.0,C,M,Y,Y,2,315000.0,Working,Higher education,Married,House / apartment,-16856,-1373,Core staff,4,0,1
5024280,0.0,C,M,Y,Y,0,315000.0,Commercial associate,Secondary / secondary special,Married,House / apartment,-15509,-1189,Drivers,2,0,2
5024281,0.0,0,M,Y,Y,0,315000.0,Commercial associate,Secondary / secondary special,Married,House / apartment,-15509,-1189,Drivers,2,1,2
5024285,0.0,C,M,Y,Y,0,315000.0,Commercial associate,Secondary / secondary special,Married,House / apartment,-15509,-1189,Drivers,2,0,2
5024286,0.0,C,M,Y,Y,0,315000.0,Commercial associate,Secondary / secondary special,Married,House / apartment,-15509,-1189,Drivers,2,0,2
5024287,0.0,C,F,N,Y,0,157500.0,Commercial associate,Higher education,Married,House / apartment,-11270,-1889,Managers,2,3,0
5024288,0.0,C,F,N,Y,0,157500.0,Commercial associate,Higher education,Married,House / apartment,-11270,-1889,Managers,2,3,0
5024290,0.0,0,F,N,Y,0,157500.0,Commercial associate,Higher education,Married,House / apartment,-11270,-1889,Managers,2,3,0
5024292,0.0,0,F,N,N,0,112500.0,Commercial associate,Secondary / secondary special,Married,With parents,-11453,-277,Medicine staff,2,1,0
5024294,0.0,C,F,N,Y,0,202500.0,Working,Secondary / secondary special,Civil marriage,House / apartment,-17347,-4234,High skill tech staff,2,4,0
5024296,0.0,0,F,N,Y,0,202500.0,Working,Secondary / secondary special,Civil marriage,House / apartment,-17347,-4234,High skill tech staff,2,4,0
5024298,0.0,C,F,N,Y,0,99000.0,Working,Secondary / secondary special,Married,House / apartment,-17541,-7276,Laborers,2,2,0
5024299,0.0,C,F,N,Y,0,99000.0,Working,Secondary / secondary special,Married,House / apartment,-17541,-7276,Laborers,2,2,0
5024300,0.0,C,F,N,Y,0,99000.0,Working,Secondary / secondary special,Married,House / apartment,-17541,-7276,Laborers,2,2,0
5024301,0.0,0,F,N,Y,0,99000.0,Working,Secondary / secondary special,Married,House / apartment,-17541,-7276,Laborers,2,4,0
5024302,0.0,0,F,N,Y,0,99000.0,Working,Secondary / secondary special,Married,House / apartment,-17541,-7276,Laborers,2,4,0
5024303,0.0,0,M,Y,Y,0,202500.0,Commercial associate,Secondary / secondary special,Single / not married,With parents,-8351,-124,Drivers,1,1,0
5024304,0.0,0,M,Y,Y,0,202500.0,Commercial associate,Secondary / secondary special,Single / not married,With parents,-8351,-124,Drivers,1,1,0
5024305,0.0,X,M,N,N,0,157500.0,Working,Secondary / secondary special,Single / not married,House / apartment,-10245,-2284,Laborers,1,4,0
5024307,0.0,C,F,N,Y,1,90000.0,Commercial associate,Secondary / secondary special,Married,House / apartment,-12890,-5359,Laborers,3,1,1
5024308,0.0,0,F,N,Y,1,90000.0,Commercial associate,Secondary / secondary special,Married,House / apartment,-12890,-5359,Laborers,3,1,1
5024309,0.0,0,F,N,Y,1,90000.0,Commercial associate,Secondary / secondary special,Married,House / apartment,-12890,-5359,Laborers,3,1,1
5024328,0.0,C,F,N,Y,0,225000.0,Commercial associate,Secondary / secondary special,Married,House / apartment,-17401,-9559,Realty agents,2,1,0
5024329,0.0,0,F,N,Y,0,225000.0,Commercial associate,Secondary / secondary special,Married,House / apartment,-17401,-9559,Realty agents,2,1,0
5024330,0.0,0,F,N,Y,0,225000.0,Commercial associate,Secondary / secondary special,Married,House / apartment,-17401,-9559,Realty agents,2,1,0
5024331,0.0,1,F,N,Y,0,225000.0,Commercial associate,Secondary / secondary special,Married,House / apartment,-17401,-9559,Realty agents,2,1,0
5024333,0.0,0,F,N,N,0,427500.0,Commercial associate,Secondary / secondary special,Married,House / apartment,-20990,-6180,Sales staff,2,1,2
5024334,0.0,C,F,Y,Y,0,180000.0,Working,Secondary / secondary special,Single / not married,House / apartment,-13322,-2620,Laborers,1,2,0
5024336,0.0,0,M,Y,N,0,135000.0,Commercial associate,Incomplete higher,Civil marriage,House / apartment,-10511,-305,IT staff,2,1,0
5024337,0.0,0,M,Y,N,0,135000.0,Commercial associate,Incomplete higher,Civil marriage,House / apartment,-10511,-305,IT staff,2,1,0
5024342,0.0,0,M,Y,Y,0,198000.0,Working,Secondary / secondary special,Married,House / apartment,-21111,-1159,Drivers,2,2,0
5024343,0.0,C,M,Y,Y,0,198000.0,Working,Secondary / secondary special,Married,House / apartment,-21111,-1159,Drivers,2,2,0
5024344,0.0,C,M,Y,Y,0,585000.0,Commercial associate,Secondary / secondary special,Married,With parents,-16653,-1646,Drivers,2,0,2
5024346,0.0,C,M,Y,Y,0,585000.0,Commercial associate,Secondary / secondary special,Married,With parents,-16653,-1646,Drivers,2,0,2
5024347,0.0,C,M,Y,Y,0,585000.0,Commercial associate,Secondary / secondary special,Married,With parents,-16653,-1646,Drivers,2,0,2
5024349,0.0,X,M,Y,Y,0,585000.0,Commercial associate,Secondary / secondary special,Married,With parents,-16653,-1646,Drivers,2,1,2
5024351,0.0,C,M,Y,Y,0,585000.0,Commercial associate,Secondary / secondary special,Married,With parents,-16653,-1646,Drivers,2,0,2
5024353,0.0,C,M,Y,Y,0,585000.0,Commercial associate,Secondary / secondary special,Married,With parents,-16653,-1646,Drivers,2,0,2
5024354,0.0,C,F,N,Y,0,139500.0,Commercial associate,Higher education,Civil marriage,House / apartment,-17254,-246,Sales staff,2,3,0
5024363,0.0,C,M,N,Y,1,81000.0,Working,Secondary / secondary special,Married,House / apartment,-12313,-1098,Laborers,3,2,1
5024364,0.0,0,M,N,Y,1,81000.0,Working,Secondary / secondary special,Married,House / apartment,-12313,-1098,Laborers,3,4,1
5024365,0.0,0,M,N,Y,1,81000.0,Working,Secondary / secondary special,Married,House / apartment,-12313,-1098,Laborers,3,4,1
5024369,0.0,C,F,N,Y,0,225000.0,Commercial associate,Higher education,Widow,House / apartment,-19811,-10047,High skill tech staff,1,3,0
5024374,0.0,C,F,N,Y,2,112500.0,Working,Higher education,Married,House / apartment,-9985,-1738,Sales staff,4,0,1
5024379,0.0,X,M,N,Y,0,270000.0,Working,Secondary / secondary special,Married,House / apartment,-12555,-1858,Core staff,2,4,0
5024380,0.0,X,M,N,Y,0,270000.0,Working,Secondary / secondary special,Married,House / apartment,-12555,-1858,Core staff,2,4,0
5024382,0.0,X,M,N,Y,0,270000.0,Working,Secondary / secondary special,Married,House / apartment,-12555,-1858,Core staff,2,4,0
5024384,0.0,X,M,N,Y,0,270000.0,Working,Secondary / secondary special,Married,House / apartment,-12555,-1858,Core staff,2,4,0
5024385,0.0,X,M,N,Y,0,270000.0,Working,Secondary / secondary special,Married,House / apartment,-12555,-1858,Core staff,2,4,0
5024386,0.0,0,F,N,N,0,117000.0,Working,Secondary / secondary special,Married,Municipal apartment,-13494,-1281,Sales staff,2,4,0
5024387,0.0,0,F,N,N,0,117000.0,Working,Secondary / secondary special,Married,Municipal apartment,-13494,-1281,Sales staff,2,4,0
5024388,0.0,C,F,N,N,0,117000.0,Working,Secondary / secondary special,Married,Municipal apartment,-13494,-1281,Sales staff,2,2,0
5024389,0.0,0,F,N,N,0,117000.0,Working,Secondary / secondary special,Married,Municipal apartment,-13494,-1281,Sales staff,2,4,0
5024394,0.0,0,F,N,N,0,117000.0,Working,Secondary / secondary special,Married,Municipal apartment,-13494,-1281,Sales staff,2,4,0
5024395,0.0,X,F,N,N,0,117000.0,Working,Secondary / secondary special,Married,Municipal apartment,-13494,-1281,Sales staff,2,4,0
5024396,0.0,C,F,N,N,0,117000.0,Working,Secondary / secondary special,Married,Municipal apartment,-13494,-1281,Sales staff,2,2,0
5024400,0.0,C,F,Y,N,0,157500.0,Working,Secondary / secondary special,Married,House / apartment,-10943,-2346,Private service staff,2,2,0
5024403,0.0,0,F,N,N,0,76500.0,State servant,Secondary / secondary special,Single / not married,With parents,-8520,-550,Medicine staff,1,1,0
5024405,0.0,C,F,N,Y,1,121500.0,Working,Secondary / secondary special,Married,House / apartment,-15090,-3138,Sales staff,3,2,1
5024407,0.0,C,F,N,Y,1,121500.0,Working,Secondary / secondary special,Married,House / apartment,-15090,-3138,Sales staff,3,2,1
5024409,0.0,C,F,N,Y,1,121500.0,Working,Secondary / secondary special,Married,House / apartment,-15090,-3138,Sales staff,3,2,1
5024410,0.0,C,F,N,Y,1,121500.0,Working,Secondary / secondary special,Married,House / apartment,-15090,-3138,Sales staff,3,2,1
5024411,0.0,0,F,N,Y,1,121500.0,Working,Secondary / secondary special,Married,House / apartment,-15090,-3138,Sales staff,3,4,1
5024412,0.0,X,M,Y,N,0,270000.0,Working,Higher education,Married,House / apartment,-18582,-5084,Managers,2,0,2
5024417,0.0,X,M,Y,Y,0,180000.0,Working,Incomplete higher,Married,With parents,-10722,-93,Cooking staff,2,2,0
5024418,0.0,C,M,Y,Y,0,180000.0,Working,Incomplete higher,Married,With parents,-10722,-93,Cooking staff,2,0,0
5024419,0.0,C,M,Y,Y,0,180000.0,Working,Incomplete higher,Married,With parents,-10722,-93,Cooking staff,2,0,0
5024420,0.0,C,M,N,N,0,180000.0,Working,Secondary / secondary special,Civil marriage,House / apartment,-17386,-3503,Laborers,2,2,0
5024421,0.0,X,M,N,N,0,180000.0,Working,Secondary / secondary special,Civil marriage,House / apartment,-17386,-3503,Laborers,2,4,0
5024422,0.0,C,M,N,N,0,180000.0,Working,Secondary / secondary special,Civil marriage,House / apartment,-17386,-3503,Laborers,2,2,0
5024424,0.0,X,M,N,N,0,180000.0,Working,Secondary / secondary special,Civil marriage,House / apartment,-17386,-3503,Laborers,2,4,0
5024425,0.0,X,M,N,N,0,180000.0,Working,Secondary / secondary special,Civil marriage,House / apartment,-17386,-3503,Laborers,2,4,0
5024436,0.0,X,M,Y,Y,0,157500.0,Commercial associate,Higher education,Married,House / apartment,-20923,-1189,Laborers,2,3,0
5024439,0.0,C,F,N,N,0,202500.0,Working,Secondary / secondary special,Married,House / apartment,-20046,-3503,Sales staff,2,2,0
5024443,0.0,0,F,N,N,0,202500.0,Working,Secondary / secondary special,Married,House / apartment,-20046,-3503,Sales staff,2,4,0
5024444,0.0,C,F,N,N,0,202500.0,Working,Secondary / secondary special,Married,House / apartment,-20046,-3503,Sales staff,2,2,0
5024448,0.0,0,M,Y,Y,0,180000.0,Working,Secondary / secondary special,Married,House / apartment,-12604,-2620,Managers,2,2,0
5024449,0.0,C,M,Y,Y,0,180000.0,Working,Secondary / secondary special,Married,House / apartment,-12604,-2620,Managers,2,2,0
5024450,0.0,C,M,Y,Y,0,180000.0,Working,Secondary / secondary special,Married,House / apartment,-12604,-2620,Managers,2,2,0
5024452,0.0,C,M,Y,Y,0,180000.0,Working,Secondary / secondary special,Married,House / apartment,-12604,-2620,Managers,2,2,0
5024453,0.0,X,M,Y,Y,0,180000.0,Working,Secondary / secondary special,Married,House / apartment,-12604,-2620,Managers,2,2,0
5024466,0.0,C,F,N,Y,2,135000.0,Commercial associate,Secondary / secondary special,Married,House / apartment,-10186,-2315,Medicine staff,4,1,1
5024467,0.0,C,F,N,Y,2,135000.0,Commercial associate,Secondary / secondary special,Married,House / apartment,-10186,-2315,Medicine staff,4,1,1
5024471,0.0,C,F,N,Y,2,135000.0,Commercial associate,Secondary / secondary special,Married,House / apartment,-10186,-2315,Medicine staff,4,1,1
5024472,0.0,C,F,N,Y,2,135000.0,Commercial associate,Secondary / secondary special,Married,House / apartment,-10186,-2315,Medicine staff,4,1,1
5024473,0.0,C,F,N,N,0,90000.0,Working,Secondary / secondary special,Married,House / apartment,-10061,-520,High skill tech staff,2,2,0
5024475,0.0,C,F,N,N,0,90000.0,Working,Secondary / secondary special,Married,House / apartment,-10061,-520,High skill tech staff,2,2,0
5024476,0.0,0,F,N,N,0,90000.0,Working,Secondary / secondary special,Married,House / apartment,-10061,-520,High skill tech staff,2,4,0
5024481,0.0,X,F,Y,Y,1,202500.0,State servant,Secondary / secondary special,Civil marriage,House / apartment,-12337,-458,Cooking staff,3,1,1
5024482,0.0,0,F,Y,Y,1,202500.0,State servant,Secondary / secondary special,Civil marriage,House / apartment,-12337,-458,Cooking staff,3,1,1
5024483,0.0,C,F,N,Y,0,162000.0,Working,Secondary / secondary special,Civil marriage,House / apartment,-12369,-1432,Managers,2,2,0
5024484,0.0,C,F,N,Y,0,162000.0,Working,Secondary / secondary special,Civil marriage,House / apartment,-12369,-1432,Managers,2,2,0
5024485,0.0,C,F,N,Y,0,162000.0,Working,Secondary / secondary special,Civil marriage,House / apartment,-12369,-1432,Managers,2,2,0
5024487,0.0,0,F,N,Y,0,225000.0,Working,Secondary / secondary special,Single / not married,House / apartment,-20302,-10259,Medicine staff,1,4,0
5024488,0.0,C,M,N,Y,0,171000.0,Working,Secondary / secondary special,Married,House / apartment,-21717,-2042,Drivers,2,2,0
5024491,0.0,0,M,N,Y,1,135000.0,Working,Secondary / secondary special,Married,Rented apartment,-10414,-2742,Laborers,3,4,1
5024492,0.0,0,M,N,Y,1,135000.0,Working,Secondary / secondary special,Married,Rented apartment,-10414,-2742,Laborers,3,4,1
5024493,0.0,0,M,N,Y,1,135000.0,Working,Secondary / secondary special,Married,Rented apartment,-10414,-2742,Laborers,3,4,1
5024497,0.0,0,M,N,Y,1,135000.0,Working,Secondary / secondary special,Married,Rented apartment,-10414,-2742,Laborers,3,4,1
5024498,0.0,0,M,N,Y,1,135000.0,Working,Secondary / secondary special,Married,Rented apartment,-10414,-2742,Laborers,3,4,1
5024501,0.0,X,F,Y,Y,0,135000.0,Commercial associate,Higher education,Married,House / apartment,-14210,-1128,Private service staff,2,3,0
5024505,0.0,X,F,Y,Y,0,135000.0,Commercial associate,Higher education,Married,House / apartment,-14210,-1128,Private service staff,2,3,0
5024506,0.0,X,F,Y,Y,0,135000.0,Commercial associate,Higher education,Married,House / apartment,-14210,-1128,Private service staff,2,3,0
5024524,0.0,C,F,Y,Y,1,157500.0,Working,Higher education,Married,House / apartment,-14785,-4872,Managers,3,0,1
5024525,0.0,0,F,Y,Y,1,157500.0,Working,Higher education,Married,House / apartment,-14785,-4872,Managers,3,3,1
5024526,0.0,0,F,Y,Y,1,157500.0,Working,Higher education,Married,House / apartment,-14785,-4872,Managers,3,3,1
5024541,0.0,C,M,N,Y,0,112500.0,Working,Secondary / secondary special,Married,House / apartment,-14071,-3806,Laborers,2,2,0
5024542,0.0,C,M,N,Y,0,112500.0,Working,Secondary / secondary special,Married,House / apartment,-14071,-3806,Laborers,2,2,0
5024543,0.0,0,M,N,Y,0,112500.0,Working,Secondary / secondary special,Married,House / apartment,-14071,-3806,Laborers,2,4,0
5024544,0.0,0,M,N,Y,0,112500.0,Working,Secondary / secondary special,Married,House / apartment,-14071,-3806,Laborers,2,4,0
5024550,0.0,C,M,N,Y,0,112500.0,Working,Secondary / secondary special,Married,House / apartment,-14071,-3806,Laborers,2,2,0
5024551,0.0,C,M,N,Y,0,112500.0,Working,Secondary / secondary special,Married,House / apartment,-14071,-3806,Laborers,2,2,0
5024554,0.0,C,M,N,Y,0,112500.0,Working,Secondary / secondary special,Married,House / apartment,-14071,-3806,Laborers,2,2,0
5024555,0.0,C,M,N,Y,0,112500.0,Working,Secondary / secondary special,Married,House / apartment,-14071,-3806,Laborers,2,2,0
5024556,0.0,C,M,N,Y,0,112500.0,Working,Secondary / secondary special,Married,House / apartment,-14071,-3806,Laborers,2,2,0
5024557,0.0,X,M,N,Y,0,112500.0,Working,Secondary / secondary special,Married,House / apartment,-14071,-3806,Laborers,2,2,0
5024563,0.0,0,F,N,N,0,270000.0,Working,Secondary / secondary special,Single / not married,House / apartment,-11734,-2164,High skill tech staff,1,4,0
5024564,0.0,0,F,N,N,0,270000.0,Working,Secondary / secondary special,Single / not married,House / apartment,-11734,-2164,High skill tech staff,1,4,0
5024566,0.0,C,F,N,N,0,270000.0,Working,Secondary / secondary special,Single / not married,House / apartment,-11734,-2164,High skill tech staff,1,4,0
5024568,0.0,0,F,N,N,0,270000.0,Working,Secondary / secondary special,Single / not married,House / apartment,-11734,-2164,High skill tech staff,1,4,0
5024569,0.0,X,F,N,N,0,270000.0,Working,Secondary / secondary special,Single / not married,House / apartment,-11734,-2164,High skill tech staff,1,4,0
5024571,0.0,C,F,N,N,0,270000.0,Commercial associate,Secondary / secondary special,Single / not married,House / apartment,-22829,-2558,High skill tech staff,1,1,0
5024572,0.0,C,F,N,N,0,270000.0,Commercial associate,Secondary / secondary special,Single / not married,House / apartment,-22829,-2558,High skill tech staff,1,1,0
5025181,0.0,C,F,N,N,0,270000.0,Commercial associate,Secondary / secondary special,Single / not married,House / apartment,-22829,-2558,High skill tech staff,1,1,0
5024574,0.0,X,F,N,N,1,90000.0,Working,Secondary / secondary special,Married,With parents,-10253,-1462,Laborers,3,4,1
5024575,0.0,0,F,N,N,1,90000.0,Working,Secondary / secondary special,Married,With parents,-10253,-1462,Laborers,3,4,1
5024577,0.0,0,F,N,N,1,90000.0,Working,Secondary / secondary special,Married,With parents,-10253,-1462,Laborers,3,4,1
5024578,0.0,0,F,N,N,1,90000.0,Working,Secondary / secondary special,Married,With parents,-10253,-1462,Laborers,3,4,1
5024579,0.0,X,F,N,N,1,90000.0,Working,Secondary / secondary special,Married,With parents,-10253,-1462,Laborers,3,4,1
5024580,0.0,0,F,N,N,1,90000.0,Working,Secondary / secondary special,Married,With parents,-10253,-1462,Laborers,3,4,1
5024581,0.0,0,F,N,N,1,90000.0,Working,Secondary / secondary special,Married,With parents,-10253,-1462,Laborers,3,4,1
5024585,0.0,C,F,Y,Y,2,315000.0,State servant,Secondary / secondary special,Married,House / apartment,-12348,-1220,Managers,4,0,1
5024586,0.0,C,F,Y,Y,2,315000.0,State servant,Secondary / secondary special,Married,House / apartment,-12348,-1220,Managers,4,0,1
5025190,0.0,C,F,Y,Y,2,315000.0,State servant,Secondary / secondary special,Married,House / apartment,-12348,-1220,Managers,4,0,1
5024590,0.0,C,M,Y,Y,0,157500.0,Working,Secondary / secondary special,Married,With parents,-8893,-1615,Drivers,2,2,0
5024593,0.0,0,M,Y,Y,0,157500.0,Working,Secondary / secondary special,Married,With parents,-8893,-1615,Drivers,2,2,0
5024594,0.0,C,M,Y,Y,0,157500.0,Working,Secondary / secondary special,Married,With parents,-8893,-1615,Drivers,2,2,0
5024595,0.0,0,M,Y,Y,0,157500.0,Working,Secondary / secondary special,Married,With parents,-8893,-1615,Drivers,2,2,0
5024596,0.0,0,F,N,Y,0,135000.0,State servant,Higher education,Single / not married,House / apartment,-8562,-246,Secretaries,1,1,0
5024597,0.0,0,M,Y,Y,0,225000.0,Commercial associate,Higher education,Single / not married,House / apartment,-19878,-6516,Managers,1,3,0
5024608,0.0,0,F,N,Y,0,225000.0,Working,Higher education,Separated,House / apartment,-16072,-338,Private service staff,1,1,0
5024609,0.0,0,F,N,Y,0,225000.0,Working,Higher education,Separated,House / apartment,-16072,-338,Private service staff,1,1,0
5025203,0.0,0,F,N,Y,0,225000.0,Working,Higher education,Separated,House / apartment,-16072,-338,Private service staff,1,1,0
5024622,0.0,C,M,N,Y,2,270000.0,Working,Secondary / secondary special,Single / not married,House / apartment,-11505,-4019,Laborers,3,2,1
5024623,0.0,C,M,N,Y,2,270000.0,Working,Secondary / secondary special,Single / not married,House / apartment,-11505,-4019,Laborers,3,2,1
5024626,0.0,C,M,N,Y,2,270000.0,Working,Secondary / secondary special,Single / not married,House / apartment,-11505,-4019,Laborers,3,2,1
5024627,0.0,C,M,N,Y,2,270000.0,Working,Secondary / secondary special,Single / not married,House / apartment,-11505,-4019,Laborers,3,2,1
5024629,0.0,0,M,N,Y,2,270000.0,Working,Secondary / secondary special,Single / not married,House / apartment,-11505,-4019,Laborers,3,4,1
5024630,0.0,0,M,N,Y,2,270000.0,Working,Secondary / secondary special,Single / not married,House / apartment,-11505,-4019,Laborers,3,4,1
5024639,0.0,C,F,Y,Y,0,180000.0,Commercial associate,Higher education,Married,House / apartment,-10213,-1707,Managers,2,3,0
5024640,0.0,X,F,Y,Y,0,180000.0,Commercial associate,Higher education,Married,House / apartment,-10213,-1707,Managers,2,3,0
5024641,0.0,C,F,Y,Y,0,180000.0,Commercial associate,Higher education,Married,House / apartment,-10213,-1707,Managers,2,3,0
5024642,0.0,C,F,Y,Y,0,180000.0,Commercial associate,Higher education,Married,House / apartment,-10213,-1707,Managers,2,3,0
5024643,0.0,C,F,Y,Y,0,180000.0,Commercial associate,Higher education,Married,House / apartment,-10213,-1707,Managers,2,3,0
5024644,0.0,C,F,Y,Y,0,180000.0,Commercial associate,Higher education,Married,House / apartment,-10213,-1707,Managers,2,3,0
5024645,0.0,0,F,Y,Y,0,180000.0,Commercial associate,Higher education,Married,House / apartment,-10213,-1707,Managers,2,3,0
5024646,0.0,X,F,Y,Y,0,180000.0,Commercial associate,Higher education,Married,House / apartment,-10213,-1707,Managers,2,3,0
5024652,0.0,C,M,N,Y,0,337500.0,Working,Secondary / secondary special,Married,House / apartment,-18562,-1220,Laborers,2,2,2
5024660,0.0,C,F,Y,Y,0,112500.0,Commercial associate,Higher education,Married,With parents,-12630,-5145,Accountants,2,3,0
5024661,0.0,C,F,Y,Y,0,112500.0,Commercial associate,Higher education,Married,With parents,-12630,-5145,Accountants,2,3,0
5024662,0.0,X,F,Y,Y,0,112500.0,Commercial associate,Higher education,Married,With parents,-12630,-5145,Accountants,2,3,0
5025260,0.0,C,F,Y,Y,0,112500.0,Commercial associate,Higher education,Married,With parents,-12630,-5145,Accountants,2,3,0
5024663,0.0,C,F,N,Y,0,157500.0,Working,Secondary / secondary special,Married,House / apartment,-14425,-4568,Laborers,2,2,0
5024664,0.0,0,F,N,Y,0,157500.0,Working,Secondary / secondary special,Married,House / apartment,-14425,-4568,Laborers,2,4,0
5024665,0.0,C,F,N,Y,0,157500.0,Working,Secondary / secondary special,Married,House / apartment,-14425,-4568,Laborers,2,2,0
5024666,0.0,0,F,N,Y,0,157500.0,Working,Secondary / secondary special,Married,House / apartment,-14425,-4568,Laborers,2,4,0
5024667,0.0,C,F,N,Y,0,157500.0,Working,Secondary / secondary special,Married,House / apartment,-14425,-4568,Laborers,2,2,0
5024668,0.0,C,F,N,Y,0,157500.0,Working,Secondary / secondary special,Married,House / apartment,-14425,-4568,Laborers,2,2,0
5024669,0.0,0,F,N,Y,0,157500.0,Working,Secondary / secondary special,Married,House / apartment,-14425,-4568,Laborers,2,4,0
5024671,0.0,C,F,N,Y,1,180000.0,Working,Higher education,Separated,House / apartment,-15113,-1585,HR staff,2,0,0
5024672,0.0,0,F,N,Y,1,180000.0,Working,Higher education,Separated,House / apartment,-15113,-1585,HR staff,2,1,0
5024676,0.0,X,F,N,Y,1,180000.0,Working,Higher education,Separated,House / apartment,-15113,-1585,HR staff,2,1,0
5024677,0.0,X,F,N,Y,1,180000.0,Working,Higher education,Separated,House / apartment,-15113,-1585,HR staff,2,1,0
5024678,0.0,0,F,N,Y,1,180000.0,Working,Higher education,Separated,House / apartment,-15113,-1585,HR staff,2,1,0
5024680,0.0,0,F,N,Y,2,135000.0,Working,Secondary / secondary special,Married,House / apartment,-14347,-1738,Medicine staff,4,4,1
5024681,0.0,0,F,N,Y,2,135000.0,Working,Secondary / secondary special,Married,House / apartment,-14347,-1738,Medicine staff,4,4,1
5024682,0.0,C,M,N,Y,0,135000.0,Working,Secondary / secondary special,Married,With parents,-15562,-7824,Laborers,2,2,0
5024686,0.0,C,M,N,Y,0,135000.0,Working,Secondary / secondary special,Married,With parents,-15562,-7824,Laborers,2,2,0
5024687,0.0,C,M,N,Y,0,135000.0,Working,Secondary / secondary special,Married,With parents,-15562,-7824,Laborers,2,2,0
5024689,0.0,X,M,N,Y,0,135000.0,Working,Secondary / secondary special,Married,With parents,-15562,-7824,Laborers,2,4,0
5024690,0.0,C,M,N,Y,0,135000.0,Working,Secondary / secondary special,Married,With parents,-15562,-7824,Laborers,2,2,0
5024691,0.0,X,M,N,Y,0,135000.0,Working,Secondary / secondary special,Married,With parents,-15562,-7824,Laborers,2,4,0
5024692,0.0,C,M,N,Y,0,135000.0,Working,Secondary / secondary special,Married,With parents,-15562,-7824,Laborers,2,2,0
5024693,0.0,C,M,N,Y,0,135000.0,Working,Secondary / secondary special,Married,With parents,-15562,-7824,Laborers,2,2,0
5024694,0.0,0,M,N,Y,0,135000.0,Working,Secondary / secondary special,Married,With parents,-15562,-7824,Laborers,2,4,0
5025142,0.0,C,M,N,Y,0,135000.0,Working,Secondary / secondary special,Married,With parents,-15562,-7824,Laborers,2,2,0
5024695,0.0,0,F,N,Y,0,202500.0,Working,Secondary / secondary special,Separated,House / apartment,-19032,-3776,Laborers,1,4,0
5024696,0.0,0,F,N,Y,0,202500.0,Working,Secondary / secondary special,Separated,House / apartment,-19032,-3776,Laborers,1,4,0
5024697,0.0,0,F,N,Y,0,202500.0,Working,Secondary / secondary special,Separated,House / apartment,-19032,-3776,Laborers,1,4,0
5024698,0.0,0,F,N,Y,0,202500.0,Working,Secondary / secondary special,Separated,House / apartment,-19032,-3776,Laborers,1,4,0
5024701,0.0,C,F,N,Y,1,202500.0,Working,Higher education,Single / not married,House / apartment,-10106,-93,Accountants,2,0,0
5024702,0.0,C,F,N,Y,1,202500.0,Working,Higher education,Single / not married,House / apartment,-10106,-93,Accountants,2,0,0
5024703,0.0,C,F,N,Y,1,202500.0,Working,Higher education,Single / not married,House / apartment,-10106,-93,Accountants,2,0,0
5025156,0.0,C,F,N,Y,1,202500.0,Working,Higher education,Single / not married,House / apartment,-10106,-93,Accountants,2,0,0
5024705,0.0,C,M,Y,N,0,225000.0,Working,Secondary / secondary special,Married,House / apartment,-13411,-185,Laborers,2,2,0
5024706,0.0,C,M,Y,N,0,225000.0,Working,Secondary / secondary special,Married,House / apartment,-13411,-185,Laborers,2,2,0
5024707,0.0,0,M,Y,N,0,225000.0,Working,Secondary / secondary special,Married,House / apartment,-13411,-185,Laborers,2,2,0
5025160,0.0,C,M,Y,N,0,225000.0,Working,Secondary / secondary special,Married,House / apartment,-13411,-185,Laborers,2,2,0
5024708,0.0,C,F,N,Y,0,180000.0,Working,Secondary / secondary special,Separated,House / apartment,-21978,-5480,Core staff,1,4,0
5024710,0.0,X,F,N,Y,0,180000.0,Working,Secondary / secondary special,Separated,House / apartment,-21978,-5480,Core staff,1,4,0
5024711,0.0,X,F,N,Y,0,180000.0,Working,Secondary / secondary special,Separated,House / apartment,-21978,-5480,Core staff,1,4,0
5024716,0.0,C,F,N,Y,0,148500.0,Commercial associate,Higher education,Married,House / apartment,-22710,-13699,High skill tech staff,2,3,0
5024720,0.0,X,F,N,Y,0,112500.0,Commercial associate,Secondary / secondary special,Married,House / apartment,-13099,-185,Cleaning staff,2,1,0
5024724,0.0,C,M,Y,Y,0,207000.0,State servant,Secondary / secondary special,Single / not married,House / apartment,-13585,-4902,Laborers,1,2,0
5024725,0.0,0,M,Y,Y,0,207000.0,State servant,Secondary / secondary special,Single / not married,House / apartment,-13585,-4902,Laborers,1,4,0
5024727,0.0,C,F,N,Y,0,202500.0,Working,Higher education,Married,House / apartment,-18156,-1250,Managers,2,0,0
5024728,0.0,C,F,N,Y,0,202500.0,Working,Higher education,Married,House / apartment,-18156,-1250,Managers,2,0,0
5025232,0.0,C,F,N,Y,0,202500.0,Working,Higher education,Married,House / apartment,-18156,-1250,Managers,2,0,0
5024732,0.0,X,M,N,Y,0,193500.0,Commercial associate,Higher education,Married,House / apartment,-12161,-1159,Drivers,2,3,0
5024744,0.0,C,M,N,Y,0,225000.0,Commercial associate,Higher education,Single / not married,House / apartment,-14195,-6881,Laborers,1,3,0
5024745,0.0,0,M,N,Y,0,225000.0,Commercial associate,Higher education,Single / not married,House / apartment,-14195,-6881,Laborers,1,1,0
5024746,0.0,0,M,N,Y,0,225000.0,Commercial associate,Higher education,Single / not married,House / apartment,-14195,-6881,Laborers,1,1,0
5024747,0.0,C,F,N,Y,0,247500.0,Commercial associate,Secondary / secondary special,Married,House / apartment,-16340,-8647,Medicine staff,2,1,0
5024748,0.0,X,F,N,Y,0,247500.0,Commercial associate,Secondary / secondary special,Married,House / apartment,-16340,-8647,Medicine staff,2,1,0
5024749,0.0,C,F,N,Y,0,247500.0,Commercial associate,Secondary / secondary special,Married,House / apartment,-16340,-8647,Medicine staff,2,1,0
5024751,0.0,C,F,N,Y,0,247500.0,Commercial associate,Secondary / secondary special,Married,House / apartment,-16340,-8647,Medicine staff,2,1,0
5024753,0.0,X,F,N,Y,0,247500.0,Commercial associate,Secondary / secondary special,Married,House / apartment,-16340,-8647,Medicine staff,2,1,0
5024759,0.0,C,F,N,Y,0,247500.0,Commercial associate,Secondary / secondary special,Married,House / apartment,-16340,-8647,Medicine staff,2,1,0
5024760,0.0,X,F,N,Y,0,247500.0,Commercial associate,Secondary / secondary special,Married,House / apartment,-16340,-8647,Medicine staff,2,1,0
5024761,0.0,0,F,N,Y,0,247500.0,Commercial associate,Secondary / secondary special,Married,House / apartment,-16340,-8647,Medicine staff,2,1,0
5024762,0.0,C,F,N,Y,0,247500.0,Commercial associate,Secondary / secondary special,Married,House / apartment,-16340,-8647,Medicine staff,2,1,0
5024763,0.0,0,F,Y,Y,1,337500.0,Commercial associate,Higher education,Married,House / apartment,-14558,-1250,High skill tech staff,3,3,2
5024764,0.0,0,F,Y,Y,1,337500.0,Commercial associate,Higher education,Married,House / apartment,-14558,-1250,High skill tech staff,3,3,2
5024766,0.0,0,F,Y,Y,1,337500.0,Commercial associate,Higher education,Married,House / apartment,-14558,-1250,High skill tech staff,3,3,2
5024767,0.0,C,F,Y,Y,1,337500.0,Commercial associate,Higher education,Married,House / apartment,-14558,-1250,High skill tech staff,3,3,2
5024768,0.0,0,F,Y,Y,1,337500.0,Commercial associate,Higher education,Married,House / apartment,-14558,-1250,High skill tech staff,3,3,2
5024770,0.0,X,F,N,Y,0,180000.0,Working,Secondary / secondary special,Married,House / apartment,-14749,-884,Cooking staff,2,4,0
5024771,0.0,1,F,Y,Y,0,202500.0,Working,Secondary / secondary special,Single / not married,House / apartment,-8568,-1068,Sales staff,1,1,0
5024773,0.0,C,F,Y,Y,0,202500.0,Working,Secondary / secondary special,Single / not married,House / apartment,-8568,-1068,Sales staff,1,2,0
5024775,0.0,0,F,N,Y,1,135000.0,Commercial associate,Higher education,Married,House / apartment,-11659,-397,Accountants,3,3,1
5024777,0.0,C,F,N,Y,1,135000.0,Commercial associate,Higher education,Married,House / apartment,-11659,-397,Accountants,3,3,1
5024778,0.0,C,F,N,Y,1,135000.0,Commercial associate,Higher education,Married,House / apartment,-11659,-397,Accountants,3,3,1
5024781,0.0,C,F,N,Y,1,135000.0,Commercial associate,Higher education,Married,House / apartment,-11659,-397,Accountants,3,3,1
5024782,0.0,X,F,N,Y,1,135000.0,Commercial associate,Higher education,Married,House / apartment,-11659,-397,Accountants,3,3,1
5024798,0.0,C,F,N,Y,0,157500.0,Working,Higher education,Single / not married,House / apartment,-11956,-307,High skill tech staff,1,0,0
5024800,0.0,C,F,N,Y,0,157500.0,Working,Higher education,Single / not married,House / apartment,-11956,-307,High skill tech staff,1,0,0
5024801,0.0,X,F,N,Y,1,247500.0,Working,Secondary / secondary special,Married,House / apartment,-15873,-2315,Managers,3,4,1
5024802,0.0,X,F,N,Y,1,247500.0,Working,Secondary / secondary special,Married,House / apartment,-15873,-2315,Managers,3,4,1
5024803,0.0,C,F,N,Y,1,247500.0,Working,Secondary / secondary special,Married,House / apartment,-15873,-2315,Managers,3,2,1
5024804,0.0,C,M,N,N,1,112500.0,Working,Secondary / secondary special,Separated,With parents,-15390,-1615,Laborers,2,2,0
5024809,0.0,C,M,N,N,1,112500.0,Working,Secondary / secondary special,Separated,With parents,-15390,-1615,Laborers,2,2,0
5024810,0.0,0,M,N,N,1,112500.0,Working,Secondary / secondary special,Separated,With parents,-15390,-1615,Laborers,2,4,0
5025137,0.0,X,M,N,N,1,112500.0,Working,Secondary / secondary special,Separated,With parents,-15390,-1615,Laborers,2,4,0
5024819,0.0,C,F,N,Y,0,72000.0,Working,Secondary / secondary special,Married,House / apartment,-19728,-277,Sales staff,2,2,0
5024820,0.0,0,F,N,Y,0,72000.0,Working,Secondary / secondary special,Married,House / apartment,-19728,-277,Sales staff,2,4,0
5024821,0.0,X,F,N,Y,0,72000.0,Working,Secondary / secondary special,Married,House / apartment,-19728,-277,Sales staff,2,4,0
5024822,0.0,X,F,N,N,1,90000.0,Working,Secondary / secondary special,Married,House / apartment,-12384,-2223,Sales staff,3,4,1
5024824,0.0,X,F,N,N,1,90000.0,Working,Secondary / secondary special,Married,House / apartment,-12384,-2223,Sales staff,3,4,1
5024825,0.0,X,F,N,N,1,90000.0,Working,Secondary / secondary special,Married,House / apartment,-12384,-2223,Sales staff,3,4,1
5024826,0.0,C,F,N,N,1,90000.0,Working,Secondary / secondary special,Married,House / apartment,-12384,-2223,Sales staff,3,2,1
5024827,0.0,X,F,N,N,1,90000.0,Working,Secondary / secondary special,Married,House / apartment,-12384,-2223,Sales staff,3,4,1
5024828,0.0,0,M,Y,Y,1,112500.0,Working,Incomplete higher,Married,With parents,-12907,-338,Laborers,3,2,1
5024831,0.0,C,M,N,N,0,360000.0,Working,Secondary / secondary special,Civil marriage,House / apartment,-12523,-5145,Laborers,2,2,2
5024833,0.0,1,M,N,N,0,360000.0,Working,Secondary / secondary special,Civil marriage,House / apartment,-12523,-5145,Laborers,2,1,0
5025161,0.0,0,M,N,N,0,360000.0,Working,Secondary / secondary special,Civil marriage,House / apartment,-12523,-5145,Laborers,2,4,2
5024843,0.0,X,F,N,Y,0,157500.0,Working,Higher education,Single / not married,House / apartment,-11511,-519,High skill tech staff,1,1,0
5024845,0.0,X,F,N,Y,0,157500.0,Working,Higher education,Single / not married,House / apartment,-11511,-519,High skill tech staff,1,1,0
5024846,0.0,C,F,N,Y,0,157500.0,Working,Higher education,Single / not married,House / apartment,-11511,-519,High skill tech staff,1,0,0
5024848,0.0,C,F,N,Y,0,157500.0,Working,Higher education,Single / not married,House / apartment,-11511,-519,High skill tech staff,1,0,0
5024850,0.0,X,F,N,Y,0,157500.0,Working,Higher education,Single / not married,House / apartment,-11511,-519,High skill tech staff,1,1,0
5024851,0.0,C,F,Y,Y,3,81000.0,Working,Secondary / secondary special,Married,House / apartment,-14595,-884,Core staff,5,2,1
5024852,0.0,C,F,Y,Y,3,81000.0,Working,Secondary / secondary special,Married,House / apartment,-14595,-884,Core staff,5,2,1
5024853,0.0,C,F,Y,Y,3,81000.0,Working,Secondary / secondary special,Married,House / apartment,-14595,-884,Core staff,5,2,1
5024854,0.0,C,F,Y,Y,3,81000.0,Working,Secondary / secondary special,Married,House / apartment,-14595,-884,Core staff,5,2,1
5024856,0.0,0,F,Y,Y,0,211500.0,Working,Secondary / secondary special,Married,House / apartment,-15559,-5145,High skill tech staff,2,4,0
5024857,0.0,0,F,Y,Y,0,211500.0,Working,Secondary / secondary special,Married,House / apartment,-15559,-5145,High skill tech staff,2,4,0
5024866,0.0,X,M,Y,N,0,63000.0,Working,Secondary / secondary special,Married,House / apartment,-18858,-1614,Drivers,2,2,0
5024868,0.0,C,F,N,N,0,211500.0,Working,Secondary / secondary special,Married,House / apartment,-18611,-3563,Security staff,2,2,0
5024870,0.0,C,F,Y,Y,0,720000.0,Commercial associate,Higher education,Separated,House / apartment,-23298,-154,Managers,1,3,2
5024877,0.0,C,M,Y,Y,0,360000.0,Commercial associate,Higher education,Married,House / apartment,-22636,-3076,Drivers,2,0,2
5024881,0.0,C,F,N,Y,0,315000.0,Commercial associate,Incomplete higher,Single / not married,House / apartment,-10835,-396,Sales staff,1,3,2
5024884,0.0,C,F,N,N,1,117000.0,Working,Secondary / secondary special,Married,House / apartment,-11640,-1676,Sales staff,3,2,1
5024887,0.0,C,F,N,N,1,180000.0,Working,Secondary / secondary special,Single / not married,House / apartment,-9950,-427,Sales staff,2,4,0
5024888,0.0,C,F,N,N,1,180000.0,Working,Secondary / secondary special,Single / not married,House / apartment,-9950,-427,Sales staff,2,4,0
5024889,0.0,0,F,Y,N,0,112500.0,Working,Higher education,Married,House / apartment,-13903,-3410,High skill tech staff,2,1,0
5024892,0.0,C,F,N,Y,1,225000.0,Commercial associate,Secondary / secondary special,Civil marriage,Municipal apartment,-13933,-3625,Accountants,3,1,1
5024894,0.0,C,M,N,Y,0,180000.0,Working,Secondary / secondary special,Civil marriage,House / apartment,-15851,-428,Laborers,2,2,0
5024896,0.0,C,F,Y,Y,3,126000.0,Commercial associate,Secondary / secondary special,Married,House / apartment,-12264,-1097,Laborers,5,0,1
5024900,0.0,X,F,Y,N,0,292500.0,State servant,Higher education,Civil marriage,House / apartment,-16420,-703,Accountants,2,3,2
5024905,0.0,X,F,N,N,0,94500.0,Commercial associate,Secondary / secondary special,Married,House / apartment,-15005,-1827,Sales staff,2,1,0
5024906,0.0,0,M,N,N,0,135000.0,Commercial associate,Secondary / secondary special,Married,House / apartment,-13556,-1615,Core staff,2,1,0
5024909,0.0,0,M,Y,Y,0,225000.0,Working,Secondary / secondary special,Married,House / apartment,-20463,-185,Security staff,2,2,0
5024910,0.0,0,M,N,N,3,90000.0,Commercial associate,Secondary / secondary special,Married,House / apartment,-12906,-2467,Laborers,5,4,1
5024912,0.0,C,F,Y,N,2,135000.0,Working,Secondary / secondary special,Married,House / apartment,-8717,-1857,Core staff,4,2,1
5024915,0.0,C,F,N,Y,0,112500.0,Working,Higher education,Married,House / apartment,-18259,-5756,Sales staff,2,0,0
5024918,0.0,0,M,N,Y,2,225000.0,Working,Higher education,Married,House / apartment,-14841,-3868,Managers,4,1,1
5024922,0.0,0,M,N,Y,0,180000.0,Working,Lower secondary,Single / not married,House / apartment,-14663,-1188,Drivers,1,4,0
5024927,0.0,X,M,N,N,0,382500.0,Commercial associate,Secondary / secondary special,Single / not married,House / apartment,-12633,-854,Laborers,1,1,2
5024930,0.0,0,M,Y,N,2,126000.0,Commercial associate,Secondary / secondary special,Married,House / apartment,-12245,-672,Laborers,4,1,1
5024936,0.0,0,F,N,Y,1,112500.0,Working,Secondary / secondary special,Married,House / apartment,-15376,-6851,Laborers,3,4,1
5024943,0.0,X,F,N,Y,0,360000.0,Working,Higher education,Single / not married,House / apartment,-16912,-1462,Core staff,1,1,2
5024944,0.0,C,M,Y,Y,0,180000.0,Working,Secondary / secondary special,Married,House / apartment,-15623,-1645,Laborers,2,2,0
5024945,0.0,C,M,Y,Y,0,180000.0,Working,Secondary / secondary special,Married,House / apartment,-15623,-1645,Laborers,2,2,0
5024946,0.0,C,F,Y,N,1,145350.0,Commercial associate,Secondary / secondary special,Married,House / apartment,-9119,-185,Laborers,3,0,1
5024947,0.0,0,M,Y,N,0,135000.0,Working,Secondary / secondary special,Married,House / apartment,-18643,-1707,Security staff,2,2,0
5024948,0.0,C,F,Y,N,0,157500.0,Working,Secondary / secondary special,Civil marriage,House / apartment,-17260,-8647,Laborers,2,2,0
5024952,0.0,C,F,N,N,0,112500.0,Working,Secondary / secondary special,Married,House / apartment,-10823,-1493,Sales staff,2,2,0
5024953,0.0,0,M,Y,Y,1,180000.0,Working,Higher education,Married,House / apartment,-12143,-428,Security staff,3,0,1
5024955,0.0,C,M,Y,Y,1,103500.0,Working,Secondary / secondary special,Married,House / apartment,-16381,-185,Laborers,3,2,1
5024957,0.0,0,F,N,Y,2,173250.0,Working,Secondary / secondary special,Separated,House / apartment,-13219,-5542,Core staff,3,4,1
5024963,0.0,C,M,Y,N,1,157500.0,Commercial associate,Secondary / secondary special,Married,Office apartment,-12986,-2345,Laborers,3,0,1
5024966,0.0,C,M,N,N,0,202500.0,Working,Secondary / secondary special,Separated,House / apartment,-14772,-154,Laborers,1,2,0
5024968,0.0,0,F,N,N,1,180000.0,Working,Secondary / secondary special,Married,House / apartment,-15938,-8342,Medicine staff,3,4,1
5024975,0.0,C,M,N,Y,0,135000.0,Commercial associate,Secondary / secondary special,Married,House / apartment,-12953,-1737,Laborers,2,2,0
5024977,0.0,C,M,N,N,0,360000.0,Working,Incomplete higher,Single / not married,Municipal apartment,-12375,-2773,Laborers,1,2,2
5024978,0.0,C,F,Y,N,0,382500.0,Working,Higher education,Civil marriage,House / apartment,-11153,-1281,Accountants,2,0,2
5024980,0.0,0,M,N,N,0,270000.0,Commercial associate,Secondary / secondary special,Married,House / apartment,-14255,-762,Drivers,2,1,0
5024981,0.0,C,M,N,N,0,270000.0,Commercial associate,Secondary / secondary special,Married,House / apartment,-14255,-762,Drivers,2,0,0
5024983,0.0,C,F,N,N,1,135000.0,Working,Secondary / secondary special,Married,House / apartment,-15269,-2376,Core staff,3,2,1
5024984,0.0,C,M,Y,N,0,157500.0,Working,Secondary / secondary special,Married,House / apartment,-18217,-216,Security staff,2,2,0
5025006,0.0,0,M,Y,N,0,157500.0,Working,Secondary / secondary special,Married,House / apartment,-18217,-216,Security staff,2,2,0
5024988,0.0,C,M,Y,Y,1,270000.0,State servant,Secondary / secondary special,Married,House / apartment,-18871,-3928,Drivers,3,0,2
5024989,0.0,C,M,N,N,0,81000.0,Working,Secondary / secondary special,Married,With parents,-11352,-671,Laborers,2,2,0
5024992,0.0,C,F,N,Y,0,360000.0,State servant,Secondary / secondary special,Widow,House / apartment,-18190,-11202,Core staff,1,1,2
5024999,0.0,C,F,Y,Y,0,135000.0,Working,Secondary / secondary special,Married,House / apartment,-9995,-1523,Sales staff,2,2,0
5025000,0.0,1,M,Y,N,0,315000.0,Working,Secondary / secondary special,Married,House / apartment,-20483,-792,Drivers,2,1,0
5025001,0.0,C,F,N,N,0,112500.0,Working,Secondary / secondary special,Single / not married,House / apartment,-14074,-4720,Core staff,1,4,0
5025002,0.0,C,F,N,N,0,112500.0,Working,Secondary / secondary special,Single / not married,House / apartment,-14074,-4720,Core staff,1,4,0
5025003,0.0,C,F,N,N,0,112500.0,Working,Secondary / secondary special,Single / not married,House / apartment,-14074,-4720,Core staff,1,4,0
5025010,0.0,C,F,N,N,1,157500.0,Commercial associate,Higher education,Single / not married,House / apartment,-14619,-124,Laborers,2,3,0
5025012,0.0,C,F,Y,N,0,112500.0,Commercial associate,Higher education,Married,House / apartment,-12668,-2498,Laborers,2,0,0
5025013,0.0,C,F,N,N,0,117000.0,Commercial associate,Secondary / secondary special,Married,House / apartment,-15607,-2437,Sales staff,2,1,0
5025014,0.0,0,F,Y,N,0,180000.0,Working,Higher education,Married,House / apartment,-13264,-397,Laborers,2,1,0
5025015,0.0,C,M,Y,N,0,256500.0,Working,Secondary / secondary special,Married,House / apartment,-13694,-246,Laborers,2,2,0
5025016,0.0,C,M,Y,N,0,256500.0,Working,Secondary / secondary special,Married,House / apartment,-13694,-246,Laborers,2,2,0
5025017,0.0,C,M,N,Y,0,135000.0,Working,Secondary / secondary special,Single / not married,House / apartment,-13295,-975,Laborers,1,2,0
5025018,0.0,C,F,Y,Y,1,135000.0,Commercial associate,Higher education,Married,House / apartment,-10117,-1158,Core staff,3,3,1
5025030,0.0,X,F,Y,N,0,90000.0,Commercial associate,Secondary / secondary special,Married,House / apartment,-18652,-5633,Laborers,2,1,0
5025032,0.0,0,F,Y,N,0,90000.0,Commercial associate,Secondary / secondary special,Married,House / apartment,-18652,-5633,Laborers,2,1,0
5025035,0.0,0,F,N,N,0,180000.0,Working,Higher education,Widow,House / apartment,-19190,-1159,Sales staff,1,1,0
5025036,0.0,0,M,N,Y,0,202500.0,Working,Secondary / secondary special,Single / not married,House / apartment,-15081,-823,Laborers,1,4,0
5025043,0.0,C,F,N,N,0,135000.0,Working,Secondary / secondary special,Married,House / apartment,-16743,-8066,Medicine staff,2,2,0
5025045,0.0,C,F,N,N,0,157500.0,Commercial associate,Secondary / secondary special,Civil marriage,House / apartment,-16199,-3411,Private service staff,2,1,0
5025049,0.0,C,F,Y,N,0,202500.0,Commercial associate,Secondary / secondary special,Married,House / apartment,-14926,-1281,High skill tech staff,2,0,0
5025051,0.0,C,M,Y,Y,1,135000.0,Working,Secondary / secondary special,Married,House / apartment,-15157,-8189,Laborers,3,2,1
5025061,0.0,C,M,Y,Y,0,166500.0,Working,Secondary / secondary special,Married,House / apartment,-11728,-3199,High skill tech staff,2,2,0
5025062,0.0,0,M,Y,Y,0,166500.0,Working,Secondary / secondary special,Married,House / apartment,-11728,-3199,High skill tech staff,2,2,0
5025064,0.0,C,M,N,Y,1,360000.0,State servant,Higher education,Civil marriage,House / apartment,-18862,-7093,Core staff,3,3,2
5025066,0.0,C,M,Y,Y,2,531000.0,State servant,Higher education,Married,House / apartment,-15173,-7916,Managers,4,0,2
5025069,0.0,C,M,Y,Y,1,180000.0,Working,Secondary / secondary special,Married,House / apartment,-11511,-3806,Core staff,3,2,1
5025074,0.0,0,F,N,Y,0,171000.0,Working,Secondary / secondary special,Married,House / apartment,-18839,-7551,Managers,2,4,0
5025078,0.0,C,M,N,Y,0,225000.0,Commercial associate,Secondary / secondary special,Single / not married,House / apartment,-15206,-3563,Laborers,1,1,0
5025080,0.0,C,F,Y,N,0,675000.0,Commercial associate,Higher education,Separated,House / apartment,-15733,-6486,Core staff,1,3,2
5025087,0.0,C,F,N,Y,0,94500.0,Working,Secondary / secondary special,Civil marriage,House / apartment,-9711,-1403,Sales staff,2,4,0
5025092,0.0,0,M,Y,N,3,90000.0,Working,Lower secondary,Separated,With parents,-13608,-1461,Drivers,4,1,1
5025095,0.0,0,M,N,Y,0,315000.0,Working,Secondary / secondary special,Single / not married,Municipal apartment,-9812,-338,Sales staff,1,4,0
5025097,0.0,X,F,N,Y,0,315000.0,Working,Secondary / secondary special,Separated,House / apartment,-13375,-793,Cooking staff,1,4,0
5025098,0.0,0,M,N,Y,0,112500.0,Working,Secondary / secondary special,Single / not married,House / apartment,-15233,-246,Laborers,1,4,0
5025100,0.0,C,F,N,N,0,180000.0,Commercial associate,Secondary / secondary special,Civil marriage,House / apartment,-16596,-427,Sales staff,2,1,0
5025101,0.0,0,F,N,Y,0,126000.0,Working,Higher education,Married,House / apartment,-11374,-761,High skill tech staff,2,1,0
5025102,0.0,C,F,N,Y,0,130500.0,Commercial associate,Secondary / secondary special,Civil marriage,House / apartment,-14697,-1767,Sales staff,2,1,0
5025104,0.0,0,M,Y,Y,2,270000.0,Commercial associate,Incomplete higher,Married,House / apartment,-15934,-3684,Managers,4,3,1
5025106,0.0,0,M,Y,Y,2,270000.0,Commercial associate,Incomplete higher,Married,House / apartment,-15934,-3684,Managers,4,3,1
5025107,0.0,C,F,N,Y,1,180000.0,Working,Secondary / secondary special,Single / not married,House / apartment,-11722,-3653,Medicine staff,2,4,0
5025109,0.0,X,M,Y,Y,0,225000.0,Working,Secondary / secondary special,Married,House / apartment,-18259,-703,Drivers,2,2,0
5025110,0.0,C,M,N,N,0,180000.0,Commercial associate,Secondary / secondary special,Married,House / apartment,-14902,-3837,Laborers,2,2,0
5025114,0.0,X,F,N,Y,0,112500.0,Working,Secondary / secondary special,Widow,House / apartment,-22650,-14338,Laborers,1,4,0
5025115,0.0,C,F,Y,Y,0,360000.0,Commercial associate,Secondary / secondary special,Married,House / apartment,-17103,-1493,Cooking staff,2,0,2
5025117,0.0,C,M,Y,N,1,405000.0,Working,Higher education,Married,House / apartment,-12991,-731,Managers,3,0,2
5025119,0.0,X,F,N,Y,0,112500.0,State servant,Higher education,Married,House / apartment,-13513,-6394,Core staff,2,3,0
5025120,0.0,C,F,N,Y,0,112500.0,State servant,Higher education,Married,House / apartment,-13513,-6394,Core staff,2,3,0
5025121,0.0,0,F,N,Y,0,112500.0,State servant,Higher education,Married,House / apartment,-13513,-6394,Core staff,2,3,0
5025124,0.0,0,F,Y,Y,0,180000.0,Commercial associate,Incomplete higher,Married,House / apartment,-17211,-3076,High skill tech staff,2,1,0
5025135,0.0,C,M,Y,Y,0,157500.0,Working,Secondary / secondary special,Married,House / apartment,-12366,-3653,Drivers,2,2,0
5025143,0.0,C,F,N,Y,0,387000.0,Commercial associate,Secondary / secondary special,Separated,House / apartment,-18147,-642,Sales staff,1,1,2
5025144,0.0,X,F,N,Y,0,387000.0,Commercial associate,Secondary / secondary special,Separated,House / apartment,-18147,-642,Sales staff,1,1,2
5025145,0.0,C,F,N,Y,0,387000.0,Commercial associate,Secondary / secondary special,Separated,House / apartment,-18147,-642,Sales staff,1,1,2
5025146,0.0,X,F,N,Y,0,387000.0,Commercial associate,Secondary / secondary special,Separated,House / apartment,-18147,-642,Sales staff,1,1,2
5025148,0.0,C,F,N,Y,1,90000.0,Working,Secondary / secondary special,Married,House / apartment,-15010,-884,Managers,3,2,1
5025153,0.0,C,F,N,N,0,90000.0,Working,Secondary / secondary special,Married,With parents,-16174,-277,Sales staff,2,2,0
5025158,0.0,C,M,Y,Y,0,270000.0,Working,Higher education,Single / not married,House / apartment,-9918,-428,Managers,1,0,0
5025163,0.0,C,F,Y,Y,1,112500.0,Working,Secondary / secondary special,Widow,House / apartment,-16596,-8859,Laborers,2,2,0
5025167,0.0,0,M,Y,N,1,450000.0,Working,Secondary / secondary special,Married,House / apartment,-16912,-2072,Laborers,3,2,2
5025172,0.0,C,F,N,Y,0,157500.0,Commercial associate,Secondary / secondary special,Married,House / apartment,-16625,-2011,Core staff,2,1,0
5025175,0.0,C,F,Y,Y,0,112500.0,Commercial associate,Higher education,Single / not married,House / apartment,-8488,-611,Accountants,1,3,0
5025185,0.0,X,M,Y,N,2,130500.0,Working,Secondary / secondary special,Married,House / apartment,-9076,-1281,Laborers,4,2,1
5025192,0.0,1,F,N,N,1,112500.0,Working,Secondary / secondary special,Civil marriage,With parents,-12822,-2773,Laborers,3,1,0
5025194,0.0,C,F,Y,Y,0,180000.0,Commercial associate,Higher education,Widow,House / apartment,-19489,-5329,Managers,1,3,0
5025195,0.0,C,M,Y,Y,0,166500.0,Working,Secondary / secondary special,Married,House / apartment,-21109,-8555,Laborers,2,2,0
5025199,0.0,C,M,N,Y,0,270000.0,Working,Secondary / secondary special,Married,House / apartment,-12736,-4690,Core staff,2,2,0
5025200,0.0,0,F,N,Y,0,225000.0,Commercial associate,Secondary / secondary special,Single / not married,House / apartment,-16557,-2834,Sales staff,1,1,0
5025201,0.0,0,M,Y,N,0,1125000.0,Commercial associate,Secondary / secondary special,Married,Rented apartment,-15960,-1646,Managers,2,1,2
5025204,0.0,C,F,N,N,0,247500.0,Working,Secondary / secondary special,Married,Municipal apartment,-19923,-3229,Sales staff,2,2,0
5025207,0.0,X,M,Y,Y,1,180000.0,Commercial associate,Secondary / secondary special,Married,House / apartment,-9901,-124,Drivers,3,1,1
5025213,0.0,C,M,Y,Y,0,225000.0,Commercial associate,Secondary / secondary special,Single / not married,With parents,-8527,-581,Drivers,1,0,0
5025215,0.0,X,F,N,Y,0,225000.0,Working,Higher education,Widow,House / apartment,-21861,-10777,Cooking staff,1,1,0
5025219,0.0,0,F,N,Y,1,184500.0,Working,Secondary / secondary special,Married,House / apartment,-11631,-5055,Laborers,3,4,1
5025222,0.0,0,F,N,N,0,90000.0,Working,Secondary / secondary special,Married,House / apartment,-18770,-124,Laborers,2,4,0
5025233,0.0,X,F,N,N,0,90000.0,Working,Secondary / secondary special,Married,House / apartment,-18770,-124,Laborers,2,4,0
5025223,0.0,0,M,Y,N,1,283500.0,Commercial associate,Higher education,Married,Municipal apartment,-14257,-6060,High skill tech staff,3,3,2
5025225,0.0,C,F,Y,N,1,202500.0,Working,Higher education,Married,House / apartment,-10636,-915,Sales staff,3,0,1
5025234,0.0,X,F,N,N,0,36000.0,Working,Secondary / secondary special,Separated,Municipal apartment,-14846,-154,Cleaning staff,1,4,0
5025238,0.0,0,F,N,Y,0,67500.0,Working,Secondary / secondary special,Married,House / apartment,-17587,-3411,Cleaning staff,2,4,0
5025239,0.0,0,F,N,Y,0,67500.0,Working,Secondary / secondary special,Married,House / apartment,-17587,-3411,Cleaning staff,2,4,0
5025245,0.0,C,M,Y,N,0,270000.0,Working,Higher education,Married,House / apartment,-11812,-642,High skill tech staff,2,0,2
5025257,0.0,C,F,Y,Y,2,157500.0,Working,Secondary / secondary special,Married,House / apartment,-11688,-2803,Core staff,4,2,1
5025662,0.0,C,F,N,N,2,180000.0,State servant,Higher education,Married,House / apartment,-11075,-2808,Core staff,4,3,1
5025682,0.0,C,F,Y,N,1,135000.0,State servant,Secondary / secondary special,Married,House / apartment,-14599,-2108,Medicine staff,3,0,1
5025683,0.0,C,F,Y,N,1,135000.0,State servant,Secondary / secondary special,Married,House / apartment,-14599,-2108,Medicine staff,3,0,1
5025722,0.0,X,F,N,N,0,202500.0,Working,Secondary / secondary special,Single / not married,House / apartment,-13800,-922,Sales staff,1,4,0
5025740,0.0,X,F,Y,N,0,216000.0,Working,Higher education,Married,Municipal apartment,-11974,-282,Sales staff,2,0,0
5025741,0.0,0,F,Y,N,0,216000.0,Working,Higher education,Married,Municipal apartment,-11974,-282,Sales staff,2,1,0
5025793,0.0,0,F,N,Y,0,157500.0,Working,Secondary / secondary special,Married,House / apartment,-18506,-3630,Core staff,2,4,0
5025832,0.0,0,F,Y,Y,1,270000.0,Working,Higher education,Married,House / apartment,-10416,-3661,Laborers,3,1,1
5025833,0.0,C,M,Y,Y,0,135000.0,Working,Secondary / secondary special,Married,House / apartment,-18526,-8624,Low-skill Laborers,2,2,0
5025929,0.0,0,F,N,Y,0,157500.0,Working,Secondary / secondary special,Married,House / apartment,-18364,-1227,Sales staff,2,4,0
5025963,0.0,0,F,N,Y,0,130500.0,Working,Secondary / secondary special,Married,House / apartment,-13520,-5488,Core staff,2,4,0
5025981,0.0,1,M,N,N,1,189000.0,Working,Secondary / secondary special,Married,House / apartment,-11700,-404,Managers,3,1,0
5026054,0.0,C,M,Y,Y,1,315000.0,Working,Higher education,Married,House / apartment,-10580,-2566,Core staff,3,0,2
5026055,0.0,C,M,Y,Y,1,315000.0,Working,Higher education,Married,House / apartment,-10580,-2566,Core staff,3,0,2
5026113,0.0,C,F,N,Y,0,90000.0,Commercial associate,Secondary / secondary special,Married,House / apartment,-10127,-831,Sales staff,2,1,0
5026118,0.0,C,F,N,Y,0,270000.0,Commercial associate,Higher education,Married,House / apartment,-21058,-2749,Accountants,2,3,2
5026119,0.0,C,M,Y,Y,0,225000.0,Working,Secondary / secondary special,Married,House / apartment,-16277,-6979,High skill tech staff,2,2,0
5026120,0.0,C,M,Y,Y,0,225000.0,Working,Secondary / secondary special,Married,House / apartment,-16277,-6979,High skill tech staff,2,2,0
5026121,0.0,C,M,Y,Y,0,225000.0,Working,Secondary / secondary special,Married,House / apartment,-16277,-6979,High skill tech staff,2,2,0
5026122,0.0,C,M,Y,Y,0,225000.0,Working,Secondary / secondary special,Married,House / apartment,-16277,-6979,High skill tech staff,2,2,0
5026123,0.0,C,M,Y,Y,0,225000.0,Working,Secondary / secondary special,Married,House / apartment,-16277,-6979,High skill tech staff,2,2,0
5026124,0.0,C,M,Y,Y,0,225000.0,Working,Secondary / secondary special,Married,House / apartment,-16277,-6979,High skill tech staff,2,2,0
5026125,0.0,C,M,Y,Y,0,225000.0,Working,Secondary / secondary special,Married,House / apartment,-16277,-6979,High skill tech staff,2,2,0
5026144,0.0,C,F,N,N,0,180000.0,Commercial associate,Secondary / secondary special,Married,House / apartment,-23734,-6067,Managers,2,1,0
5026145,0.0,0,F,N,Y,0,180000.0,Commercial associate,Higher education,Civil marriage,House / apartment,-17474,-313,Sales staff,2,3,0
5026146,0.0,0,F,N,Y,1,202500.0,Commercial associate,Incomplete higher,Civil marriage,House / apartment,-13539,-1653,Core staff,3,1,1
5026147,0.0,X,F,N,Y,1,202500.0,Commercial associate,Incomplete higher,Civil marriage,House / apartment,-13539,-1653,Core staff,3,1,1
5026151,0.0,0,F,N,Y,1,157500.0,State servant,Secondary / secondary special,Married,House / apartment,-16425,-2842,Managers,3,1,1
5026154,0.0,0,F,N,Y,1,157500.0,State servant,Secondary / secondary special,Married,House / apartment,-16425,-2842,Managers,3,1,1
5026161,0.0,X,F,Y,Y,0,540000.0,Working,Higher education,Separated,House / apartment,-13151,-3725,Accountants,1,1,2
5026162,0.0,X,F,Y,Y,0,540000.0,Working,Higher education,Separated,House / apartment,-13151,-3725,Accountants,1,1,2
5026181,0.0,X,M,Y,Y,0,135000.0,Working,Secondary / secondary special,Married,House / apartment,-19171,-7804,Laborers,2,2,0
5026190,0.0,X,M,Y,Y,0,270000.0,Commercial associate,Secondary / secondary special,Married,House / apartment,-17968,-895,Laborers,2,2,2
5026191,0.0,X,M,Y,Y,0,270000.0,Commercial associate,Secondary / secondary special,Married,House / apartment,-17968,-895,Laborers,2,2,2
5026201,0.0,0,M,N,Y,0,112500.0,Working,Secondary / secondary special,Married,House / apartment,-18871,-3482,Security staff,2,4,0
5026225,0.0,0,M,Y,Y,0,225000.0,Commercial associate,Secondary / secondary special,Married,House / apartment,-24247,-377,Security staff,2,1,0
5026226,0.0,0,M,Y,Y,0,225000.0,Commercial associate,Secondary / secondary special,Married,House / apartment,-24247,-377,Security staff,2,1,0
5026238,0.0,0,F,Y,N,0,225000.0,Commercial associate,Secondary / secondary special,Married,House / apartment,-15123,-2873,Sales staff,2,1,0
5026276,0.0,0,F,N,Y,2,112500.0,Working,Secondary / secondary special,Married,House / apartment,-13935,-560,Laborers,4,4,1
5026314,0.0,C,M,Y,N,1,135000.0,Commercial associate,Higher education,Married,House / apartment,-15868,-2842,Managers,3,0,1
5026394,0.0,0,F,N,Y,0,58500.0,State servant,Secondary / secondary special,Single / not married,House / apartment,-19566,-6129,Core staff,1,1,0
5026432,0.0,X,F,Y,Y,0,108000.0,Working,Secondary / secondary special,Married,Municipal apartment,-19316,-6039,Core staff,2,4,0
5026453,0.0,X,M,N,Y,0,90000.0,Commercial associate,Secondary / secondary special,Single / not married,House / apartment,-12377,-3207,Core staff,1,1,0
5026454,0.0,X,M,N,Y,0,90000.0,Commercial associate,Secondary / secondary special,Single / not married,House / apartment,-12377,-3207,Core staff,1,1,0
5026469,0.0,0,F,N,Y,1,270000.0,Working,Secondary / secondary special,Married,House / apartment,-16616,-2722,Realty agents,3,4,1
5026471,0.0,0,F,N,Y,1,270000.0,Working,Secondary / secondary special,Married,House / apartment,-16616,-2722,Realty agents,3,4,1
5026472,0.0,X,F,Y,Y,1,126000.0,Working,Secondary / secondary special,Married,House / apartment,-8069,-499,Waiters/barmen staff,3,4,1
5026473,0.0,C,F,Y,Y,0,225000.0,Working,Secondary / secondary special,Married,House / apartment,-16511,-3148,Laborers,2,2,0
5026497,0.0,0,F,N,Y,0,225000.0,Working,Secondary / secondary special,Separated,House / apartment,-17216,-1138,Laborers,1,4,0
5026516,0.0,X,F,Y,Y,2,112500.0,Working,Secondary / secondary special,Married,House / apartment,-13028,-104,Sales staff,4,4,1
5026540,0.0,X,F,N,Y,0,112500.0,Working,Secondary / secondary special,Single / not married,House / apartment,-15839,-1381,High skill tech staff,1,4,0
5026560,0.0,0,M,N,Y,1,99000.0,Commercial associate,Secondary / secondary special,Single / not married,House / apartment,-18979,-4609,Laborers,2,1,0
5026583,0.0,0,M,N,Y,0,67500.0,Working,Higher education,Single / not married,House / apartment,-19718,-2052,Laborers,1,1,0
5026632,0.0,X,F,N,Y,0,99000.0,Working,Secondary / secondary special,Separated,House / apartment,-18068,-8870,Medicine staff,1,4,0
5026689,0.0,0,F,Y,Y,0,270000.0,Working,Secondary / secondary special,Separated,House / apartment,-17482,-2264,Sales staff,1,4,0
5026691,0.0,0,F,Y,Y,0,270000.0,Working,Secondary / secondary special,Separated,House / apartment,-17482,-2264,Sales staff,1,4,0
5026706,0.0,0,M,N,Y,0,76500.0,Working,Higher education,Married,House / apartment,-19862,-2295,Laborers,2,1,0
5026708,0.0,0,M,N,Y,0,76500.0,Working,Higher education,Married,House / apartment,-19862,-2295,Laborers,2,1,0
5026715,0.0,C,M,Y,N,2,247500.0,Working,Secondary / secondary special,Married,With parents,-12149,-195,Drivers,4,2,1
5026732,0.0,0,F,N,Y,0,112500.0,Working,Secondary / secondary special,Single / not married,House / apartment,-14166,-1991,Core staff,1,4,0
5026739,0.0,0,F,N,Y,0,112500.0,Working,Secondary / secondary special,Single / not married,House / apartment,-14166,-1991,Core staff,1,4,0
5026744,0.0,0,M,Y,Y,0,216000.0,Commercial associate,Higher education,Married,House / apartment,-19147,-1868,Laborers,2,3,0
5026745,0.0,0,M,Y,Y,0,216000.0,Commercial associate,Higher education,Married,House / apartment,-19147,-1868,Laborers,2,3,0
5028241,0.0,X,F,N,Y,0,225000.0,Commercial associate,Higher education,Single / not married,House / apartment,-18042,-1603,Laborers,1,3,0
5028245,0.0,0,F,N,Y,0,225000.0,Commercial associate,Higher education,Single / not married,House / apartment,-18042,-1603,Laborers,1,1,0
5028248,0.0,0,F,N,Y,0,225000.0,Commercial associate,Higher education,Single / not married,House / apartment,-18042,-1603,Laborers,1,1,0
5028252,0.0,C,M,Y,N,4,202500.0,Commercial associate,Secondary / secondary special,Married,House / apartment,-15328,-2578,Security staff,6,0,1
5028253,0.0,0,M,Y,N,4,202500.0,Commercial associate,Secondary / secondary special,Married,House / apartment,-15328,-2578,Security staff,6,1,1
5028254,0.0,0,M,Y,N,4,202500.0,Commercial associate,Secondary / secondary special,Married,House / apartment,-15328,-2578,Security staff,6,1,1
5028255,0.0,C,M,Y,N,4,202500.0,Commercial associate,Secondary / secondary special,Married,House / apartment,-15328,-2578,Security staff,6,0,1
5028256,0.0,0,F,Y,Y,1,130500.0,Working,Secondary / secondary special,Married,House / apartment,-14152,-5560,Cooking staff,3,4,1
5028257,0.0,C,F,Y,Y,1,130500.0,Working,Secondary / secondary special,Married,House / apartment,-14152,-5560,Cooking staff,3,2,1
5028259,0.0,C,F,Y,Y,1,130500.0,Working,Secondary / secondary special,Married,House / apartment,-14152,-5560,Cooking staff,3,2,1
5028260,0.0,0,F,Y,Y,1,130500.0,Working,Secondary / secondary special,Married,House / apartment,-14152,-5560,Cooking staff,3,4,1
5028261,0.0,C,F,Y,Y,1,130500.0,Working,Secondary / secondary special,Married,House / apartment,-14152,-5560,Cooking staff,3,2,1
5028263,0.0,X,F,N,N,0,180000.0,Working,Secondary / secondary special,Married,Municipal apartment,-11444,-630,Core staff,2,4,0
5028265,0.0,C,M,N,Y,0,112500.0,Working,Secondary / secondary special,Civil marriage,House / apartment,-16274,-1452,Laborers,2,2,0
5028266,0.0,C,M,N,Y,0,112500.0,Working,Secondary / secondary special,Civil marriage,House / apartment,-16274,-1452,Laborers,2,2,0
5028267,0.0,0,M,Y,Y,0,202500.0,Working,Secondary / secondary special,Married,House / apartment,-11688,-1299,Laborers,2,2,0
5028268,0.0,C,M,Y,Y,0,202500.0,Working,Secondary / secondary special,Married,House / apartment,-11688,-1299,Laborers,2,2,0
5028269,0.0,C,M,Y,Y,1,270000.0,Working,Secondary / secondary special,Married,House / apartment,-17293,-203,Laborers,3,2,1
5028271,0.0,0,M,Y,Y,1,270000.0,Working,Secondary / secondary special,Married,House / apartment,-17293,-203,Laborers,3,2,1
5028272,0.0,C,M,Y,Y,1,270000.0,Working,Secondary / secondary special,Married,House / apartment,-17293,-203,Laborers,3,2,1
5028274,0.0,C,F,Y,N,2,360000.0,Working,Incomplete higher,Married,House / apartment,-12730,-2213,Accountants,4,0,1
5028275,0.0,C,F,Y,N,2,360000.0,Working,Incomplete higher,Married,House / apartment,-12730,-2213,Accountants,4,0,1
5028276,0.0,C,F,Y,N,2,360000.0,Working,Incomplete higher,Married,House / apartment,-12730,-2213,Accountants,4,0,1
5028277,0.0,0,F,Y,N,2,360000.0,Working,Incomplete higher,Married,House / apartment,-12730,-2213,Accountants,4,1,1
5028293,0.0,C,F,N,Y,0,292500.0,Working,Higher education,Separated,House / apartment,-19736,-12621,Core staff,1,0,2
5028296,0.0,C,M,Y,Y,0,135000.0,Working,Secondary / secondary special,Separated,House / apartment,-13914,-507,Laborers,1,2,0
5028302,0.0,X,M,Y,Y,0,360000.0,Commercial associate,Incomplete higher,Married,House / apartment,-19834,-477,Managers,2,3,2
5028303,0.0,0,M,Y,Y,0,360000.0,Commercial associate,Incomplete higher,Married,House / apartment,-19834,-477,Managers,2,3,2
5028304,0.0,X,M,Y,Y,0,360000.0,Commercial associate,Incomplete higher,Married,House / apartment,-19834,-477,Managers,2,3,2
5028305,0.0,C,M,Y,Y,0,360000.0,Commercial associate,Incomplete higher,Married,House / apartment,-19834,-477,Managers,2,0,2
5028307,0.0,0,M,N,N,0,157500.0,Commercial associate,Secondary / secondary special,Civil marriage,House / apartment,-11888,-295,Security staff,2,1,0
5028314,0.0,0,M,N,N,0,157500.0,Commercial associate,Secondary / secondary special,Civil marriage,House / apartment,-11888,-295,Security staff,2,1,0
5028315,0.0,C,F,Y,Y,1,157500.0,Commercial associate,Secondary / secondary special,Married,House / apartment,-13829,-3248,High skill tech staff,3,0,1
5028316,0.0,C,F,Y,Y,1,157500.0,Commercial associate,Secondary / secondary special,Married,House / apartment,-13829,-3248,High skill tech staff,3,0,1
5028318,0.0,C,F,Y,Y,1,157500.0,Commercial associate,Secondary / secondary special,Married,House / apartment,-13829,-3248,High skill tech staff,3,0,1
5028327,0.0,0,F,N,Y,0,180000.0,Working,Secondary / secondary special,Civil marriage,House / apartment,-17988,-630,Sales staff,2,4,0
5028329,0.0,C,F,Y,Y,0,76500.0,State servant,Secondary / secondary special,Married,House / apartment,-19395,-3156,Core staff,2,0,0
5028330,0.0,0,F,Y,Y,0,76500.0,State servant,Secondary / secondary special,Married,House / apartment,-19395,-3156,Core staff,2,1,0
5028331,0.0,0,F,Y,Y,0,76500.0,State servant,Secondary / secondary special,Married,House / apartment,-19395,-3156,Core staff,2,1,0
5028337,0.0,0,F,Y,N,1,225000.0,Working,Higher education,Single / not married,With parents,-13861,-5408,Laborers,2,1,0
5028338,0.0,C,F,Y,N,1,225000.0,Working,Higher education,Single / not married,With parents,-13861,-5408,Laborers,2,0,0
5028341,0.0,C,F,Y,N,1,225000.0,Working,Higher education,Single / not married,With parents,-13861,-5408,Laborers,2,0,0
5028342,0.0,C,F,Y,N,1,225000.0,Working,Higher education,Single / not married,With parents,-13861,-5408,Laborers,2,0,0
5028343,0.0,C,F,Y,N,1,225000.0,Working,Higher education,Single / not married,With parents,-13861,-5408,Laborers,2,0,0
5028346,0.0,0,F,N,Y,0,157500.0,Commercial associate,Secondary / secondary special,Married,House / apartment,-17524,-2182,Laborers,2,1,0
5028348,0.0,0,F,N,Y,0,157500.0,Commercial associate,Secondary / secondary special,Married,House / apartment,-17524,-2182,Laborers,2,1,0
5028349,0.0,X,F,N,Y,0,157500.0,Commercial associate,Secondary / secondary special,Married,House / apartment,-17524,-2182,Laborers,2,1,0
5028350,0.0,C,F,N,Y,0,157500.0,Commercial associate,Secondary / secondary special,Married,House / apartment,-17524,-2182,Laborers,2,1,0
5028355,0.0,X,M,Y,Y,1,337500.0,Working,Higher education,Married,House / apartment,-12423,-5621,Managers,3,0,2
5028356,0.0,0,F,N,Y,0,180000.0,Working,Secondary / secondary special,Civil marriage,House / apartment,-19692,-2425,Private service staff,2,4,0
5028357,0.0,X,F,N,Y,0,180000.0,Working,Secondary / secondary special,Civil marriage,House / apartment,-19692,-2425,Private service staff,2,4,0
5028358,0.0,C,F,N,Y,0,180000.0,Working,Secondary / secondary special,Civil marriage,House / apartment,-19692,-2425,Private service staff,2,4,0
5028359,0.0,C,F,N,Y,0,180000.0,Working,Secondary / secondary special,Civil marriage,House / apartment,-19692,-2425,Private service staff,2,4,0
5028362,0.0,C,F,N,Y,0,135000.0,Working,Secondary / secondary special,Single / not married,House / apartment,-18230,-173,Medicine staff,1,4,0
5028363,0.0,C,F,N,Y,0,135000.0,Working,Secondary / secondary special,Single / not married,House / apartment,-18230,-173,Medicine staff,1,4,0
5028367,0.0,X,M,Y,N,0,225000.0,Working,Secondary / secondary special,Married,Office apartment,-15092,-995,Drivers,2,2,0
5028373,0.0,C,F,N,N,0,180000.0,Working,Secondary / secondary special,Widow,Municipal apartment,-19868,-3278,Core staff,1,4,0
5028374,0.0,C,F,N,N,0,180000.0,Working,Secondary / secondary special,Widow,Municipal apartment,-19868,-3278,Core staff,1,4,0
5028376,0.0,C,F,N,N,0,180000.0,Working,Secondary / secondary special,Widow,Municipal apartment,-19868,-3278,Core staff,1,4,0
5028379,0.0,C,M,Y,Y,1,135000.0,Working,Secondary / secondary special,Married,House / apartment,-9768,-1483,Sales staff,3,2,1
5028381,0.0,C,M,Y,Y,1,135000.0,Working,Secondary / secondary special,Married,House / apartment,-9768,-1483,Sales staff,3,2,1
5028382,0.0,C,M,Y,N,0,337500.0,Working,Secondary / secondary special,Single / not married,With parents,-11344,-3309,Core staff,1,2,2
5028383,0.0,0,M,Y,N,0,337500.0,Working,Secondary / secondary special,Single / not married,With parents,-11344,-3309,Core staff,1,4,2
5028384,0.0,C,M,Y,N,0,337500.0,Working,Secondary / secondary special,Single / not married,With parents,-11344,-3309,Core staff,1,2,2
5028386,0.0,C,M,Y,N,0,337500.0,Working,Secondary / secondary special,Single / not married,With parents,-11344,-3309,Core staff,1,2,2
5028387,0.0,C,M,Y,N,0,337500.0,Working,Secondary / secondary special,Single / not married,With parents,-11344,-3309,Core staff,1,2,2
5028388,0.0,C,M,Y,N,0,337500.0,Working,Secondary / secondary special,Single / not married,With parents,-11344,-3309,Core staff,1,2,2
5028401,0.0,C,F,Y,Y,0,247500.0,Commercial associate,Secondary / secondary special,Married,House / apartment,-14667,-1422,Sales staff,2,0,0
5028402,0.0,C,F,Y,Y,0,247500.0,Commercial associate,Secondary / secondary special,Married,House / apartment,-14667,-1422,Sales staff,2,0,0
5028403,0.0,C,F,Y,Y,0,247500.0,Commercial associate,Secondary / secondary special,Married,House / apartment,-14667,-1422,Sales staff,2,0,0
5028405,0.0,X,F,Y,Y,0,247500.0,Commercial associate,Secondary / secondary special,Married,House / apartment,-14667,-1422,Sales staff,2,1,0
5028408,0.0,0,F,Y,Y,0,247500.0,Commercial associate,Secondary / secondary special,Married,House / apartment,-14667,-1422,Sales staff,2,1,0
5028409,0.0,0,F,Y,Y,0,247500.0,Commercial associate,Secondary / secondary special,Married,House / apartment,-14667,-1422,Sales staff,2,1,0
5028410,0.0,1,F,Y,Y,0,247500.0,Commercial associate,Secondary / secondary special,Married,House / apartment,-14667,-1422,Sales staff,2,1,0
5028411,0.0,0,F,Y,Y,0,247500.0,Commercial associate,Secondary / secondary special,Married,House / apartment,-14667,-1422,Sales staff,2,1,0
5028412,0.0,C,F,Y,Y,0,247500.0,Commercial associate,Secondary / secondary special,Married,House / apartment,-14667,-1422,Sales staff,2,0,0
5028413,0.0,C,F,Y,Y,0,247500.0,Commercial associate,Secondary / secondary special,Married,House / apartment,-14667,-1422,Sales staff,2,0,0
5028414,0.0,0,F,Y,Y,0,247500.0,Commercial associate,Secondary / secondary special,Married,House / apartment,-14667,-1422,Sales staff,2,1,0
5028415,0.0,X,F,Y,Y,0,247500.0,Commercial associate,Secondary / secondary special,Married,House / apartment,-14667,-1422,Sales staff,2,1,0
5028416,0.0,0,F,Y,Y,0,247500.0,Commercial associate,Secondary / secondary special,Married,House / apartment,-14667,-1422,Sales staff,2,1,0
5028422,0.0,X,F,N,N,0,90000.0,Working,Secondary / secondary special,Civil marriage,House / apartment,-17834,-1330,Medicine staff,2,4,0
5028424,0.0,0,F,N,N,0,90000.0,Working,Secondary / secondary special,Civil marriage,House / apartment,-17834,-1330,Medicine staff,2,4,0
5028426,0.0,0,F,N,N,0,90000.0,Working,Secondary / secondary special,Civil marriage,House / apartment,-17834,-1330,Medicine staff,2,4,0
5028431,0.0,0,M,N,N,0,225000.0,State servant,Secondary / secondary special,Single / not married,House / apartment,-8347,-538,Core staff,1,1,0
5028432,0.0,0,M,N,N,0,225000.0,State servant,Secondary / secondary special,Single / not married,House / apartment,-8347,-538,Core staff,1,1,0
5028433,0.0,0,F,N,Y,0,180000.0,Working,Secondary / secondary special,Separated,House / apartment,-19634,-1117,Sales staff,1,4,0
5028434,0.0,C,F,N,Y,0,180000.0,Working,Secondary / secondary special,Separated,House / apartment,-19634,-1117,Sales staff,1,4,0
5028437,0.0,C,M,Y,Y,0,315000.0,Working,Higher education,Married,House / apartment,-15586,-3337,Managers,2,0,2
5028438,0.0,C,M,Y,Y,0,315000.0,Working,Higher education,Married,House / apartment,-15586,-3337,Managers,2,0,2
5028440,0.0,0,M,Y,Y,0,315000.0,Working,Higher education,Married,House / apartment,-15586,-3337,Managers,2,0,2
5028441,0.0,C,M,Y,Y,0,315000.0,Working,Higher education,Married,House / apartment,-15586,-3337,Managers,2,0,2
5028443,0.0,C,M,Y,Y,0,315000.0,Working,Higher education,Married,House / apartment,-15586,-3337,Managers,2,0,2
5028444,0.0,C,M,Y,Y,0,315000.0,Working,Higher education,Married,House / apartment,-15586,-3337,Managers,2,0,2
5028445,0.0,C,F,Y,Y,0,162000.0,Working,Secondary / secondary special,Single / not married,House / apartment,-18071,-2822,Laborers,1,2,0
5028446,0.0,C,F,Y,Y,0,162000.0,Working,Secondary / secondary special,Single / not married,House / apartment,-18071,-2822,Laborers,1,2,0
5028447,0.0,C,F,Y,Y,0,162000.0,Working,Secondary / secondary special,Single / not married,House / apartment,-18071,-2822,Laborers,1,2,0
5028454,0.0,C,F,N,Y,1,180000.0,State servant,Secondary / secondary special,Married,House / apartment,-14574,-964,Medicine staff,3,1,1
5028455,0.0,C,F,N,Y,1,180000.0,State servant,Secondary / secondary special,Married,House / apartment,-14574,-964,Medicine staff,3,1,1
5028459,0.0,C,F,N,Y,1,180000.0,State servant,Secondary / secondary special,Married,House / apartment,-14574,-964,Medicine staff,3,1,1
5028460,0.0,C,M,Y,Y,0,157500.0,State servant,Secondary / secondary special,Married,House / apartment,-16449,-2822,Laborers,2,2,0
5028470,0.0,0,F,Y,Y,2,135000.0,Working,Secondary / secondary special,Married,House / apartment,-12406,-265,Drivers,4,4,1
5028480,0.0,0,M,N,Y,0,148500.0,Working,Secondary / secondary special,Married,House / apartment,-8689,-1238,Laborers,2,4,0
5028483,0.0,X,M,Y,Y,0,405000.0,Working,Secondary / secondary special,Married,House / apartment,-16319,-1086,Managers,2,2,2
5028484,0.0,X,M,Y,Y,0,405000.0,Working,Secondary / secondary special,Married,House / apartment,-16319,-1086,Managers,2,2,2
5028486,0.0,X,M,Y,Y,0,405000.0,Working,Secondary / secondary special,Married,House / apartment,-16319,-1086,Managers,2,2,2
5028488,0.0,X,M,Y,Y,0,405000.0,Working,Secondary / secondary special,Married,House / apartment,-16319,-1086,Managers,2,2,2
5028489,0.0,X,M,Y,Y,0,405000.0,Working,Secondary / secondary special,Married,House / apartment,-16319,-1086,Managers,2,2,2
5028494,0.0,0,F,N,N,1,225000.0,Working,Secondary / secondary special,Single / not married,Office apartment,-16164,-6930,Medicine staff,2,4,0
5028495,0.0,0,F,N,Y,1,180000.0,Working,Higher education,Married,House / apartment,-9190,-933,Core staff,3,1,1
5028496,0.0,0,F,N,Y,1,180000.0,Working,Higher education,Married,House / apartment,-9190,-933,Core staff,3,1,1
5028497,0.0,C,F,N,Y,1,180000.0,Working,Higher education,Married,House / apartment,-9190,-933,Core staff,3,0,1
5028498,0.0,C,F,N,N,0,112500.0,Working,Secondary / secondary special,Separated,House / apartment,-14348,-1603,Sales staff,1,4,0
5028499,0.0,C,M,Y,Y,0,265500.0,Working,Higher education,Single / not married,House / apartment,-10143,-387,Core staff,1,0,0
5028501,0.0,X,M,Y,Y,0,265500.0,Working,Higher education,Single / not married,House / apartment,-10143,-387,Core staff,1,0,0
5028503,0.0,0,M,Y,Y,0,265500.0,Working,Higher education,Single / not married,House / apartment,-10143,-387,Core staff,1,1,0
5028504,0.0,C,F,N,Y,1,157500.0,Commercial associate,Higher education,Married,House / apartment,-14137,-3552,Accountants,3,3,1
5028505,0.0,X,F,N,Y,1,157500.0,Commercial associate,Higher education,Married,House / apartment,-14137,-3552,Accountants,3,3,1
5028506,0.0,C,F,N,Y,1,157500.0,Commercial associate,Higher education,Married,House / apartment,-14137,-3552,Accountants,3,3,1
5028507,0.0,C,F,N,Y,1,157500.0,Commercial associate,Higher education,Married,House / apartment,-14137,-3552,Accountants,3,3,1
5028514,0.0,C,F,Y,Y,0,225000.0,Working,Secondary / secondary special,Married,House / apartment,-19724,-12591,Medicine staff,2,2,0
5028515,0.0,X,F,Y,Y,0,225000.0,Working,Secondary / secondary special,Married,House / apartment,-19724,-12591,Medicine staff,2,4,0
5028516,0.0,C,F,Y,Y,0,225000.0,Working,Secondary / secondary special,Married,House / apartment,-19724,-12591,Medicine staff,2,2,0
5028519,0.0,C,F,Y,Y,0,180000.0,Commercial associate,Higher education,Married,House / apartment,-20165,-6565,Core staff,2,3,0
5028520,0.0,C,F,Y,Y,0,180000.0,Commercial associate,Higher education,Married,House / apartment,-20165,-6565,Core staff,2,3,0
5028521,0.0,C,F,Y,Y,0,180000.0,Commercial associate,Higher education,Married,House / apartment,-20165,-6565,Core staff,2,3,0
5028526,0.0,C,F,Y,Y,0,180000.0,Commercial associate,Higher education,Married,House / apartment,-20165,-6565,Core staff,2,3,0
5028527,0.0,C,F,Y,Y,0,180000.0,Commercial associate,Higher education,Married,House / apartment,-20165,-6565,Core staff,2,3,0
5028530,0.0,0,F,N,Y,0,171000.0,Working,Secondary / secondary special,Married,House / apartment,-15629,-356,Sales staff,2,4,0
5028531,0.0,X,F,N,Y,0,171000.0,Working,Secondary / secondary special,Married,House / apartment,-15629,-356,Sales staff,2,4,0
5028532,0.0,0,F,N,Y,0,171000.0,Working,Secondary / secondary special,Married,House / apartment,-15629,-356,Sales staff,2,4,0
5028533,0.0,X,F,N,Y,0,171000.0,Working,Secondary / secondary special,Married,House / apartment,-15629,-356,Sales staff,2,4,0
5028534,0.0,X,F,N,Y,0,171000.0,Working,Secondary / secondary special,Married,House / apartment,-15629,-356,Sales staff,2,4,0
5028547,0.0,C,M,Y,N,1,292500.0,Working,Secondary / secondary special,Separated,House / apartment,-12692,-1056,Laborers,2,2,2
5028548,0.0,C,M,Y,N,1,292500.0,Working,Secondary / secondary special,Separated,House / apartment,-12692,-1056,Laborers,2,2,2
5028549,0.0,C,M,Y,N,1,292500.0,Working,Secondary / secondary special,Separated,House / apartment,-12692,-1056,Laborers,2,2,2
5028550,0.0,0,M,Y,N,1,292500.0,Working,Secondary / secondary special,Separated,House / apartment,-12692,-1056,Laborers,2,4,2
5028552,0.0,C,F,Y,Y,0,315000.0,Commercial associate,Secondary / secondary special,Married,House / apartment,-15653,-5500,Core staff,2,0,2
5028553,0.0,C,F,Y,Y,0,315000.0,Commercial associate,Secondary / secondary special,Married,House / apartment,-15653,-5500,Core staff,2,0,2
5028556,0.0,C,F,Y,Y,0,315000.0,Commercial associate,Secondary / secondary special,Married,House / apartment,-15653,-5500,Core staff,2,0,2
5028557,0.0,C,F,Y,Y,0,315000.0,Commercial associate,Secondary / secondary special,Married,House / apartment,-15653,-5500,Core staff,2,0,2
5028558,0.0,C,F,Y,Y,0,315000.0,Commercial associate,Secondary / secondary special,Married,House / apartment,-15653,-5500,Core staff,2,0,2
5028559,0.0,C,F,Y,Y,0,315000.0,Commercial associate,Secondary / secondary special,Married,House / apartment,-15653,-5500,Core staff,2,0,2
5028561,0.0,C,F,Y,Y,0,315000.0,Commercial associate,Secondary / secondary special,Married,House / apartment,-15653,-5500,Core staff,2,0,2
5028562,0.0,C,F,Y,Y,0,315000.0,Commercial associate,Secondary / secondary special,Married,House / apartment,-15653,-5500,Core staff,2,0,2
5028563,0.0,C,F,Y,Y,0,315000.0,Commercial associate,Secondary / secondary special,Married,House / apartment,-15653,-5500,Core staff,2,0,2
5028564,0.0,X,F,Y,Y,0,315000.0,Commercial associate,Secondary / secondary special,Married,House / apartment,-15653,-5500,Core staff,2,1,2
5028565,0.0,0,F,Y,Y,0,315000.0,Commercial associate,Secondary / secondary special,Married,House / apartment,-15653,-5500,Core staff,2,1,2
5028567,0.0,C,F,Y,Y,0,315000.0,Commercial associate,Secondary / secondary special,Married,House / apartment,-15653,-5500,Core staff,2,0,2
5028568,0.0,C,F,Y,Y,0,315000.0,Commercial associate,Secondary / secondary special,Married,House / apartment,-15653,-5500,Core staff,2,0,2
5028569,0.0,X,F,Y,Y,0,315000.0,Commercial associate,Secondary / secondary special,Married,House / apartment,-15653,-5500,Core staff,2,1,2
5028582,0.0,1,M,N,N,0,540000.0,Commercial associate,Higher education,Married,House / apartment,-19996,-691,Managers,2,1,0
5028590,0.0,C,F,N,Y,0,135000.0,Working,Secondary / secondary special,Married,House / apartment,-21660,-1876,HR staff,2,2,0
5028591,0.0,C,F,N,Y,0,135000.0,Working,Secondary / secondary special,Married,House / apartment,-21660,-1876,HR staff,2,2,0
5028594,0.0,X,F,Y,Y,2,225000.0,State servant,Higher education,Married,House / apartment,-11359,-1726,Core staff,4,3,1
5028595,0.0,X,F,Y,Y,2,225000.0,State servant,Higher education,Married,House / apartment,-11359,-1726,Core staff,4,3,1
5028599,0.0,X,F,Y,Y,2,225000.0,State servant,Higher education,Married,House / apartment,-11359,-1726,Core staff,4,3,1
5028600,0.0,X,F,Y,Y,2,225000.0,State servant,Higher education,Married,House / apartment,-11359,-1726,Core staff,4,3,1
5028601,0.0,C,F,N,Y,2,148500.0,Commercial associate,Secondary / secondary special,Married,House / apartment,-13351,-295,Managers,4,1,1
5028602,0.0,0,F,N,Y,2,148500.0,Commercial associate,Secondary / secondary special,Married,House / apartment,-13351,-295,Managers,4,1,1
5028606,0.0,C,M,N,N,2,283500.0,Working,Secondary / secondary special,Married,House / apartment,-14557,-2517,High skill tech staff,4,2,1
5028607,0.0,0,M,N,N,2,283500.0,Working,Secondary / secondary special,Married,House / apartment,-14557,-2517,High skill tech staff,4,4,1
5028610,0.0,C,M,Y,Y,0,225000.0,Commercial associate,Higher education,Single / not married,With parents,-10681,-2152,Sales staff,1,3,0
5028611,0.0,C,M,Y,Y,0,225000.0,Commercial associate,Higher education,Single / not married,With parents,-10681,-2152,Sales staff,1,3,0
5028612,0.0,C,M,Y,Y,0,225000.0,Commercial associate,Higher education,Single / not married,With parents,-10681,-2152,Sales staff,1,3,0
5028615,0.0,C,M,Y,Y,0,225000.0,Commercial associate,Higher education,Single / not married,With parents,-10681,-2152,Sales staff,1,3,0
5028616,0.0,0,M,N,Y,1,135000.0,Working,Higher education,Married,House / apartment,-9403,-1999,High skill tech staff,3,1,1
5028617,0.0,X,M,N,Y,1,135000.0,Working,Higher education,Married,House / apartment,-9403,-1999,High skill tech staff,3,0,1
5028621,0.0,C,M,N,Y,1,180000.0,Commercial associate,Secondary / secondary special,Single / not married,House / apartment,-14393,-1938,Drivers,2,1,0
5028622,0.0,C,F,Y,Y,0,135000.0,Commercial associate,Secondary / secondary special,Married,House / apartment,-14221,-1542,Private service staff,2,0,0
5028624,0.0,0,F,Y,Y,0,135000.0,Commercial associate,Secondary / secondary special,Married,House / apartment,-14221,-1542,Private service staff,2,1,0
5028625,0.0,C,F,Y,Y,0,135000.0,Commercial associate,Secondary / secondary special,Married,House / apartment,-14221,-1542,Private service staff,2,0,0
5028626,0.0,0,F,Y,Y,0,135000.0,Commercial associate,Secondary / secondary special,Married,House / apartment,-14221,-1542,Private service staff,2,1,0
5028627,0.0,X,F,N,Y,2,157500.0,Commercial associate,Secondary / secondary special,Civil marriage,House / apartment,-10992,-203,Laborers,4,1,1
5028631,0.0,C,M,N,N,0,135000.0,Working,Incomplete higher,Civil marriage,House / apartment,-10957,-1634,Low-skill Laborers,2,2,0
5028637,0.0,C,F,N,Y,0,450000.0,Commercial associate,Secondary / secondary special,Married,House / apartment,-16920,-9181,Managers,2,1,2
5028638,0.0,C,F,N,Y,0,450000.0,Commercial associate,Secondary / secondary special,Married,House / apartment,-16920,-9181,Managers,2,1,2
5028639,0.0,0,F,N,Y,0,450000.0,Commercial associate,Secondary / secondary special,Married,House / apartment,-16920,-9181,Managers,2,1,2
5028640,0.0,C,F,N,Y,0,450000.0,Commercial associate,Secondary / secondary special,Married,House / apartment,-16920,-9181,Managers,2,1,2
5028641,0.0,0,F,N,Y,0,450000.0,Commercial associate,Secondary / secondary special,Married,House / apartment,-16920,-9181,Managers,2,1,2
5028643,0.0,C,F,N,Y,0,405000.0,Commercial associate,Higher education,Married,House / apartment,-11957,-2182,Managers,2,3,2
5028644,0.0,0,F,N,Y,0,405000.0,Commercial associate,Higher education,Married,House / apartment,-11957,-2182,Managers,2,3,2
5028645,0.0,C,F,N,Y,0,405000.0,Commercial associate,Higher education,Married,House / apartment,-11957,-2182,Managers,2,3,2
5028646,0.0,C,F,N,Y,0,405000.0,Commercial associate,Higher education,Married,House / apartment,-11957,-2182,Managers,2,3,2
5028684,0.0,0,M,N,Y,0,157500.0,Working,Secondary / secondary special,Married,House / apartment,-9582,-3003,Laborers,2,4,0
5028685,0.0,0,M,N,Y,0,157500.0,Working,Secondary / secondary special,Married,House / apartment,-9582,-3003,Laborers,2,4,0
5028686,0.0,0,M,N,Y,0,157500.0,Working,Secondary / secondary special,Married,House / apartment,-9582,-3003,Laborers,2,4,0
5028687,0.0,0,M,N,Y,0,157500.0,Working,Secondary / secondary special,Married,House / apartment,-9582,-3003,Laborers,2,4,0
5028688,0.0,C,M,N,Y,0,157500.0,Working,Secondary / secondary special,Married,House / apartment,-9582,-3003,Laborers,2,2,0
5028689,0.0,C,M,N,Y,0,157500.0,Working,Secondary / secondary special,Married,House / apartment,-9582,-3003,Laborers,2,2,0
5028691,0.0,0,F,Y,Y,0,360000.0,Commercial associate,Higher education,Married,House / apartment,-10874,-507,Core staff,2,3,2
5028692,0.0,0,F,Y,Y,0,360000.0,Commercial associate,Higher education,Married,House / apartment,-10874,-507,Core staff,2,3,2
5028695,0.0,C,F,Y,Y,1,180000.0,Commercial associate,Higher education,Separated,House / apartment,-18349,-7205,Core staff,2,3,0
5028696,0.0,C,F,Y,Y,1,180000.0,Commercial associate,Higher education,Separated,House / apartment,-18349,-7205,Core staff,2,3,0
5028697,0.0,X,M,Y,N,1,270000.0,Working,Higher education,Married,Rented apartment,-10817,-203,Laborers,3,0,1
5028698,0.0,0,M,Y,N,1,270000.0,Working,Higher education,Married,Rented apartment,-10817,-203,Laborers,3,0,1
5028699,0.0,X,M,Y,N,1,270000.0,Working,Higher education,Married,Rented apartment,-10817,-203,Laborers,3,0,1
5028700,0.0,C,M,Y,N,1,270000.0,Working,Higher education,Married,Rented apartment,-10817,-203,Laborers,3,0,1
5028701,0.0,C,F,N,Y,0,112500.0,Working,Secondary / secondary special,Single / not married,Rented apartment,-13675,-415,Cooking staff,1,4,0
5028720,0.0,C,M,Y,Y,0,225000.0,Commercial associate,Higher education,Married,House / apartment,-15000,-1117,Managers,2,0,0
5028722,0.0,0,M,Y,Y,0,225000.0,Commercial associate,Higher education,Married,House / apartment,-15000,-1117,Managers,2,3,0
5028724,0.0,C,M,N,Y,0,360000.0,Commercial associate,Secondary / secondary special,Married,House / apartment,-12483,-4039,Managers,2,0,2
5028725,0.0,C,M,N,Y,0,360000.0,Commercial associate,Secondary / secondary special,Married,House / apartment,-12483,-4039,Managers,2,0,2
5028727,0.0,C,M,N,Y,0,360000.0,Commercial associate,Secondary / secondary special,Married,House / apartment,-12483,-4039,Managers,2,0,2
5028728,0.0,C,M,N,Y,0,360000.0,Commercial associate,Secondary / secondary special,Married,House / apartment,-12483,-4039,Managers,2,0,2
5028729,0.0,C,M,N,Y,0,360000.0,Commercial associate,Secondary / secondary special,Married,House / apartment,-12483,-4039,Managers,2,0,2
5028730,0.0,C,M,N,Y,0,360000.0,Commercial associate,Secondary / secondary special,Married,House / apartment,-12483,-4039,Managers,2,0,2
5028731,0.0,C,M,N,Y,0,360000.0,Commercial associate,Secondary / secondary special,Married,House / apartment,-12483,-4039,Managers,2,0,2
5028732,0.0,C,M,N,Y,0,360000.0,Commercial associate,Secondary / secondary special,Married,House / apartment,-12483,-4039,Managers,2,0,2
5028735,0.0,C,M,N,Y,0,360000.0,Commercial associate,Secondary / secondary special,Married,House / apartment,-12483,-4039,Managers,2,0,2
5028736,0.0,C,M,N,Y,0,360000.0,Commercial associate,Secondary / secondary special,Married,House / apartment,-12483,-4039,Managers,2,0,2
5028737,0.0,C,M,N,Y,0,360000.0,Commercial associate,Secondary / secondary special,Married,House / apartment,-12483,-4039,Managers,2,0,2
5028738,0.0,C,M,N,Y,0,360000.0,Commercial associate,Secondary / secondary special,Married,House / apartment,-12483,-4039,Managers,2,0,2
5028739,0.0,C,M,N,Y,0,360000.0,Commercial associate,Secondary / secondary special,Married,House / apartment,-12483,-4039,Managers,2,0,2
5028742,0.0,0,M,Y,Y,0,225000.0,Working,Secondary / secondary special,Civil marriage,House / apartment,-8475,-446,Laborers,2,4,0
5028743,0.0,C,M,Y,Y,0,225000.0,Working,Secondary / secondary special,Civil marriage,House / apartment,-8475,-446,Laborers,2,2,0
5028744,0.0,0,M,Y,Y,0,157500.0,Commercial associate,Secondary / secondary special,Single / not married,House / apartment,-8817,-1086,Laborers,1,1,0
5028759,0.0,0,F,N,Y,0,67500.0,Working,Secondary / secondary special,Married,House / apartment,-15408,-1726,Laborers,2,4,0
5028761,0.0,C,F,N,Y,0,67500.0,Working,Secondary / secondary special,Married,House / apartment,-15408,-1726,Laborers,2,2,0
5028762,0.0,C,F,N,Y,0,67500.0,Working,Secondary / secondary special,Married,House / apartment,-15408,-1726,Laborers,2,2,0
5028770,0.0,1,F,N,N,0,135000.0,Working,Higher education,Married,House / apartment,-11919,-1787,Accountants,2,1,0
5028771,0.0,0,F,N,N,0,135000.0,Working,Higher education,Married,House / apartment,-11919,-1787,Accountants,2,1,0
5028772,0.0,0,F,N,N,0,135000.0,Working,Higher education,Married,House / apartment,-11919,-1787,Accountants,2,1,0
5028773,0.0,C,F,N,N,0,135000.0,Working,Higher education,Married,House / apartment,-11919,-1787,Accountants,2,0,0
5028777,0.0,0,F,N,Y,0,108000.0,Working,Secondary / secondary special,Married,House / apartment,-8111,-1361,High skill tech staff,2,4,0
5028778,0.0,0,F,N,Y,0,108000.0,Working,Secondary / secondary special,Married,House / apartment,-8111,-1361,High skill tech staff,2,4,0
5028791,0.0,0,F,N,Y,2,112500.0,Commercial associate,Secondary / secondary special,Married,House / apartment,-12563,-1025,Cooking staff,4,1,1
5028792,0.0,C,F,N,Y,2,112500.0,Commercial associate,Secondary / secondary special,Married,House / apartment,-12563,-1025,Cooking staff,4,1,1
5028793,0.0,0,F,N,Y,2,112500.0,Commercial associate,Secondary / secondary special,Married,House / apartment,-12563,-1025,Cooking staff,4,1,1
5028794,0.0,C,F,N,Y,2,112500.0,Commercial associate,Secondary / secondary special,Married,House / apartment,-12563,-1025,Cooking staff,4,1,1
5028795,0.0,C,F,N,Y,2,112500.0,Commercial associate,Secondary / secondary special,Married,House / apartment,-12563,-1025,Cooking staff,4,1,1
5028798,0.0,0,F,N,Y,2,112500.0,Commercial associate,Secondary / secondary special,Married,House / apartment,-12563,-1025,Cooking staff,4,1,1
5028799,0.0,X,F,N,Y,2,112500.0,Commercial associate,Secondary / secondary special,Married,House / apartment,-12563,-1025,Cooking staff,4,1,1
5028800,0.0,X,F,N,Y,2,112500.0,Commercial associate,Secondary / secondary special,Married,House / apartment,-12563,-1025,Cooking staff,4,1,1
5028801,0.0,0,M,Y,Y,0,225000.0,Working,Higher education,Married,House / apartment,-19601,-5652,Managers,2,0,2
5028802,0.0,0,F,N,N,2,112500.0,Working,Secondary / secondary special,Married,House / apartment,-15766,-1086,Laborers,4,4,1
5028803,0.0,1,F,N,N,2,112500.0,Working,Secondary / secondary special,Married,House / apartment,-15766,-1086,Laborers,4,1,0
5028819,0.0,0,F,N,Y,0,450000.0,Working,Higher education,Civil marriage,House / apartment,-17526,-3337,High skill tech staff,2,1,2
5028821,0.0,0,M,Y,N,0,135000.0,Commercial associate,Higher education,Married,House / apartment,-17422,-2029,Laborers,2,3,0
5028823,0.0,C,F,N,Y,0,180000.0,Commercial associate,Secondary / secondary special,Married,House / apartment,-18493,-387,Sales staff,2,1,0
5028824,0.0,0,F,N,Y,0,180000.0,Commercial associate,Secondary / secondary special,Married,House / apartment,-18493,-387,Sales staff,2,1,0
5028825,0.0,X,F,N,Y,0,180000.0,Commercial associate,Secondary / secondary special,Married,House / apartment,-18493,-387,Sales staff,2,1,0
5028832,0.0,X,M,N,Y,0,202500.0,Working,Higher education,Married,House / apartment,-14944,-2060,Managers,2,0,0
5028833,0.0,0,M,N,Y,0,202500.0,Working,Higher education,Married,House / apartment,-14944,-2060,Managers,2,1,0
5028834,0.0,C,M,N,Y,0,202500.0,Working,Higher education,Married,House / apartment,-14944,-2060,Managers,2,0,0
5028836,0.0,0,M,N,Y,0,202500.0,Working,Higher education,Married,House / apartment,-14944,-2060,Managers,2,1,0
5028842,0.0,0,M,Y,Y,1,135000.0,Commercial associate,Secondary / secondary special,Married,House / apartment,-12190,-691,Laborers,3,1,1
5028844,0.0,C,M,Y,Y,1,135000.0,Commercial associate,Secondary / secondary special,Married,House / apartment,-12190,-691,Laborers,3,0,1
5028849,0.0,0,M,Y,Y,1,157500.0,Working,Secondary / secondary special,Married,House / apartment,-13867,-3095,Laborers,3,2,1
5028850,0.0,C,M,Y,Y,1,157500.0,Working,Secondary / secondary special,Married,House / apartment,-13867,-3095,Laborers,3,2,1
5028851,0.0,C,M,Y,Y,1,157500.0,Working,Secondary / secondary special,Married,House / apartment,-13867,-3095,Laborers,3,2,1
5028853,0.0,C,M,Y,Y,1,157500.0,Working,Secondary / secondary special,Married,House / apartment,-13867,-3095,Laborers,3,2,1
5028854,0.0,C,M,Y,Y,1,157500.0,Working,Secondary / secondary special,Married,House / apartment,-13867,-3095,Laborers,3,2,1
5028861,0.0,C,M,N,Y,0,270000.0,Working,Secondary / secondary special,Civil marriage,House / apartment,-12244,-2944,Managers,2,2,0
5028866,0.0,C,F,N,Y,3,135000.0,Working,Secondary / secondary special,Married,House / apartment,-15083,-1664,Sales staff,5,2,1
5028868,0.0,C,F,N,Y,3,135000.0,Working,Secondary / secondary special,Married,House / apartment,-15083,-1664,Sales staff,5,2,1
5028869,0.0,C,F,N,Y,3,135000.0,Working,Secondary / secondary special,Married,House / apartment,-15083,-1664,Sales staff,5,2,1
5028872,0.0,C,F,Y,Y,0,234000.0,Working,Secondary / secondary special,Married,House / apartment,-18795,-2486,Laborers,2,2,0
5028873,0.0,X,F,Y,Y,0,234000.0,Working,Secondary / secondary special,Married,House / apartment,-18795,-2486,Laborers,2,2,0
5028891,0.0,C,M,Y,Y,0,270000.0,Working,Lower secondary,Separated,House / apartment,-19164,-3825,Laborers,1,2,0
5028892,0.0,X,M,Y,Y,0,270000.0,Working,Lower secondary,Separated,House / apartment,-19164,-3825,Laborers,1,2,0
5028893,0.0,C,M,Y,Y,0,270000.0,Working,Lower secondary,Separated,House / apartment,-19164,-3825,Laborers,1,2,0
5028894,0.0,0,M,Y,Y,0,270000.0,Working,Lower secondary,Separated,House / apartment,-19164,-3825,Laborers,1,4,0
5028895,0.0,C,M,Y,Y,0,270000.0,Working,Lower secondary,Separated,House / apartment,-19164,-3825,Laborers,1,2,0
5028896,0.0,0,M,Y,Y,0,270000.0,Working,Lower secondary,Separated,House / apartment,-19164,-3825,Laborers,1,4,0
5028900,0.0,C,M,Y,Y,0,270000.0,Working,Lower secondary,Separated,House / apartment,-19164,-3825,Laborers,1,2,0
5028901,0.0,C,M,Y,Y,0,270000.0,Working,Lower secondary,Separated,House / apartment,-19164,-3825,Laborers,1,2,0
5028902,0.0,C,F,N,N,0,67500.0,Working,Secondary / secondary special,Married,House / apartment,-9963,-1876,Sales staff,2,2,0
5028903,0.0,C,F,N,N,0,67500.0,Working,Secondary / secondary special,Married,House / apartment,-9963,-1876,Sales staff,2,2,0
5028904,0.0,C,F,N,N,0,67500.0,Working,Secondary / secondary special,Married,House / apartment,-9963,-1876,Sales staff,2,2,0
5028905,0.0,C,F,N,N,0,67500.0,Working,Secondary / secondary special,Married,House / apartment,-9963,-1876,Sales staff,2,2,0
5028906,0.0,C,F,N,N,0,67500.0,Working,Secondary / secondary special,Married,House / apartment,-9963,-1876,Sales staff,2,2,0
5028907,0.0,C,F,N,N,0,67500.0,Working,Secondary / secondary special,Married,House / apartment,-9963,-1876,Sales staff,2,2,0
5028908,0.0,C,F,N,N,0,67500.0,Working,Secondary / secondary special,Married,House / apartment,-9963,-1876,Sales staff,2,2,0
5028911,0.0,0,M,N,Y,0,126000.0,Working,Secondary / secondary special,Married,House / apartment,-19423,-1056,Laborers,2,4,0
5028918,0.0,C,F,Y,Y,0,112500.0,Working,Secondary / secondary special,Married,House / apartment,-17202,-1787,Sales staff,2,2,0
5028920,0.0,0,F,Y,Y,0,112500.0,Working,Secondary / secondary special,Married,House / apartment,-17202,-1787,Sales staff,2,4,0
5028921,0.0,X,F,Y,Y,0,112500.0,Working,Secondary / secondary special,Married,House / apartment,-17202,-1787,Sales staff,2,4,0
5028922,0.0,0,F,Y,Y,0,112500.0,Working,Secondary / secondary special,Married,House / apartment,-17202,-1787,Sales staff,2,4,0
5028923,0.0,C,F,Y,Y,0,112500.0,Working,Secondary / secondary special,Married,House / apartment,-17202,-1787,Sales staff,2,2,0
5028924,0.0,C,F,Y,Y,0,112500.0,Working,Secondary / secondary special,Married,House / apartment,-17202,-1787,Sales staff,2,2,0
5028925,0.0,X,F,Y,Y,0,112500.0,Working,Secondary / secondary special,Married,House / apartment,-17202,-1787,Sales staff,2,4,0
5028926,0.0,C,F,Y,Y,0,112500.0,Working,Secondary / secondary special,Married,House / apartment,-17202,-1787,Sales staff,2,2,0
5028927,0.0,C,F,Y,Y,0,112500.0,Working,Secondary / secondary special,Married,House / apartment,-17202,-1787,Sales staff,2,2,0
5028929,0.0,C,F,Y,Y,0,112500.0,Working,Secondary / secondary special,Married,House / apartment,-17202,-1787,Sales staff,2,2,0
5028930,0.0,C,F,Y,Y,0,112500.0,Working,Secondary / secondary special,Married,House / apartment,-17202,-1787,Sales staff,2,2,0
5028932,0.0,C,F,N,Y,0,225000.0,Working,Secondary / secondary special,Widow,House / apartment,-17438,-142,Sales staff,1,4,0
5028933,0.0,C,F,N,Y,0,225000.0,Working,Secondary / secondary special,Widow,House / apartment,-17438,-142,Sales staff,1,4,0
5028940,0.0,C,F,N,Y,0,225000.0,Working,Secondary / secondary special,Widow,House / apartment,-17438,-142,Sales staff,1,4,0
5028941,0.0,C,F,N,Y,0,225000.0,Working,Secondary / secondary special,Widow,House / apartment,-17438,-142,Sales staff,1,4,0
5028951,0.0,0,M,N,Y,0,103500.0,Working,Secondary / secondary special,Single / not married,House / apartment,-19831,-780,Laborers,1,4,0
5028952,0.0,C,M,N,Y,0,103500.0,Working,Secondary / secondary special,Single / not married,House / apartment,-19831,-780,Laborers,1,2,0
5028974,0.0,C,F,Y,Y,3,180000.0,Commercial associate,Secondary / secondary special,Married,House / apartment,-11363,-721,High skill tech staff,5,0,1
5028977,0.0,C,F,Y,Y,3,180000.0,Commercial associate,Secondary / secondary special,Married,House / apartment,-11363,-721,High skill tech staff,5,0,1
5028978,0.0,0,F,Y,Y,3,180000.0,Commercial associate,Secondary / secondary special,Married,House / apartment,-11363,-721,High skill tech staff,5,1,1
5028979,0.0,C,F,Y,Y,3,180000.0,Commercial associate,Secondary / secondary special,Married,House / apartment,-11363,-721,High skill tech staff,5,0,1
5028980,0.0,0,F,Y,Y,3,180000.0,Commercial associate,Secondary / secondary special,Married,House / apartment,-11363,-721,High skill tech staff,5,1,1
5028981,0.0,C,F,Y,Y,3,180000.0,Commercial associate,Secondary / secondary special,Married,House / apartment,-11363,-721,High skill tech staff,5,0,1
5028982,0.0,C,F,Y,Y,3,180000.0,Commercial associate,Secondary / secondary special,Married,House / apartment,-11363,-721,High skill tech staff,5,0,1
5028983,0.0,C,F,N,Y,0,193500.0,Working,Secondary / secondary special,Separated,House / apartment,-19063,-2213,Laborers,1,2,0
5028986,0.0,C,F,N,Y,0,193500.0,Working,Secondary / secondary special,Separated,House / apartment,-19063,-2213,Laborers,1,2,0
5028987,0.0,C,F,N,Y,0,193500.0,Working,Secondary / secondary special,Separated,House / apartment,-19063,-2213,Laborers,1,2,0
5028990,0.0,C,F,N,N,2,81000.0,Working,Lower secondary,Single / not married,House / apartment,-15373,-2333,Sales staff,3,1,1
5029005,0.0,1,M,Y,N,1,252000.0,Working,Secondary / secondary special,Married,House / apartment,-17046,-5347,Drivers,3,1,0
5029006,0.0,C,M,Y,N,1,252000.0,Working,Secondary / secondary special,Married,House / apartment,-17046,-5347,Drivers,3,2,1
5029008,0.0,1,F,N,Y,0,112500.0,Working,Secondary / secondary special,Married,House / apartment,-13868,-415,Laborers,2,1,0
5029009,0.0,C,F,N,Y,0,112500.0,Working,Secondary / secondary special,Married,House / apartment,-13868,-415,Laborers,2,2,0
5029010,0.0,C,F,N,Y,0,112500.0,Working,Secondary / secondary special,Married,House / apartment,-13868,-415,Laborers,2,2,0
5029013,0.0,0,F,N,Y,0,112500.0,Working,Secondary / secondary special,Married,House / apartment,-13868,-415,Laborers,2,4,0
5029014,0.0,C,F,N,Y,0,112500.0,Working,Secondary / secondary special,Married,House / apartment,-13868,-415,Laborers,2,2,0
5029018,0.0,C,F,N,Y,0,112500.0,Working,Secondary / secondary special,Married,House / apartment,-13868,-415,Laborers,2,2,0
5029019,0.0,0,F,N,Y,0,81000.0,Working,Secondary / secondary special,Separated,House / apartment,-18571,-387,Cooking staff,1,4,0
5029024,0.0,C,F,N,Y,0,292500.0,Working,Secondary / secondary special,Married,House / apartment,-16888,-3521,Medicine staff,2,2,2
5029025,0.0,X,F,N,Y,0,292500.0,Working,Secondary / secondary special,Married,House / apartment,-16888,-3521,Medicine staff,2,4,2
5029026,0.0,C,F,N,Y,1,135000.0,Working,Secondary / secondary special,Married,House / apartment,-15565,-8757,Laborers,3,2,1
5029031,0.0,C,F,N,Y,2,67500.0,Working,Secondary / secondary special,Married,House / apartment,-12176,-5316,High skill tech staff,4,2,1
5029032,0.0,0,M,N,Y,0,157500.0,Working,Secondary / secondary special,Single / not married,With parents,-8781,-599,High skill tech staff,1,4,0
5029051,0.0,C,M,Y,Y,2,675000.0,Commercial associate,Higher education,Married,House / apartment,-13398,-3003,Core staff,4,0,2
5029052,0.0,C,M,Y,Y,2,675000.0,Commercial associate,Higher education,Married,House / apartment,-13398,-3003,Core staff,4,0,2
5029053,0.0,C,M,Y,Y,2,675000.0,Commercial associate,Higher education,Married,House / apartment,-13398,-3003,Core staff,4,0,2
5029054,0.0,0,M,Y,Y,2,675000.0,Commercial associate,Higher education,Married,House / apartment,-13398,-3003,Core staff,4,3,2
5029057,0.0,C,M,Y,Y,2,675000.0,Commercial associate,Higher education,Married,House / apartment,-13398,-3003,Core staff,4,0,2
5029058,0.0,0,M,Y,Y,2,675000.0,Commercial associate,Higher education,Married,House / apartment,-13398,-3003,Core staff,4,3,2
5029059,0.0,C,M,Y,Y,2,675000.0,Commercial associate,Higher education,Married,House / apartment,-13398,-3003,Core staff,4,0,2
5029060,0.0,C,M,Y,Y,2,675000.0,Commercial associate,Higher education,Married,House / apartment,-13398,-3003,Core staff,4,0,2
5029061,0.0,C,M,Y,Y,2,675000.0,Commercial associate,Higher education,Married,House / apartment,-13398,-3003,Core staff,4,0,2
5029062,0.0,C,M,Y,Y,2,675000.0,Commercial associate,Higher education,Married,House / apartment,-13398,-3003,Core staff,4,0,2
5029071,0.0,C,F,N,Y,0,202500.0,State servant,Secondary / secondary special,Married,House / apartment,-20063,-1907,Laborers,2,2,0
5029072,0.0,X,F,N,Y,0,202500.0,State servant,Secondary / secondary special,Married,House / apartment,-20063,-1907,Laborers,2,4,0
5029073,0.0,0,F,N,Y,0,202500.0,State servant,Secondary / secondary special,Married,House / apartment,-20063,-1907,Laborers,2,4,0
5029074,0.0,C,F,N,Y,0,202500.0,State servant,Secondary / secondary special,Married,House / apartment,-20063,-1907,Laborers,2,2,0
5029076,0.0,C,F,N,Y,1,135000.0,Working,Incomplete higher,Separated,House / apartment,-10153,-599,Sales staff,2,1,0
5029078,0.0,C,F,N,Y,1,135000.0,Working,Incomplete higher,Separated,House / apartment,-10153,-599,Sales staff,2,1,0
5029079,0.0,0,F,N,Y,1,135000.0,Working,Incomplete higher,Separated,House / apartment,-10153,-599,Sales staff,2,1,0
5029080,0.0,C,F,N,Y,1,135000.0,Working,Incomplete higher,Separated,House / apartment,-10153,-599,Sales staff,2,1,0
5029081,0.0,C,F,N,Y,1,135000.0,Working,Incomplete higher,Separated,House / apartment,-10153,-599,Sales staff,2,1,0
5029083,0.0,X,M,Y,Y,0,202500.0,Working,Higher education,Married,House / apartment,-17148,-842,Security staff,2,0,0
5029097,0.0,C,M,Y,Y,2,135000.0,Working,Higher education,Married,House / apartment,-11564,-2944,Managers,4,0,1
5029103,0.0,C,M,Y,Y,2,135000.0,Working,Higher education,Married,House / apartment,-11564,-2944,Managers,4,0,1
5029107,0.0,C,M,Y,N,1,315000.0,State servant,Secondary / secondary special,Married,House / apartment,-13230,-3643,High skill tech staff,3,0,2
5029109,0.0,0,M,Y,N,1,315000.0,State servant,Secondary / secondary special,Married,House / apartment,-13230,-3643,High skill tech staff,3,1,2
5029111,0.0,X,F,Y,Y,2,225000.0,State servant,Higher education,Married,House / apartment,-14731,-4617,Medicine staff,4,3,1
5029112,0.0,C,F,Y,Y,2,225000.0,State servant,Higher education,Married,House / apartment,-14731,-4617,Medicine staff,4,0,1
5029113,0.0,X,F,Y,Y,2,225000.0,State servant,Higher education,Married,House / apartment,-14731,-4617,Medicine staff,4,3,1
5029116,0.0,X,F,Y,Y,2,225000.0,State servant,Higher education,Married,House / apartment,-14731,-4617,Medicine staff,4,3,1
5029117,0.0,X,F,Y,Y,2,225000.0,State servant,Higher education,Married,House / apartment,-14731,-4617,Medicine staff,4,3,1
5029118,0.0,C,F,Y,Y,2,225000.0,State servant,Higher education,Married,House / apartment,-14731,-4617,Medicine staff,4,0,1
5029121,0.0,X,F,N,Y,0,123750.0,Working,Secondary / secondary special,Married,House / apartment,-16686,-599,Cleaning staff,2,4,0
5029122,0.0,C,F,N,Y,0,123750.0,Working,Secondary / secondary special,Married,House / apartment,-16686,-599,Cleaning staff,2,2,0
5029125,0.0,C,F,N,Y,0,123750.0,Working,Secondary / secondary special,Married,House / apartment,-16686,-599,Cleaning staff,2,2,0
5029128,0.0,C,F,N,Y,0,123750.0,Working,Secondary / secondary special,Married,House / apartment,-16686,-599,Cleaning staff,2,2,0
5029129,0.0,C,F,N,Y,0,123750.0,Working,Secondary / secondary special,Married,House / apartment,-16686,-599,Cleaning staff,2,2,0
5029131,0.0,0,F,N,Y,1,337500.0,State servant,Higher education,Separated,House / apartment,-10429,-1695,Core staff,2,3,2
5029132,0.0,0,F,N,Y,1,337500.0,State servant,Higher education,Separated,House / apartment,-10429,-1695,Core staff,2,3,2
5029133,0.0,C,F,N,Y,1,337500.0,State servant,Higher education,Separated,House / apartment,-10429,-1695,Core staff,2,3,2
5029136,0.0,X,F,N,Y,0,180000.0,Commercial associate,Secondary / secondary special,Married,House / apartment,-13970,-2213,Managers,2,1,0
5029137,0.0,C,F,Y,Y,0,360000.0,Commercial associate,Secondary / secondary special,Married,House / apartment,-12570,-3095,Managers,2,0,2
5029138,0.0,0,F,Y,Y,0,360000.0,Commercial associate,Secondary / secondary special,Married,House / apartment,-12570,-3095,Managers,2,1,2
5029139,0.0,C,F,Y,Y,0,360000.0,Commercial associate,Secondary / secondary special,Married,House / apartment,-12570,-3095,Managers,2,0,2
5029141,0.0,C,F,N,Y,0,162000.0,Working,Secondary / secondary special,Single / not married,House / apartment,-20124,-2412,Cooking staff,1,4,0
5029142,0.0,C,F,N,Y,0,207000.0,Working,Secondary / secondary special,Widow,House / apartment,-20151,-525,Accountants,1,4,0
5029151,0.0,0,F,N,N,0,90000.0,Working,Secondary / secondary special,Married,House / apartment,-17825,-8410,Laborers,2,4,0
5029157,0.0,0,M,N,N,0,202500.0,Working,Higher education,Married,House / apartment,-12546,-3509,Core staff,2,1,0
5029158,0.0,C,F,Y,N,0,247500.0,Commercial associate,Higher education,Married,House / apartment,-14887,-2170,High skill tech staff,2,3,0
5029159,0.0,C,F,Y,N,0,247500.0,Commercial associate,Higher education,Married,House / apartment,-14887,-2170,High skill tech staff,2,3,0
5029163,0.0,X,F,N,Y,3,157500.0,Working,Secondary / secondary special,Civil marriage,House / apartment,-11677,-3356,Laborers,5,4,1
5029171,0.0,X,F,Y,Y,0,225000.0,Commercial associate,Secondary / secondary special,Married,House / apartment,-13166,-2991,Managers,2,1,0
5029175,0.0,C,M,N,N,0,202500.0,Working,Secondary / secondary special,Single / not married,Municipal apartment,-17642,-3325,Laborers,1,2,0
5029176,0.0,C,M,Y,Y,0,130500.0,Working,Secondary / secondary special,Married,House / apartment,-19653,-11332,Drivers,2,2,0
5029180,0.0,0,M,Y,Y,0,157500.0,Commercial associate,Secondary / secondary special,Married,House / apartment,-17110,-860,Security staff,2,1,0
5029181,0.0,C,M,Y,Y,0,157500.0,Commercial associate,Secondary / secondary special,Married,House / apartment,-17521,-463,Drivers,2,0,0
5029182,0.0,C,M,Y,Y,0,202500.0,Working,Secondary / secondary special,Married,House / apartment,-9889,-2289,Managers,2,2,0
5029188,0.0,C,M,Y,Y,0,193500.0,State servant,Higher education,Married,House / apartment,-17627,-4816,High skill tech staff,2,0,0
5029190,0.0,0,F,N,N,0,112500.0,Commercial associate,Secondary / secondary special,Married,House / apartment,-13241,-2200,Sales staff,2,1,0
5029191,0.0,C,F,N,Y,0,202500.0,Working,Secondary / secondary special,Married,House / apartment,-11979,-2959,Sales staff,2,2,0
5029193,0.0,X,F,N,Y,1,135000.0,Commercial associate,Secondary / secondary special,Married,House / apartment,-15532,-8256,Core staff,3,1,1
5029194,0.0,C,M,Y,Y,0,225000.0,Working,Secondary / secondary special,Married,House / apartment,-19293,-2990,Laborers,2,2,0
5029195,0.0,X,F,N,Y,0,94500.0,Working,Secondary / secondary special,Married,House / apartment,-18131,-617,Laborers,2,4,0
5029198,0.0,C,F,N,Y,1,103500.0,Working,Secondary / secondary special,Married,House / apartment,-12596,-1104,Laborers,3,2,1
5029199,0.0,0,M,Y,Y,0,90000.0,Commercial associate,Secondary / secondary special,Married,House / apartment,-18896,-1661,Laborers,2,1,0
5029214,0.0,X,F,N,Y,0,126000.0,Working,Secondary / secondary special,Married,House / apartment,-21800,-2544,Laborers,2,4,0
5029216,0.0,X,F,N,Y,0,126000.0,Working,Secondary / secondary special,Married,House / apartment,-21800,-2544,Laborers,2,4,0
5029227,0.0,C,M,N,Y,0,180000.0,Working,Secondary / secondary special,Married,House / apartment,-19408,-4553,Laborers,2,2,0
5029230,0.0,C,M,N,Y,0,180000.0,Working,Secondary / secondary special,Married,House / apartment,-19408,-4553,Laborers,2,2,0
5029231,0.0,C,M,N,Y,0,180000.0,Working,Secondary / secondary special,Married,House / apartment,-19408,-4553,Laborers,2,2,0
5029232,0.0,0,M,N,Y,0,180000.0,Working,Secondary / secondary special,Married,House / apartment,-19408,-4553,Laborers,2,4,0
5029234,0.0,C,M,N,Y,0,180000.0,Working,Secondary / secondary special,Married,House / apartment,-19408,-4553,Laborers,2,2,0
5029248,0.0,X,M,Y,Y,0,135000.0,Commercial associate,Secondary / secondary special,Married,House / apartment,-15256,-109,Drivers,2,1,0
5029252,0.0,C,M,N,Y,0,157500.0,Working,Higher education,Married,House / apartment,-14023,-4280,Laborers,2,0,0
5029253,0.0,C,M,N,Y,0,157500.0,Working,Higher education,Married,House / apartment,-14023,-4280,Laborers,2,0,0
5029254,0.0,0,M,N,Y,0,157500.0,Working,Higher education,Married,House / apartment,-14023,-4280,Laborers,2,1,0
5029255,0.0,C,M,N,Y,0,157500.0,Working,Higher education,Married,House / apartment,-14023,-4280,Laborers,2,0,0
5029257,0.0,C,M,Y,Y,2,225000.0,Working,Higher education,Married,House / apartment,-13456,-992,Drivers,4,0,1
5029259,0.0,X,M,Y,Y,2,225000.0,Working,Higher education,Married,House / apartment,-13456,-992,Drivers,4,0,1
5029262,0.0,C,M,Y,Y,2,225000.0,Working,Higher education,Married,House / apartment,-13456,-992,Drivers,4,0,1
5029263,0.0,C,M,Y,Y,2,225000.0,Working,Higher education,Married,House / apartment,-13456,-992,Drivers,4,0,1
5029265,0.0,C,M,Y,Y,2,225000.0,Working,Higher education,Married,House / apartment,-13456,-992,Drivers,4,0,1
5029267,0.0,C,M,Y,Y,2,225000.0,Working,Higher education,Married,House / apartment,-13456,-992,Drivers,4,0,1
5029268,0.0,C,M,Y,Y,2,225000.0,Working,Higher education,Married,House / apartment,-13456,-992,Drivers,4,0,1
5029269,0.0,C,M,Y,Y,2,225000.0,Working,Higher education,Married,House / apartment,-13456,-992,Drivers,4,0,1
5029271,0.0,0,F,N,N,0,112500.0,Working,Secondary / secondary special,Single / not married,House / apartment,-10448,-535,Sales staff,1,4,0
5029272,0.0,C,M,Y,Y,0,116653.5,Commercial associate,Secondary / secondary special,Married,House / apartment,-9270,-1661,Laborers,2,0,0
5029273,0.0,0,M,Y,Y,0,116653.5,Commercial associate,Secondary / secondary special,Married,House / apartment,-9270,-1661,Laborers,2,1,0
5029274,0.0,C,M,Y,Y,0,116653.5,Commercial associate,Secondary / secondary special,Married,House / apartment,-9270,-1661,Laborers,2,0,0
5029275,0.0,C,M,N,Y,0,112500.0,Commercial associate,Secondary / secondary special,Married,House / apartment,-17550,-2788,Security staff,2,0,0
5029298,0.0,0,F,Y,Y,1,247500.0,Working,Incomplete higher,Married,House / apartment,-14046,-353,Sales staff,3,1,1
5029300,0.0,X,F,Y,Y,1,247500.0,Working,Incomplete higher,Married,House / apartment,-14046,-353,Sales staff,3,1,1
5029304,0.0,X,M,Y,Y,2,157500.0,Working,Secondary / secondary special,Married,House / apartment,-15575,-139,Drivers,4,2,1
5029305,0.0,0,M,Y,Y,2,157500.0,Working,Secondary / secondary special,Married,House / apartment,-15575,-139,Drivers,4,2,1
5029306,0.0,0,M,Y,Y,2,157500.0,Working,Secondary / secondary special,Married,House / apartment,-15575,-139,Drivers,4,2,1
5029308,0.0,C,M,Y,Y,2,180000.0,State servant,Secondary / secondary special,Married,With parents,-16721,-1965,Laborers,4,2,1
5029309,0.0,X,M,Y,Y,2,180000.0,State servant,Secondary / secondary special,Married,With parents,-16721,-1965,Laborers,4,2,1
5029312,0.0,C,F,N,Y,0,157500.0,Working,Secondary / secondary special,Married,House / apartment,-15488,-2453,Laborers,2,2,0
5029313,0.0,0,F,N,Y,0,157500.0,Working,Secondary / secondary special,Married,House / apartment,-15488,-2453,Laborers,2,4,0
5029314,0.0,C,F,N,N,0,225000.0,State servant,Secondary / secondary special,Married,House / apartment,-15329,-8510,Core staff,2,1,0
5029316,0.0,C,F,N,N,0,225000.0,State servant,Secondary / secondary special,Married,House / apartment,-15329,-8510,Core staff,2,1,0
5029317,0.0,X,F,N,Y,0,135000.0,Working,Secondary / secondary special,Married,House / apartment,-15446,-231,Sales staff,2,4,0
5029331,0.0,0,F,N,N,0,225000.0,Working,Secondary / secondary special,Separated,House / apartment,-11974,-1388,Sales staff,1,4,0
5029338,0.0,C,F,N,Y,0,81000.0,Working,Secondary / secondary special,Married,House / apartment,-19264,-109,Sales staff,2,2,0
5029346,0.0,C,M,Y,Y,0,270000.0,Working,Higher education,Married,House / apartment,-10942,-412,Drivers,2,0,2
5029350,0.0,0,M,Y,Y,0,270000.0,Working,Higher education,Married,House / apartment,-10942,-412,Drivers,2,0,2
5029351,0.0,0,M,Y,Y,0,270000.0,Working,Higher education,Married,House / apartment,-10942,-412,Drivers,2,0,2
5029352,0.0,0,M,Y,Y,0,270000.0,Working,Higher education,Married,House / apartment,-10942,-412,Drivers,2,0,2
5029354,0.0,C,F,Y,Y,0,270000.0,Commercial associate,Higher education,Single / not married,House / apartment,-14399,-1266,Sales staff,1,3,0
5029356,0.0,C,F,Y,Y,0,270000.0,Commercial associate,Higher education,Single / not married,House / apartment,-14399,-1266,Sales staff,1,3,0
5029357,0.0,X,M,Y,Y,2,360000.0,Working,Secondary / secondary special,Married,House / apartment,-13465,-839,Managers,4,2,1
5029359,0.0,X,M,Y,Y,2,360000.0,Working,Secondary / secondary special,Married,House / apartment,-13465,-839,Managers,4,2,1
5029362,0.0,C,M,Y,Y,2,360000.0,Working,Secondary / secondary special,Married,House / apartment,-13465,-839,Managers,4,2,1
5029363,0.0,X,M,Y,Y,2,360000.0,Working,Secondary / secondary special,Married,House / apartment,-13465,-839,Managers,4,2,1
5029364,0.0,C,F,N,Y,2,157500.0,Working,Secondary / secondary special,Married,House / apartment,-13633,-1692,Core staff,4,2,1
5029366,0.0,C,F,N,Y,2,157500.0,Working,Secondary / secondary special,Married,House / apartment,-13633,-1692,Core staff,4,2,1
5029367,0.0,0,F,N,Y,2,157500.0,Working,Secondary / secondary special,Married,House / apartment,-13633,-1692,Core staff,4,4,1
5029368,0.0,X,F,N,Y,2,157500.0,Working,Secondary / secondary special,Married,House / apartment,-13633,-1692,Core staff,4,4,1
5029369,0.0,X,F,N,Y,2,157500.0,Working,Secondary / secondary special,Married,House / apartment,-13633,-1692,Core staff,4,4,1
5029393,0.0,C,M,Y,Y,1,252000.0,Working,Higher education,Married,House / apartment,-18252,-262,Security staff,3,0,1
5029394,0.0,C,M,Y,Y,1,252000.0,Working,Higher education,Married,House / apartment,-18252,-262,Security staff,3,0,1
5029397,0.0,0,M,Y,Y,0,135000.0,Working,Higher education,Married,House / apartment,-10178,-777,Sales staff,2,0,0
5029408,0.0,X,F,N,N,0,90000.0,State servant,Secondary / secondary special,Married,Rented apartment,-17213,-1143,Core staff,2,1,0
5029409,0.0,X,F,N,N,0,90000.0,State servant,Secondary / secondary special,Married,Rented apartment,-17213,-1143,Core staff,2,1,0
5029411,0.0,X,F,N,N,0,90000.0,State servant,Secondary / secondary special,Married,Rented apartment,-17213,-1143,Core staff,2,1,0
5029412,0.0,C,F,N,Y,1,315000.0,State servant,Secondary / secondary special,Civil marriage,House / apartment,-11206,-2514,Core staff,3,1,2
5029417,0.0,X,F,N,Y,1,315000.0,State servant,Secondary / secondary special,Civil marriage,House / apartment,-11206,-2514,Core staff,3,1,2
5029418,0.0,0,F,N,Y,1,315000.0,State servant,Secondary / secondary special,Civil marriage,House / apartment,-11206,-2514,Core staff,3,1,2
5029419,0.0,0,F,N,Y,1,315000.0,State servant,Secondary / secondary special,Civil marriage,House / apartment,-11206,-2514,Core staff,3,1,2
5029420,0.0,X,F,N,Y,1,315000.0,State servant,Secondary / secondary special,Civil marriage,House / apartment,-11206,-2514,Core staff,3,1,2
5029421,0.0,X,F,N,Y,1,315000.0,State servant,Secondary / secondary special,Civil marriage,House / apartment,-11206,-2514,Core staff,3,1,2
5029422,0.0,0,F,N,Y,1,315000.0,State servant,Secondary / secondary special,Civil marriage,House / apartment,-11206,-2514,Core staff,3,1,2
5029423,0.0,0,F,N,Y,1,315000.0,State servant,Secondary / secondary special,Civil marriage,House / apartment,-11206,-2514,Core staff,3,1,2
5029424,0.0,0,F,N,Y,1,315000.0,State servant,Secondary / secondary special,Civil marriage,House / apartment,-11206,-2514,Core staff,3,1,2
5029428,0.0,C,F,N,Y,0,135000.0,Working,Secondary / secondary special,Separated,House / apartment,-16269,-1358,Sales staff,1,4,0
5029429,0.0,0,F,N,Y,0,135000.0,Working,Secondary / secondary special,Separated,House / apartment,-16269,-1358,Sales staff,1,4,0
5029430,0.0,X,F,N,Y,0,135000.0,Working,Secondary / secondary special,Separated,House / apartment,-16269,-1358,Sales staff,1,4,0
5029431,0.0,C,F,N,Y,0,135000.0,Working,Secondary / secondary special,Separated,House / apartment,-16269,-1358,Sales staff,1,4,0
5029433,0.0,C,F,N,Y,0,135000.0,Working,Secondary / secondary special,Separated,House / apartment,-16269,-1358,Sales staff,1,4,0
5029435,0.0,C,F,Y,Y,0,225000.0,Working,Higher education,Married,House / apartment,-17402,-3153,Core staff,2,0,0
5029436,0.0,C,F,Y,Y,0,225000.0,Working,Higher education,Married,House / apartment,-17402,-3153,Core staff,2,0,0
5029437,0.0,C,F,Y,Y,0,225000.0,Working,Higher education,Married,House / apartment,-17402,-3153,Core staff,2,0,0
5029438,0.0,C,F,Y,Y,0,225000.0,Working,Higher education,Married,House / apartment,-17402,-3153,Core staff,2,0,0
5029439,0.0,X,F,Y,Y,0,225000.0,Working,Higher education,Married,House / apartment,-17402,-3153,Core staff,2,0,0
5029440,0.0,X,F,Y,Y,0,225000.0,Working,Higher education,Married,House / apartment,-17402,-3153,Core staff,2,0,0
5029441,0.0,0,F,Y,Y,0,225000.0,Working,Higher education,Married,House / apartment,-17402,-3153,Core staff,2,1,0
5029447,0.0,C,F,Y,Y,0,225000.0,Working,Higher education,Married,House / apartment,-17402,-3153,Core staff,2,0,0
5029448,0.0,C,F,Y,Y,0,225000.0,Working,Higher education,Married,House / apartment,-17402,-3153,Core staff,2,0,0
5029449,0.0,C,F,Y,Y,0,225000.0,Working,Higher education,Married,House / apartment,-17402,-3153,Core staff,2,0,0
5029450,0.0,C,F,Y,Y,0,225000.0,Working,Higher education,Married,House / apartment,-17402,-3153,Core staff,2,0,0
5029451,0.0,C,F,Y,Y,0,225000.0,Working,Higher education,Married,House / apartment,-17402,-3153,Core staff,2,0,0
5029452,0.0,C,F,Y,Y,0,225000.0,Working,Higher education,Married,House / apartment,-17402,-3153,Core staff,2,0,0
5029456,0.0,C,F,Y,Y,1,112500.0,Commercial associate,Higher education,Civil marriage,House / apartment,-10551,-3000,Core staff,3,3,1
5029457,0.0,C,F,Y,Y,1,112500.0,Commercial associate,Higher education,Civil marriage,House / apartment,-10551,-3000,Core staff,3,3,1
5029459,0.0,C,F,Y,Y,1,112500.0,Commercial associate,Higher education,Civil marriage,House / apartment,-10551,-3000,Core staff,3,3,1
5029460,0.0,0,F,Y,Y,1,112500.0,Commercial associate,Higher education,Civil marriage,House / apartment,-10551,-3000,Core staff,3,3,1
5029461,0.0,C,F,Y,Y,1,112500.0,Commercial associate,Higher education,Civil marriage,House / apartment,-10551,-3000,Core staff,3,3,1
5029464,0.0,0,F,Y,Y,1,112500.0,Commercial associate,Higher education,Civil marriage,House / apartment,-10551,-3000,Core staff,3,3,1
5029465,0.0,C,F,Y,Y,1,112500.0,Commercial associate,Higher education,Civil marriage,House / apartment,-10551,-3000,Core staff,3,3,1
5029481,0.0,0,F,N,Y,0,180000.0,Working,Secondary / secondary special,Single / not married,House / apartment,-14784,-1904,Laborers,1,4,0
5029485,0.0,C,F,Y,N,0,247500.0,Working,Secondary / secondary special,Married,House / apartment,-20952,-3852,Managers,2,2,0
5029487,0.0,X,F,Y,N,0,247500.0,Working,Secondary / secondary special,Married,House / apartment,-20952,-3852,Managers,2,2,0
5029488,0.0,C,F,Y,N,0,247500.0,Working,Secondary / secondary special,Married,House / apartment,-20952,-3852,Managers,2,2,0
5029489,0.0,C,F,Y,N,0,247500.0,Working,Secondary / secondary special,Married,House / apartment,-20952,-3852,Managers,2,2,0
5029490,0.0,X,F,Y,N,0,247500.0,Working,Secondary / secondary special,Married,House / apartment,-20952,-3852,Managers,2,2,0
5029491,0.0,C,F,Y,N,0,247500.0,Working,Secondary / secondary special,Married,House / apartment,-20952,-3852,Managers,2,2,0
5029513,0.0,C,M,Y,Y,0,153000.0,State servant,Secondary / secondary special,Civil marriage,House / apartment,-18861,-1480,Drivers,2,2,0
5029514,0.0,C,M,Y,Y,0,153000.0,State servant,Secondary / secondary special,Civil marriage,House / apartment,-18861,-1480,Drivers,2,2,0
5029516,0.0,0,M,Y,Y,0,153000.0,State servant,Secondary / secondary special,Civil marriage,House / apartment,-18861,-1480,Drivers,2,4,0
5029517,0.0,C,M,Y,Y,0,153000.0,State servant,Secondary / secondary special,Civil marriage,House / apartment,-18861,-1480,Drivers,2,2,0
5029528,0.0,X,M,N,N,1,225000.0,Commercial associate,Higher education,Married,Municipal apartment,-18976,-688,Cooking staff,3,3,1
5029531,0.0,C,F,N,N,1,81000.0,Working,Higher education,Married,House / apartment,-10388,-657,Core staff,3,0,1
5029533,0.0,C,F,N,N,1,81000.0,Working,Higher education,Married,House / apartment,-10388,-657,Core staff,3,0,1
5029535,0.0,C,F,N,Y,0,112500.0,Working,Higher education,Civil marriage,House / apartment,-12783,-1205,Core staff,2,0,0
5029537,0.0,0,F,N,Y,0,112500.0,Working,Higher education,Civil marriage,House / apartment,-12783,-1205,Core staff,2,1,0
5029538,0.0,0,F,N,Y,0,112500.0,Working,Higher education,Civil marriage,House / apartment,-12783,-1205,Core staff,2,1,0
5029540,0.0,C,F,N,Y,0,202500.0,Commercial associate,Secondary / secondary special,Single / not married,House / apartment,-20009,-292,Sales staff,1,1,0
5029546,0.0,X,M,Y,Y,1,135000.0,Working,Secondary / secondary special,Married,House / apartment,-20310,-5375,Managers,3,2,1
5029549,0.0,X,M,Y,Y,1,135000.0,Working,Secondary / secondary special,Married,House / apartment,-20310,-5375,Managers,3,2,1
5029561,0.0,0,F,Y,Y,0,202500.0,Working,Secondary / secondary special,Single / not married,House / apartment,-13354,-2727,Laborers,1,4,0
5029562,0.0,C,F,Y,Y,0,202500.0,Working,Secondary / secondary special,Single / not married,House / apartment,-13354,-2727,Laborers,1,2,0
5029566,0.0,C,F,N,Y,0,270000.0,Commercial associate,Secondary / secondary special,Married,House / apartment,-17147,-3822,Sales staff,2,1,0
5029567,0.0,0,F,N,Y,0,270000.0,Commercial associate,Secondary / secondary special,Married,House / apartment,-17147,-3822,Sales staff,2,1,2
5029568,0.0,X,F,N,Y,0,270000.0,Commercial associate,Secondary / secondary special,Married,House / apartment,-17147,-3822,Sales staff,2,1,2
5029572,0.0,X,F,N,Y,3,337500.0,Commercial associate,Higher education,Married,House / apartment,-11230,-200,Core staff,5,3,1
5029574,0.0,0,M,Y,Y,0,202500.0,Working,Secondary / secondary special,Civil marriage,House / apartment,-15973,-2026,Drivers,2,4,0
5029576,0.0,0,M,Y,Y,0,202500.0,Working,Secondary / secondary special,Civil marriage,House / apartment,-15973,-2026,Drivers,2,4,0
5029577,0.0,0,M,Y,Y,0,202500.0,Working,Secondary / secondary special,Civil marriage,House / apartment,-15973,-2026,Drivers,2,4,0
5029579,0.0,C,M,Y,Y,0,202500.0,Working,Secondary / secondary special,Civil marriage,House / apartment,-15973,-2026,Drivers,2,2,0
5029580,0.0,X,F,N,Y,0,180000.0,Working,Higher education,Married,House / apartment,-15201,-1845,Core staff,2,1,0
5029581,0.0,0,F,N,Y,0,180000.0,Working,Higher education,Married,House / apartment,-15201,-1845,Core staff,2,1,0
5029582,0.0,X,F,N,Y,0,180000.0,Working,Higher education,Married,House / apartment,-15201,-1845,Core staff,2,1,0
5029583,0.0,0,F,N,Y,0,180000.0,Working,Higher education,Married,House / apartment,-15201,-1845,Core staff,2,1,0
5029587,0.0,0,F,N,Y,0,157500.0,Commercial associate,Secondary / secondary special,Married,House / apartment,-18620,-1904,Managers,2,1,0
5029599,0.0,C,M,Y,Y,0,270000.0,Working,Secondary / secondary special,Married,House / apartment,-11248,-2391,Drivers,2,2,0
5029603,0.0,C,F,Y,Y,0,180000.0,Commercial associate,Higher education,Single / not married,House / apartment,-15161,-7140,Core staff,1,3,0
5029604,0.0,C,F,Y,Y,0,180000.0,Commercial associate,Higher education,Single / not married,House / apartment,-15161,-7140,Core staff,1,3,0
5029605,0.0,0,F,Y,Y,0,180000.0,Commercial associate,Higher education,Single / not married,House / apartment,-15161,-7140,Core staff,1,3,0
5029608,0.0,C,F,Y,Y,0,180000.0,Commercial associate,Higher education,Single / not married,House / apartment,-15161,-7140,Core staff,1,3,0
5029610,0.0,C,F,Y,Y,0,180000.0,Commercial associate,Higher education,Single / not married,House / apartment,-15161,-7140,Core staff,1,3,0
5029613,0.0,C,F,N,Y,0,135000.0,Working,Secondary / secondary special,Married,House / apartment,-15923,-961,Waiters/barmen staff,2,2,0
5029614,0.0,C,F,N,Y,0,135000.0,Working,Secondary / secondary special,Married,House / apartment,-15923,-961,Waiters/barmen staff,2,2,0
5029617,0.0,C,F,N,Y,0,135000.0,Working,Secondary / secondary special,Married,House / apartment,-15923,-961,Waiters/barmen staff,2,2,0
5029618,0.0,0,F,N,Y,0,135000.0,Working,Secondary / secondary special,Married,House / apartment,-15923,-961,Waiters/barmen staff,2,4,0
5029619,0.0,0,F,N,Y,0,135000.0,Working,Secondary / secondary special,Married,House / apartment,-15923,-961,Waiters/barmen staff,2,4,0
5029620,0.0,C,F,N,Y,0,135000.0,Working,Secondary / secondary special,Married,House / apartment,-15923,-961,Waiters/barmen staff,2,2,0
5029622,0.0,0,F,N,Y,0,225000.0,Working,Secondary / secondary special,Widow,House / apartment,-22646,-5283,Cleaning staff,1,4,0
5029624,0.0,X,F,N,Y,1,180000.0,Working,Secondary / secondary special,Married,With parents,-8041,-1419,Sales staff,3,4,1
5029626,0.0,0,F,N,Y,1,180000.0,Working,Secondary / secondary special,Married,With parents,-8041,-1419,Sales staff,3,4,1
5029627,0.0,0,F,N,Y,1,180000.0,Working,Secondary / secondary special,Married,With parents,-8041,-1419,Sales staff,3,4,1
5029633,0.0,C,F,N,Y,0,135000.0,Commercial associate,Secondary / secondary special,Married,House / apartment,-14577,-2269,Sales staff,2,1,0
5029634,0.0,C,F,N,Y,0,135000.0,Commercial associate,Secondary / secondary special,Married,House / apartment,-14577,-2269,Sales staff,2,1,0
5029636,0.0,C,F,N,Y,0,135000.0,Commercial associate,Secondary / secondary special,Married,House / apartment,-14577,-2269,Sales staff,2,1,0
5029637,0.0,C,F,N,Y,0,135000.0,Commercial associate,Secondary / secondary special,Married,House / apartment,-14577,-2269,Sales staff,2,1,0
5029645,0.0,C,F,N,N,0,135000.0,Working,Secondary / secondary special,Separated,House / apartment,-15842,-1419,Waiters/barmen staff,1,4,0
5029647,0.0,C,M,N,Y,2,112500.0,Working,Secondary / secondary special,Married,House / apartment,-14006,-869,Laborers,4,2,1
5029648,0.0,C,M,N,Y,2,112500.0,Working,Secondary / secondary special,Married,House / apartment,-14006,-869,Laborers,4,2,1
5029650,0.0,C,F,Y,N,1,225000.0,Commercial associate,Secondary / secondary special,Married,House / apartment,-12767,-4614,Sales staff,3,0,1
5029652,0.0,C,F,N,Y,0,630000.0,Working,Higher education,Separated,House / apartment,-22001,-1539,Accountants,1,0,2
5029654,0.0,C,F,N,Y,0,630000.0,Working,Higher education,Separated,House / apartment,-22001,-1539,Accountants,1,0,2
5029655,0.0,C,F,N,Y,0,630000.0,Working,Higher education,Separated,House / apartment,-22001,-1539,Accountants,1,0,2
5029657,0.0,0,F,N,Y,0,630000.0,Working,Higher education,Separated,House / apartment,-22001,-1539,Accountants,1,1,2
5029659,0.0,C,F,N,Y,0,630000.0,Working,Higher education,Separated,House / apartment,-22001,-1539,Accountants,1,0,2
5029660,0.0,C,F,N,Y,0,630000.0,Working,Higher education,Separated,House / apartment,-22001,-1539,Accountants,1,0,2
5029661,0.0,C,F,N,Y,0,630000.0,Working,Higher education,Separated,House / apartment,-22001,-1539,Accountants,1,0,2
5029662,0.0,C,M,Y,N,0,180000.0,Working,Higher education,Separated,House / apartment,-12330,-5466,Laborers,1,0,0
5029663,0.0,C,M,Y,N,0,180000.0,Working,Higher education,Separated,House / apartment,-12330,-5466,Laborers,1,0,0
5029664,0.0,C,F,N,N,0,67500.0,Working,Secondary / secondary special,Married,House / apartment,-18401,-2149,Laborers,2,2,0
5029665,0.0,C,F,N,N,0,67500.0,Working,Secondary / secondary special,Married,House / apartment,-18401,-2149,Laborers,2,2,0
5029668,0.0,C,F,N,N,0,67500.0,Working,Secondary / secondary special,Married,House / apartment,-18401,-2149,Laborers,2,2,0
5029669,0.0,C,F,N,N,0,67500.0,Working,Secondary / secondary special,Married,House / apartment,-18401,-2149,Laborers,2,2,0
5029671,0.0,C,F,N,N,0,67500.0,Working,Secondary / secondary special,Married,House / apartment,-18401,-2149,Laborers,2,2,0
5029673,0.0,C,M,Y,Y,1,112500.0,Working,Secondary / secondary special,Civil marriage,House / apartment,-13165,-1022,Drivers,3,2,1
5029675,0.0,0,M,Y,Y,1,112500.0,Working,Secondary / secondary special,Civil marriage,House / apartment,-13165,-1022,Drivers,3,4,1
5029676,0.0,0,M,Y,Y,1,112500.0,Working,Secondary / secondary special,Civil marriage,House / apartment,-13165,-1022,Drivers,3,4,1
5029682,0.0,0,F,Y,Y,0,270000.0,Commercial associate,Higher education,Married,House / apartment,-19960,-5679,Accountants,2,3,2
5029687,0.0,0,F,Y,Y,0,270000.0,Commercial associate,Higher education,Married,House / apartment,-19960,-5679,Accountants,2,3,2
5029688,0.0,0,F,Y,Y,0,270000.0,Commercial associate,Higher education,Married,House / apartment,-19960,-5679,Accountants,2,3,2
5029689,0.0,X,F,Y,Y,0,270000.0,Commercial associate,Higher education,Married,House / apartment,-19960,-5679,Accountants,2,3,2
5029690,0.0,C,F,Y,Y,0,270000.0,Commercial associate,Higher education,Married,House / apartment,-19960,-5679,Accountants,2,3,2
5029691,0.0,0,F,Y,Y,0,270000.0,Commercial associate,Higher education,Married,House / apartment,-19960,-5679,Accountants,2,3,2
5029693,0.0,C,F,Y,Y,0,270000.0,Commercial associate,Higher education,Married,House / apartment,-19960,-5679,Accountants,2,3,2
5029698,0.0,C,M,N,Y,1,202500.0,Working,Higher education,Separated,House / apartment,-18085,-1205,Security staff,2,0,0
5029699,0.0,0,M,N,Y,1,202500.0,Working,Higher education,Separated,House / apartment,-18085,-1205,Security staff,2,1,0
5029701,0.0,0,M,N,Y,1,202500.0,Working,Higher education,Separated,House / apartment,-18085,-1205,Security staff,2,1,0
5029705,0.0,X,M,N,Y,1,90000.0,Working,Secondary / secondary special,Single / not married,House / apartment,-12623,-657,Laborers,2,4,0
5029706,0.0,C,M,N,Y,1,90000.0,Working,Secondary / secondary special,Single / not married,House / apartment,-12623,-657,Laborers,2,2,0
5029707,0.0,X,M,N,Y,1,90000.0,Working,Secondary / secondary special,Single / not married,House / apartment,-12623,-657,Laborers,2,4,0
5029708,0.0,C,M,N,Y,1,90000.0,Working,Secondary / secondary special,Single / not married,House / apartment,-12623,-657,Laborers,2,2,0
5029709,0.0,X,M,N,Y,1,90000.0,Working,Secondary / secondary special,Single / not married,House / apartment,-12623,-657,Laborers,2,4,0
5029710,0.0,X,M,N,Y,1,90000.0,Working,Secondary / secondary special,Single / not married,House / apartment,-12623,-657,Laborers,2,4,0
5029720,0.0,C,F,Y,Y,1,265500.0,Working,Higher education,Married,With parents,-10998,-2514,Accountants,3,0,1
5029722,0.0,C,F,N,Y,1,135000.0,Commercial associate,Higher education,Married,House / apartment,-9778,-2910,Core staff,3,3,1
5029723,0.0,C,F,N,Y,1,135000.0,Commercial associate,Higher education,Married,House / apartment,-9778,-2910,Core staff,3,3,1
5029725,0.0,C,F,N,Y,1,135000.0,Commercial associate,Higher education,Married,House / apartment,-9778,-2910,Core staff,3,3,1
5029728,0.0,X,F,N,Y,1,135000.0,Commercial associate,Higher education,Married,House / apartment,-9778,-2910,Core staff,3,3,1
5029743,0.0,0,M,Y,Y,0,315000.0,Commercial associate,Higher education,Married,House / apartment,-21576,-1022,Drivers,2,3,2
5029744,0.0,C,M,Y,Y,0,315000.0,Commercial associate,Higher education,Married,House / apartment,-21576,-1022,Drivers,2,0,2
5029746,0.0,0,M,N,Y,1,135000.0,Working,Secondary / secondary special,Married,House / apartment,-10553,-1022,Drivers,3,4,1
5029748,0.0,C,M,N,Y,1,135000.0,Working,Secondary / secondary special,Married,House / apartment,-10553,-1022,Drivers,3,2,1
5029751,0.0,0,M,N,Y,0,202500.0,Working,Secondary / secondary special,Married,House / apartment,-18035,-2026,Drivers,2,4,0
5029752,0.0,0,M,N,Y,0,202500.0,Working,Secondary / secondary special,Married,House / apartment,-18035,-2026,Drivers,2,4,0
5029760,0.0,0,M,Y,N,0,157500.0,Working,Secondary / secondary special,Married,Municipal apartment,-21369,-12253,Drivers,2,2,0
5029762,0.0,C,M,Y,N,0,157500.0,Working,Secondary / secondary special,Married,Municipal apartment,-21369,-12253,Drivers,2,2,0
5029764,0.0,0,M,Y,N,0,157500.0,Working,Secondary / secondary special,Married,Municipal apartment,-21369,-12253,Drivers,2,2,0
5029770,0.0,C,F,N,Y,0,112500.0,State servant,Secondary / secondary special,Married,House / apartment,-21215,-808,Medicine staff,2,1,0
5029771,0.0,X,F,N,Y,0,112500.0,State servant,Secondary / secondary special,Married,House / apartment,-21215,-808,Medicine staff,2,1,0
5029775,0.0,C,F,N,Y,0,112500.0,State servant,Secondary / secondary special,Married,House / apartment,-21215,-808,Medicine staff,2,1,0
5029776,0.0,0,F,N,Y,0,112500.0,State servant,Secondary / secondary special,Married,House / apartment,-21215,-808,Medicine staff,2,1,0
5029777,0.0,0,F,N,Y,0,112500.0,State servant,Secondary / secondary special,Married,House / apartment,-21215,-808,Medicine staff,2,1,0
5029778,0.0,X,F,N,Y,0,112500.0,State servant,Secondary / secondary special,Married,House / apartment,-21215,-808,Medicine staff,2,1,0
5029779,0.0,X,F,N,Y,0,112500.0,State servant,Secondary / secondary special,Married,House / apartment,-21215,-808,Medicine staff,2,1,0
5029780,0.0,C,F,N,Y,0,112500.0,State servant,Secondary / secondary special,Married,House / apartment,-21215,-808,Medicine staff,2,1,0
5029781,0.0,X,F,N,Y,0,112500.0,State servant,Secondary / secondary special,Married,House / apartment,-21215,-808,Medicine staff,2,1,0
5029782,0.0,C,F,N,Y,0,112500.0,State servant,Secondary / secondary special,Married,House / apartment,-21215,-808,Medicine staff,2,1,0
5029783,0.0,1,F,N,Y,0,112500.0,State servant,Secondary / secondary special,Married,House / apartment,-21215,-808,Medicine staff,2,1,0
5029784,0.0,C,F,N,Y,0,112500.0,State servant,Secondary / secondary special,Married,House / apartment,-21215,-808,Medicine staff,2,1,0
5029785,0.0,C,F,N,Y,0,112500.0,State servant,Secondary / secondary special,Married,House / apartment,-21215,-808,Medicine staff,2,1,0
5029786,0.0,C,F,N,Y,0,112500.0,State servant,Secondary / secondary special,Married,House / apartment,-21215,-808,Medicine staff,2,1,0
5029794,0.0,C,F,Y,Y,0,225000.0,Working,Secondary / secondary special,Single / not married,House / apartment,-18256,-2391,Sales staff,1,2,0
5029795,0.0,C,F,Y,Y,0,225000.0,Working,Secondary / secondary special,Single / not married,House / apartment,-18256,-2391,Sales staff,1,2,0
5029802,0.0,X,M,Y,N,1,238500.0,Working,Higher education,Married,With parents,-11384,-1965,Drivers,3,0,1
5029804,0.0,C,M,Y,N,1,238500.0,Working,Higher education,Married,With parents,-11384,-1965,Drivers,3,0,1
5029805,0.0,X,M,Y,N,1,238500.0,Working,Higher education,Married,With parents,-11384,-1965,Drivers,3,0,1
5029806,0.0,X,M,Y,N,1,238500.0,Working,Higher education,Married,With parents,-11384,-1965,Drivers,3,0,1
5029808,0.0,C,M,Y,N,1,238500.0,Working,Higher education,Married,With parents,-11384,-1965,Drivers,3,0,1
5033412,0.0,C,M,Y,Y,0,270000.0,State servant,Secondary / secondary special,Married,House / apartment,-15349,-6046,Managers,2,0,2
5033415,0.0,C,F,N,N,0,157500.0,Commercial associate,Secondary / secondary special,Widow,House / apartment,-14167,-1815,Laborers,1,1,0
5033416,0.0,C,F,N,N,0,315000.0,Working,Incomplete higher,Single / not married,With parents,-9746,-1268,Medicine staff,1,1,0
5033436,0.0,C,F,N,N,0,315000.0,Working,Incomplete higher,Single / not married,With parents,-9746,-1268,Medicine staff,1,1,0
5033420,0.0,C,F,Y,N,0,144000.0,Working,Higher education,Married,House / apartment,-19401,-5071,Managers,2,0,0
5033424,0.0,0,M,Y,N,0,180000.0,Working,Secondary / secondary special,Civil marriage,House / apartment,-16577,-1085,Drivers,2,4,0
5033426,0.0,C,F,N,Y,0,247500.0,Working,Secondary / secondary special,Widow,House / apartment,-20030,-2607,Cooking staff,1,4,0
5033427,0.0,X,M,Y,Y,0,324000.0,Working,Secondary / secondary special,Single / not married,House / apartment,-10403,-687,Laborers,1,2,2
5033428,0.0,C,M,Y,Y,1,225000.0,Commercial associate,Secondary / secondary special,Married,House / apartment,-15236,-202,Medicine staff,3,0,1
5033430,0.0,C,F,N,Y,0,135000.0,Working,Secondary / secondary special,Single / not married,Office apartment,-9958,-1114,Waiters/barmen staff,1,4,0
5033431,0.0,C,M,Y,N,2,315000.0,Commercial associate,Secondary / secondary special,Married,House / apartment,-15476,-2879,Laborers,4,0,1
5033432,0.0,0,M,Y,N,2,315000.0,Commercial associate,Secondary / secondary special,Married,House / apartment,-15476,-2879,Laborers,4,1,1
5033434,0.0,C,M,Y,N,2,315000.0,Commercial associate,Secondary / secondary special,Married,House / apartment,-15476,-2879,Laborers,4,0,1
5033435,0.0,1,M,Y,N,2,315000.0,Commercial associate,Secondary / secondary special,Married,House / apartment,-15476,-2879,Laborers,4,1,0
5033437,0.0,C,F,Y,N,1,135000.0,Commercial associate,Secondary / secondary special,Married,House / apartment,-13033,-3885,Laborers,3,0,1
5033441,0.0,X,F,N,N,0,135000.0,State servant,Secondary / secondary special,Married,House / apartment,-15033,-2729,Cooking staff,2,1,0
5033442,0.0,C,F,N,N,0,135000.0,State servant,Secondary / secondary special,Married,House / apartment,-15033,-2729,Cooking staff,2,1,0
5033443,0.0,X,M,N,N,3,225000.0,Commercial associate,Higher education,Married,House / apartment,-12315,-3702,Sales staff,5,3,1
5033445,0.0,0,F,Y,N,0,112500.0,Commercial associate,Higher education,Married,House / apartment,-10828,-657,Core staff,2,3,0
5033452,0.0,C,F,N,N,0,112500.0,Working,Secondary / secondary special,Married,House / apartment,-19143,-5498,Core staff,2,2,0
5033454,0.0,X,M,Y,N,0,126000.0,Working,Secondary / secondary special,Married,House / apartment,-17931,-5437,Drivers,2,2,0
5033460,0.0,X,M,Y,Y,1,202500.0,Working,Secondary / secondary special,Married,House / apartment,-13876,-6990,Laborers,3,2,1
5033461,0.0,C,F,N,Y,0,225000.0,Working,Secondary / secondary special,Married,House / apartment,-17051,-598,Sales staff,2,2,0
5033463,0.0,0,F,Y,Y,0,252000.0,Commercial associate,Higher education,Married,House / apartment,-15034,-444,Managers,2,3,2
5033464,0.0,C,F,Y,Y,0,252000.0,Commercial associate,Higher education,Married,House / apartment,-15034,-444,Managers,2,3,2
5033467,0.0,C,F,Y,Y,0,252000.0,Commercial associate,Higher education,Married,House / apartment,-15034,-444,Managers,2,3,2
5033471,0.0,0,M,N,N,0,247500.0,State servant,Secondary / secondary special,Married,House / apartment,-11977,-2699,Core staff,2,1,0
5033472,0.0,0,M,N,N,0,247500.0,State servant,Secondary / secondary special,Married,House / apartment,-11977,-2699,Core staff,2,1,0
5033474,0.0,X,M,N,N,0,270000.0,Commercial associate,Secondary / secondary special,Married,With parents,-11508,-4160,Core staff,2,1,0
5033475,0.0,0,M,Y,N,0,180000.0,Working,Lower secondary,Married,House / apartment,-21054,-4463,Core staff,2,2,0
5033476,0.0,C,F,N,N,2,90000.0,Working,Secondary / secondary special,Married,With parents,-9187,-1268,Laborers,4,2,1
5033477,0.0,C,F,N,N,0,153000.0,Commercial associate,Secondary / secondary special,Separated,With parents,-11888,-1419,Medicine staff,1,1,0
5033478,0.0,C,F,N,N,0,225000.0,Working,Secondary / secondary special,Married,House / apartment,-13504,-2180,Core staff,2,2,0
5033480,0.0,C,M,N,N,0,157500.0,Commercial associate,Secondary / secondary special,Separated,House / apartment,-15140,-233,Laborers,1,1,0
5033481,0.0,C,F,N,N,1,189000.0,Working,Higher education,Married,House / apartment,-14287,-2271,Managers,3,0,1
5033484,0.0,0,M,Y,N,1,202500.0,State servant,Secondary / secondary special,Married,With parents,-12119,-2029,Drivers,3,4,1
5033493,0.0,C,M,N,N,0,225000.0,Working,Higher education,Married,House / apartment,-17262,-2760,Drivers,2,0,0
5033495,0.0,X,F,N,Y,3,126000.0,Commercial associate,Secondary / secondary special,Married,House / apartment,-14566,-1480,Laborers,5,1,1
5033496,0.0,0,M,Y,N,1,202500.0,Commercial associate,Higher education,Married,With parents,-9956,-444,Managers,3,3,1
5033499,0.0,0,F,Y,Y,1,112500.0,Working,Secondary / secondary special,Civil marriage,House / apartment,-16031,-1237,Sales staff,3,4,1
5033500,0.0,C,M,N,Y,0,202500.0,Commercial associate,Secondary / secondary special,Married,House / apartment,-17578,-1997,Laborers,2,2,0
5033501,0.0,X,M,Y,Y,0,270000.0,Working,Secondary / secondary special,Married,House / apartment,-15487,-3093,Laborers,2,2,2
5033505,0.0,0,M,Y,Y,1,351000.0,Working,Secondary / secondary special,Married,House / apartment,-13408,-444,Laborers,3,2,2
5033507,0.0,C,F,N,N,1,72000.0,Working,Higher education,Married,House / apartment,-10015,-568,Secretaries,3,0,1
5033509,0.0,0,M,N,N,0,171000.0,Working,Secondary / secondary special,Married,House / apartment,-20687,-4098,Drivers,2,4,0
5033511,0.0,C,F,Y,N,2,90000.0,Working,Secondary / secondary special,Married,House / apartment,-13970,-292,Sales staff,4,2,1
5033513,0.0,0,M,Y,N,0,202500.0,Working,Secondary / secondary special,Married,House / apartment,-15395,-1541,Drivers,2,2,0
5033514,0.0,5,F,Y,N,1,135000.0,Working,Secondary / secondary special,Married,House / apartment,-15952,-384,Sales staff,3,1,0
5033515,0.0,X,F,Y,N,0,441000.0,Working,Secondary / secondary special,Married,House / apartment,-14394,-5316,Laborers,2,2,2
5033521,0.0,C,F,Y,N,0,112500.0,Working,Secondary / secondary special,Married,House / apartment,-18688,-2029,Sales staff,2,2,0
5033524,0.0,C,M,Y,N,0,135000.0,Commercial associate,Secondary / secondary special,Married,House / apartment,-16425,-810,Drivers,2,0,0
5033533,0.0,X,M,N,N,0,270000.0,Commercial associate,Secondary / secondary special,Married,House / apartment,-10992,-3064,Drivers,2,1,0
5033538,0.0,C,F,Y,N,3,540000.0,Working,Higher education,Married,House / apartment,-13234,-1753,Laborers,5,0,2
5033539,0.0,C,F,Y,N,3,540000.0,Working,Higher education,Married,House / apartment,-13234,-1753,Laborers,5,0,2
5033544,0.0,X,M,Y,N,0,180000.0,Commercial associate,Higher education,Married,House / apartment,-10054,-598,Managers,2,3,0
5033547,0.0,X,M,N,N,0,112500.0,Working,Secondary / secondary special,Single / not married,House / apartment,-9417,-445,Laborers,1,4,0
5033548,0.0,X,M,Y,N,0,180000.0,Working,Secondary / secondary special,Single / not married,House / apartment,-10276,-2607,Laborers,1,2,0
5033551,0.0,C,M,N,N,0,157500.0,Commercial associate,Secondary / secondary special,Married,House / apartment,-17018,-9485,Drivers,2,0,0
5033554,0.0,0,F,N,Y,0,90000.0,Working,Higher education,Civil marriage,House / apartment,-16034,-1022,Medicine staff,2,1,0
5033558,0.0,X,F,N,N,2,382500.0,State servant,Secondary / secondary special,Married,House / apartment,-18946,-4827,Security staff,4,1,2
5033565,0.0,C,F,Y,Y,0,315000.0,Working,Secondary / secondary special,Married,With parents,-17197,-2362,Managers,2,2,2
5033566,0.0,X,F,N,N,0,450000.0,Working,Secondary / secondary special,Married,House / apartment,-19150,-1511,Managers,2,4,2
5033567,0.0,C,F,Y,N,0,81000.0,Working,Secondary / secondary special,Married,House / apartment,-16299,-1450,Sales staff,2,2,0
5033569,0.0,C,F,Y,N,0,81000.0,Working,Secondary / secondary special,Married,House / apartment,-16299,-1450,Sales staff,2,2,0
5033572,0.0,C,M,Y,Y,0,315000.0,Commercial associate,Incomplete higher,Married,House / apartment,-15647,-2514,High skill tech staff,2,0,2
5033575,0.0,X,F,N,Y,1,202500.0,Working,Secondary / secondary special,Married,House / apartment,-14474,-5162,Laborers,3,4,1
5033576,0.0,0,F,N,Y,1,202500.0,Working,Secondary / secondary special,Married,House / apartment,-14474,-5162,Laborers,3,4,1
5033577,0.0,C,F,N,Y,2,157500.0,Working,Secondary / secondary special,Married,House / apartment,-11375,-3793,Sales staff,4,2,1
5033578,0.0,C,F,N,N,1,99000.0,Commercial associate,Secondary / secondary special,Married,House / apartment,-15096,-994,Laborers,3,1,1
5033581,0.0,0,F,N,Y,2,270000.0,State servant,Higher education,Separated,With parents,-11342,-688,High skill tech staff,3,3,1
5033582,0.0,C,M,Y,Y,1,202500.0,State servant,Secondary / secondary special,Married,House / apartment,-14619,-2940,Laborers,3,2,1
5033586,0.0,0,F,Y,Y,1,90000.0,Working,Secondary / secondary special,Married,House / apartment,-13868,-994,Sales staff,3,4,1
5033587,0.0,0,M,N,N,0,382500.0,Working,Secondary / secondary special,Married,Municipal apartment,-17254,-1207,Managers,2,4,2
5033588,0.0,0,M,N,Y,1,180000.0,Working,Secondary / secondary special,Married,Rented apartment,-15957,-2270,Drivers,3,4,1
5033591,0.0,X,F,Y,N,0,225000.0,Commercial associate,Higher education,Civil marriage,House / apartment,-15918,-871,Managers,2,3,0
5033592,0.0,C,F,N,Y,1,180000.0,Working,Secondary / secondary special,Married,House / apartment,-15703,-1844,Medicine staff,3,2,1
5033598,0.0,C,M,Y,N,0,270000.0,Commercial associate,Secondary / secondary special,Married,House / apartment,-11641,-2148,Drivers,2,0,2
5033599,0.0,0,M,Y,N,0,270000.0,Commercial associate,Secondary / secondary special,Married,House / apartment,-11641,-2148,Drivers,2,1,2
5033600,0.0,C,F,Y,Y,0,90000.0,Working,Secondary / secondary special,Married,House / apartment,-16858,-3124,Private service staff,2,2,0
5033603,0.0,X,F,N,Y,0,157500.0,Commercial associate,Secondary / secondary special,Married,House / apartment,-14802,-2789,Sales staff,2,1,0
5033606,0.0,X,M,N,Y,0,157500.0,Working,Secondary / secondary special,Widow,House / apartment,-17587,-1571,Laborers,1,4,0
5033607,0.0,C,F,N,N,0,67500.0,Commercial associate,Secondary / secondary special,Civil marriage,House / apartment,-18989,-171,Laborers,2,1,0
5033608,0.0,C,F,N,N,0,67500.0,Commercial associate,Secondary / secondary special,Civil marriage,House / apartment,-18989,-171,Laborers,2,1,0
5033610,0.0,C,F,N,Y,0,135000.0,Working,Secondary / secondary special,Married,House / apartment,-18667,-7020,Core staff,2,2,0
5033611,0.0,0,F,N,Y,1,225000.0,Commercial associate,Secondary / secondary special,Married,House / apartment,-14584,-5770,High skill tech staff,3,1,1
5033612,0.0,0,F,N,Y,1,225000.0,Commercial associate,Secondary / secondary special,Married,House / apartment,-14584,-5770,High skill tech staff,3,1,1
5033613,0.0,C,M,Y,Y,0,117000.0,State servant,Secondary / secondary special,Married,House / apartment,-21764,-809,Laborers,2,2,0
5033614,0.0,C,F,N,N,0,202500.0,Working,Secondary / secondary special,Widow,House / apartment,-15787,-2270,Laborers,1,2,0
5033615,0.0,0,F,N,N,0,202500.0,Working,Secondary / secondary special,Widow,House / apartment,-15787,-2270,Laborers,1,4,0
5033618,0.0,C,M,Y,Y,0,315000.0,Working,Secondary / secondary special,Married,House / apartment,-18661,-1845,Laborers,2,2,2
5033619,0.0,C,M,Y,N,0,126000.0,Working,Secondary / secondary special,Married,House / apartment,-8696,-172,Laborers,2,2,0
5033623,0.0,0,F,Y,Y,1,193500.0,Commercial associate,Higher education,Married,House / apartment,-14310,-7050,Sales staff,3,3,1
5033624,0.0,C,M,N,N,0,90000.0,Working,Higher education,Single / not married,With parents,-11620,-994,Laborers,1,0,0
5033626,0.0,C,F,N,N,0,112500.0,Working,Secondary / secondary special,Married,House / apartment,-13605,-1329,Core staff,2,2,0
5033629,0.0,C,F,N,N,1,202500.0,Working,Higher education,Civil marriage,With parents,-12506,-908,High skill tech staff,3,0,1
5033637,0.0,0,M,Y,Y,1,135000.0,Working,Secondary / secondary special,Married,House / apartment,-16646,-6350,Drivers,3,2,1
5079284,0.0,C,F,N,Y,1,180000.0,Working,Secondary / secondary special,Married,House / apartment,-15725,-3131,Managers,3,2,1
5079285,0.0,0,F,N,Y,1,180000.0,Working,Secondary / secondary special,Married,House / apartment,-15725,-3131,Managers,3,4,1
5033641,0.0,C,F,N,Y,1,405000.0,Commercial associate,Higher education,Widow,House / apartment,-13241,-1974,Accountants,2,3,2
5079290,0.0,X,F,N,Y,1,405000.0,Commercial associate,Higher education,Widow,House / apartment,-13241,-1974,Accountants,2,3,2
5079291,0.0,X,F,N,Y,1,405000.0,Commercial associate,Higher education,Widow,House / apartment,-13241,-1974,Accountants,2,3,2
5033643,0.0,0,F,Y,Y,1,216000.0,Working,Higher education,Married,House / apartment,-10138,-1359,Sales staff,3,1,1
5033644,0.0,C,M,Y,Y,1,180000.0,Commercial associate,Secondary / secondary special,Married,House / apartment,-9905,-3343,Laborers,3,0,1
5033645,0.0,X,M,Y,Y,1,180000.0,Commercial associate,Secondary / secondary special,Married,House / apartment,-9905,-3343,Laborers,3,2,1
5033647,0.0,0,F,N,Y,0,270000.0,Working,Higher education,Single / not married,House / apartment,-23006,-513,Accountants,1,1,0
5033648,0.0,C,F,N,N,0,157500.0,Working,Secondary / secondary special,Civil marriage,House / apartment,-17395,-1517,Core staff,2,4,0
5033654,0.0,C,F,N,Y,0,135000.0,State servant,Higher education,Married,House / apartment,-9749,-635,Secretaries,2,3,0
5033659,0.0,0,M,N,Y,0,225000.0,Commercial associate,Secondary / secondary special,Married,House / apartment,-19103,-3670,Laborers,2,1,0
5033664,0.0,C,F,N,Y,1,112500.0,Working,Secondary / secondary special,Married,House / apartment,-15912,-2028,Sales staff,3,2,1
5033665,0.0,C,M,Y,Y,1,427500.0,Working,Secondary / secondary special,Married,House / apartment,-15044,-1731,Managers,3,2,2
5033666,0.0,C,F,N,Y,2,135000.0,Commercial associate,Secondary / secondary special,Married,House / apartment,-12847,-383,Private service staff,4,1,1
5033669,0.0,C,F,N,N,1,135000.0,Working,Secondary / secondary special,Single / not married,House / apartment,-9235,-209,Sales staff,2,4,0
5033670,0.0,X,F,N,Y,1,103500.0,Working,Secondary / secondary special,Married,House / apartment,-15922,-414,Sales staff,3,4,1
5033672,0.0,X,M,N,Y,1,225000.0,Working,Secondary / secondary special,Married,House / apartment,-12073,-4554,Laborers,3,2,1
5033674,0.0,C,F,N,Y,0,126000.0,Working,Secondary / secondary special,Civil marriage,House / apartment,-10783,-390,Sales staff,2,4,0
5033677,0.0,C,M,Y,Y,0,900000.0,Working,Higher education,Married,House / apartment,-19235,-1305,Drivers,2,0,2
5033686,0.0,C,F,N,Y,0,337500.0,State servant,Higher education,Married,House / apartment,-10869,-567,Core staff,2,3,2
5033690,0.0,0,F,Y,Y,0,292500.0,Working,Secondary / secondary special,Married,House / apartment,-20572,-5138,Sales staff,2,4,2
5033693,0.0,0,F,Y,Y,0,180000.0,Working,Secondary / secondary special,Single / not married,House / apartment,-19251,-1449,Laborers,1,4,0
5033694,0.0,0,F,N,Y,0,90000.0,Working,Secondary / secondary special,Civil marriage,House / apartment,-13417,-353,Accountants,2,4,0
5033696,0.0,X,F,Y,Y,0,396000.0,Commercial associate,Higher education,Married,House / apartment,-18930,-3550,Managers,2,3,2
5033697,0.0,C,F,Y,Y,0,396000.0,Commercial associate,Higher education,Married,House / apartment,-18930,-3550,Managers,2,3,2
5033698,0.0,X,F,Y,Y,0,396000.0,Commercial associate,Higher education,Married,House / apartment,-18930,-3550,Managers,2,3,2
5033706,0.0,C,M,Y,N,0,180000.0,Working,Secondary / secondary special,Married,House / apartment,-17349,-536,Drivers,2,2,0
5033707,0.0,C,F,N,Y,0,135000.0,Commercial associate,Secondary / secondary special,Married,House / apartment,-16668,-2277,Laborers,2,1,0
5033710,0.0,C,M,Y,Y,0,135000.0,Commercial associate,Secondary / secondary special,Married,House / apartment,-13319,-755,Laborers,2,0,0
5033711,0.0,0,F,N,Y,0,225000.0,State servant,Higher education,Married,House / apartment,-10977,-202,Core staff,2,3,0
5033713,0.0,C,M,N,Y,1,135000.0,Working,Secondary / secondary special,Married,House / apartment,-13782,-3032,Security staff,3,2,1
5033714,0.0,C,M,N,Y,1,135000.0,Working,Secondary / secondary special,Married,House / apartment,-13782,-3032,Security staff,3,2,1
5033717,0.0,0,F,N,Y,0,189000.0,Working,Secondary / secondary special,Single / not married,House / apartment,-18497,-2216,Sales staff,1,4,0
5033722,0.0,0,M,Y,N,1,225000.0,Working,Higher education,Married,House / apartment,-11568,-1267,Laborers,3,0,1
5033723,0.0,0,M,Y,Y,1,252000.0,Working,Higher education,Married,House / apartment,-16407,-2089,High skill tech staff,3,0,1
5033728,0.0,0,F,Y,Y,1,202500.0,Working,Secondary / secondary special,Married,House / apartment,-13666,-2089,Core staff,3,4,1
5033733,0.0,0,M,N,Y,1,180000.0,Working,Secondary / secondary special,Married,House / apartment,-18077,-3616,Drivers,3,4,1
5033942,0.0,0,M,N,Y,1,180000.0,Working,Secondary / secondary special,Married,House / apartment,-18077,-3616,Drivers,3,4,1
5033734,0.0,C,F,Y,Y,1,157500.0,Working,Secondary / secondary special,Married,House / apartment,-12601,-6053,Cooking staff,3,2,1
5033737,0.0,C,M,N,Y,0,202500.0,Commercial associate,Secondary / secondary special,Single / not married,House / apartment,-11792,-4378,Laborers,1,1,0
5033739,0.0,0,M,Y,Y,1,810000.0,Working,Secondary / secondary special,Married,House / apartment,-15989,-2240,Laborers,3,2,2
5033740,0.0,X,M,Y,Y,1,810000.0,Working,Secondary / secondary special,Married,House / apartment,-15989,-2240,Laborers,3,2,2
5033744,0.0,X,F,N,Y,0,112500.0,Working,Secondary / secondary special,Married,House / apartment,-17669,-6592,Accountants,2,4,0
5033745,0.0,X,F,N,N,0,112500.0,Working,Higher education,Single / not married,House / apartment,-15444,-3891,Managers,1,1,0
5033753,0.0,C,F,Y,Y,0,171000.0,State servant,Secondary / secondary special,Married,House / apartment,-21233,-5223,High skill tech staff,2,0,0
5033756,0.0,C,M,Y,Y,0,108000.0,Working,Higher education,Married,House / apartment,-20839,-536,Laborers,2,0,0
5033764,0.0,0,F,N,Y,0,112500.0,Working,Secondary / secondary special,Married,House / apartment,-19743,-5711,Medicine staff,2,4,0
5033769,0.0,C,F,N,Y,0,261000.0,Working,Secondary / secondary special,Married,House / apartment,-18704,-4585,Medicine staff,2,2,0
5033770,0.0,C,F,N,Y,0,261000.0,Working,Secondary / secondary special,Married,House / apartment,-18704,-4585,Medicine staff,2,2,0
5033772,0.0,X,M,Y,Y,0,225000.0,Commercial associate,Secondary / secondary special,Married,House / apartment,-19451,-962,Core staff,2,1,0
5033773,0.0,1,M,Y,Y,0,225000.0,Commercial associate,Secondary / secondary special,Married,House / apartment,-19451,-962,Core staff,2,1,0
5033777,0.0,X,M,Y,Y,0,405000.0,Commercial associate,Secondary / secondary special,Married,House / apartment,-21751,-5443,Drivers,2,1,2
5078838,0.0,C,M,N,Y,0,225000.0,Working,Secondary / secondary special,Married,House / apartment,-20298,-3282,Medicine staff,2,2,0
5078840,0.0,1,M,N,Y,0,225000.0,Working,Secondary / secondary special,Married,House / apartment,-20298,-3282,Medicine staff,2,1,0
5078841,0.0,1,M,N,Y,0,225000.0,Working,Secondary / secondary special,Married,House / apartment,-20298,-3282,Medicine staff,2,1,0
5033783,0.0,0,M,N,Y,2,90000.0,Working,Secondary / secondary special,Married,House / apartment,-10627,-3496,Sales staff,4,4,1
5033784,0.0,C,F,N,Y,0,112500.0,Commercial associate,Secondary / secondary special,Married,House / apartment,-18562,-2216,Sales staff,2,1,0
5033785,0.0,C,M,N,Y,0,225000.0,Commercial associate,Secondary / secondary special,Married,House / apartment,-15942,-2490,Drivers,2,0,0
5033789,0.0,C,F,N,Y,1,315000.0,Working,Higher education,Separated,House / apartment,-15738,-4766,Private service staff,2,0,2
5033798,0.0,0,F,Y,Y,0,148500.0,Commercial associate,Secondary / secondary special,Married,Office apartment,-17107,-2277,Core staff,2,1,0
5078889,0.0,0,F,Y,Y,0,148500.0,Commercial associate,Secondary / secondary special,Married,Office apartment,-17107,-2277,Core staff,2,1,0
5078890,0.0,0,F,Y,Y,0,148500.0,Commercial associate,Secondary / secondary special,Married,Office apartment,-17107,-2277,Core staff,2,1,0
5078891,0.0,C,F,Y,Y,0,148500.0,Commercial associate,Secondary / secondary special,Married,Office apartment,-17107,-2277,Core staff,2,0,0
5078892,0.0,0,F,Y,Y,0,148500.0,Commercial associate,Secondary / secondary special,Married,Office apartment,-17107,-2277,Core staff,2,1,0
5033800,0.0,X,F,N,N,2,225000.0,Working,Higher education,Married,House / apartment,-11010,-1814,Accountants,4,1,1
5033803,0.0,C,M,N,Y,0,112500.0,Working,Higher education,Married,House / apartment,-19479,-5596,Core staff,2,0,0
5033814,0.0,C,F,N,Y,0,135000.0,Working,Secondary / secondary special,Married,House / apartment,-13153,-1182,Laborers,2,2,0
5078894,0.0,C,F,N,Y,1,99000.0,Commercial associate,Secondary / secondary special,Married,House / apartment,-14798,-3251,Laborers,3,1,1
5078895,0.0,0,F,N,Y,1,99000.0,Commercial associate,Secondary / secondary special,Married,House / apartment,-14798,-3251,Laborers,3,1,1
5078896,0.0,C,F,N,Y,1,99000.0,Commercial associate,Secondary / secondary special,Married,House / apartment,-14798,-3251,Laborers,3,1,1
5033817,0.0,C,F,Y,N,1,292500.0,State servant,Higher education,Married,House / apartment,-16010,-2667,Core staff,3,0,2
5033818,0.0,C,F,N,Y,0,135000.0,Working,Higher education,Single / not married,Office apartment,-13616,-4227,Managers,1,0,0
5033824,0.0,C,M,N,Y,0,234000.0,Working,Secondary / secondary special,Married,Rented apartment,-15110,-1387,Laborers,2,2,0
5033829,0.0,0,F,Y,Y,2,135000.0,Working,Secondary / secondary special,Married,House / apartment,-13803,-2209,Laborers,4,4,1
5033831,0.0,X,M,Y,Y,0,135000.0,Working,Higher education,Civil marriage,House / apartment,-19322,-663,Laborers,2,0,0
5078849,0.0,C,M,Y,Y,0,135000.0,Working,Higher education,Civil marriage,House / apartment,-19322,-663,Laborers,2,0,0
5078851,0.0,C,M,Y,Y,0,135000.0,Working,Higher education,Civil marriage,House / apartment,-19322,-663,Laborers,2,0,0
5078852,0.0,C,M,Y,Y,0,135000.0,Working,Higher education,Civil marriage,House / apartment,-19322,-663,Laborers,2,0,0
5078853,0.0,C,M,Y,Y,0,135000.0,Working,Higher education,Civil marriage,House / apartment,-19322,-663,Laborers,2,0,0
5079091,0.0,C,M,Y,Y,1,112500.0,Working,Secondary / secondary special,Married,House / apartment,-12571,-451,Drivers,3,2,1
5079093,0.0,C,M,Y,Y,1,112500.0,Working,Secondary / secondary special,Married,House / apartment,-12571,-451,Drivers,3,2,1
5079094,0.0,C,M,Y,Y,1,112500.0,Working,Secondary / secondary special,Married,House / apartment,-12571,-451,Drivers,3,2,1
5079095,0.0,C,M,Y,Y,1,112500.0,Working,Secondary / secondary special,Married,House / apartment,-12571,-451,Drivers,3,2,1
5079097,0.0,C,M,Y,Y,1,112500.0,Working,Secondary / secondary special,Married,House / apartment,-12571,-451,Drivers,3,2,1
5033839,0.0,C,F,N,N,0,81000.0,Working,Secondary / secondary special,Married,House / apartment,-12544,-748,Sales staff,2,2,0
5033847,0.0,C,F,N,N,2,225000.0,Commercial associate,Secondary / secondary special,Married,House / apartment,-14476,-4987,High skill tech staff,4,1,1
5078817,0.0,C,F,N,N,2,225000.0,Commercial associate,Secondary / secondary special,Married,House / apartment,-14476,-4987,High skill tech staff,4,1,1
5033854,0.0,0,F,N,Y,0,202500.0,Working,Secondary / secondary special,Civil marriage,House / apartment,-18858,-1974,Laborers,2,4,0
5033855,0.0,C,F,N,Y,0,90000.0,Working,Secondary / secondary special,Married,House / apartment,-20474,-11683,Accountants,2,2,0
5033856,0.0,C,F,N,N,0,157500.0,Working,Lower secondary,Married,House / apartment,-13838,-329,Laborers,2,2,0
5033857,0.0,C,M,Y,N,1,270000.0,Commercial associate,Higher education,Married,Municipal apartment,-12928,-239,Managers,3,0,1
5033862,0.0,X,M,N,Y,2,171000.0,Working,Higher education,Married,With parents,-14484,-2216,Laborers,4,0,1
5033865,0.0,C,M,Y,Y,2,247500.0,Commercial associate,Secondary / secondary special,Married,House / apartment,-12505,-3343,Laborers,4,0,1
5033866,0.0,0,F,N,Y,0,157500.0,Working,Secondary / secondary special,Married,House / apartment,-17211,-414,Laborers,2,4,0
5033869,0.0,0,F,N,N,0,63000.0,Commercial associate,Higher education,Married,House / apartment,-14770,-2004,Core staff,2,3,0
5078821,0.0,C,F,N,N,0,63000.0,Commercial associate,Higher education,Married,House / apartment,-14770,-2004,Core staff,2,3,0
5078823,0.0,C,F,N,N,0,63000.0,Commercial associate,Higher education,Married,House / apartment,-14770,-2004,Core staff,2,3,0
5078824,0.0,C,F,N,N,0,63000.0,Commercial associate,Higher education,Married,House / apartment,-14770,-2004,Core staff,2,3,0
5078825,0.0,C,F,N,N,0,63000.0,Commercial associate,Higher education,Married,House / apartment,-14770,-2004,Core staff,2,3,0
5078827,0.0,0,F,N,N,0,63000.0,Commercial associate,Higher education,Married,House / apartment,-14770,-2004,Core staff,2,3,0
5033870,0.0,0,M,N,N,0,360000.0,Working,Secondary / secondary special,Married,Rented apartment,-13958,-969,Drivers,2,4,2
5078857,0.0,0,M,N,N,0,360000.0,Working,Secondary / secondary special,Married,Rented apartment,-13958,-969,Drivers,2,4,2
5078858,0.0,C,M,N,N,0,360000.0,Working,Secondary / secondary special,Married,Rented apartment,-13958,-969,Drivers,2,2,2
5078859,0.0,1,M,N,N,0,360000.0,Working,Secondary / secondary special,Married,Rented apartment,-13958,-969,Drivers,2,1,0
5033871,0.0,X,F,N,Y,0,157500.0,Commercial associate,Secondary / secondary special,Separated,House / apartment,-12009,-1912,Sales staff,1,1,0
5078959,0.0,0,F,N,Y,0,157500.0,Commercial associate,Secondary / secondary special,Separated,House / apartment,-12009,-1912,Sales staff,1,1,0
5078963,0.0,C,F,N,Y,0,157500.0,Commercial associate,Secondary / secondary special,Separated,House / apartment,-12009,-1912,Sales staff,1,1,0
5078964,0.0,C,F,N,Y,0,157500.0,Commercial associate,Secondary / secondary special,Separated,House / apartment,-12009,-1912,Sales staff,1,1,0
5078965,0.0,0,F,N,Y,0,157500.0,Commercial associate,Secondary / secondary special,Separated,House / apartment,-12009,-1912,Sales staff,1,1,0
5078969,0.0,C,F,N,Y,0,157500.0,Commercial associate,Secondary / secondary special,Separated,House / apartment,-12009,-1912,Sales staff,1,1,0
5078970,0.0,C,F,N,Y,0,157500.0,Commercial associate,Secondary / secondary special,Separated,House / apartment,-12009,-1912,Sales staff,1,1,0
5078972,0.0,C,F,N,Y,0,157500.0,Commercial associate,Secondary / secondary special,Separated,House / apartment,-12009,-1912,Sales staff,1,1,0
5078973,0.0,C,F,N,Y,0,157500.0,Commercial associate,Secondary / secondary special,Separated,House / apartment,-12009,-1912,Sales staff,1,1,0
5078974,0.0,X,F,N,Y,0,157500.0,Commercial associate,Secondary / secondary special,Separated,House / apartment,-12009,-1912,Sales staff,1,1,0
5078976,0.0,0,F,N,Y,0,157500.0,Commercial associate,Secondary / secondary special,Separated,House / apartment,-12009,-1912,Sales staff,1,1,0
5078977,0.0,0,F,N,Y,0,157500.0,Commercial associate,Secondary / secondary special,Separated,House / apartment,-12009,-1912,Sales staff,1,1,0
5033873,0.0,C,M,Y,Y,1,157500.0,Commercial associate,Secondary / secondary special,Married,House / apartment,-13246,-635,Managers,3,0,1
5033878,0.0,X,F,N,Y,0,202500.0,Commercial associate,Higher education,Married,House / apartment,-17713,-718,Managers,2,3,0
5033879,0.0,X,F,N,Y,0,202500.0,Commercial associate,Higher education,Married,House / apartment,-17713,-718,Managers,2,3,0
5033880,0.0,0,F,N,Y,0,202500.0,State servant,Higher education,Married,House / apartment,-21246,-12163,Core staff,2,3,0
5033882,0.0,C,M,Y,N,1,202500.0,Commercial associate,Incomplete higher,Married,House / apartment,-10780,-3769,Laborers,3,0,1
5033885,0.0,C,M,Y,Y,0,90000.0,Working,Secondary / secondary special,Married,House / apartment,-20063,-932,Core staff,2,2,0
5033886,0.0,1,M,N,Y,0,135000.0,Working,Secondary / secondary special,Civil marriage,House / apartment,-8940,-567,Low-skill Laborers,2,1,0
5033887,0.0,C,M,Y,Y,1,135000.0,Working,Secondary / secondary special,Married,House / apartment,-11066,-1670,Laborers,3,2,1
5033892,0.0,C,F,N,Y,0,162000.0,Working,Higher education,Married,House / apartment,-19257,-1486,Managers,2,0,0
5033895,0.0,C,F,N,N,2,135000.0,Working,Secondary / secondary special,Married,With parents,-11296,-1670,Core staff,4,2,1
5078868,0.0,C,F,N,N,2,135000.0,Working,Secondary / secondary special,Married,With parents,-11296,-1670,Core staff,4,2,1
5078869,0.0,C,F,N,N,2,135000.0,Working,Secondary / secondary special,Married,With parents,-11296,-1670,Core staff,4,2,1
5078870,0.0,C,F,N,N,2,135000.0,Working,Secondary / secondary special,Married,With parents,-11296,-1670,Core staff,4,2,1
5033897,0.0,C,M,N,Y,0,126000.0,Working,Secondary / secondary special,Married,House / apartment,-10324,-513,Laborers,2,2,0
5078919,0.0,C,M,N,Y,0,126000.0,Working,Secondary / secondary special,Married,House / apartment,-10324,-513,Laborers,2,2,0
5078920,0.0,0,M,N,Y,0,126000.0,Working,Secondary / secondary special,Married,House / apartment,-10324,-513,Laborers,2,4,0
5078921,0.0,0,M,N,Y,0,126000.0,Working,Secondary / secondary special,Married,House / apartment,-10324,-513,Laborers,2,4,0
5078923,0.0,C,M,N,Y,0,126000.0,Working,Secondary / secondary special,Married,House / apartment,-10324,-513,Laborers,2,2,0
5033899,0.0,C,M,Y,Y,0,247500.0,Working,Secondary / secondary special,Married,House / apartment,-21757,-2705,Drivers,2,2,0
5033919,0.0,C,M,Y,Y,0,247500.0,Working,Secondary / secondary special,Married,House / apartment,-21757,-2705,Drivers,2,2,0
5078985,0.0,0,M,Y,Y,0,247500.0,Working,Secondary / secondary special,Married,House / apartment,-21757,-2705,Drivers,2,2,0
5078986,0.0,0,M,Y,Y,0,247500.0,Working,Secondary / secondary special,Married,House / apartment,-21757,-2705,Drivers,2,2,0
5078987,0.0,C,M,Y,Y,0,247500.0,Working,Secondary / secondary special,Married,House / apartment,-21757,-2705,Drivers,2,2,0
5078988,0.0,0,M,Y,Y,0,247500.0,Working,Secondary / secondary special,Married,House / apartment,-21757,-2705,Drivers,2,2,0
5078989,0.0,0,M,Y,Y,0,247500.0,Working,Secondary / secondary special,Married,House / apartment,-21757,-2705,Drivers,2,2,0
5078990,0.0,0,M,Y,Y,0,247500.0,Working,Secondary / secondary special,Married,House / apartment,-21757,-2705,Drivers,2,2,0
5033905,0.0,0,F,N,Y,0,270000.0,Working,Secondary / secondary special,Married,House / apartment,-21917,-1905,Medicine staff,2,4,0
5033907,0.0,C,F,N,Y,1,135000.0,Working,Secondary / secondary special,Civil marriage,House / apartment,-10045,-567,Laborers,3,2,1
5033909,0.0,1,F,N,Y,2,148500.0,Working,Secondary / secondary special,Married,House / apartment,-12115,-878,Sales staff,4,1,0
5079242,0.0,C,M,Y,Y,1,180000.0,Working,Secondary / secondary special,Married,House / apartment,-11608,-2430,Laborers,3,2,1
5033921,0.0,C,F,N,Y,1,211500.0,Working,Secondary / secondary special,Married,House / apartment,-12585,-755,Core staff,3,2,1
5079249,0.0,C,F,N,Y,1,211500.0,Working,Secondary / secondary special,Married,House / apartment,-12585,-755,Core staff,3,2,1
5079250,0.0,1,F,N,Y,1,211500.0,Working,Secondary / secondary special,Married,House / apartment,-12585,-755,Core staff,3,1,0
5079251,0.0,C,F,N,Y,1,211500.0,Working,Secondary / secondary special,Married,House / apartment,-12585,-755,Core staff,3,2,1
5033924,0.0,C,M,Y,Y,0,157500.0,Working,Secondary / secondary special,Married,House / apartment,-10097,-1571,Drivers,2,2,0
5033926,0.0,C,M,Y,Y,1,144000.0,State servant,Secondary / secondary special,Married,Office apartment,-10659,-3131,Managers,3,0,1
5033927,0.0,C,M,Y,Y,1,144000.0,State servant,Secondary / secondary special,Married,Office apartment,-10659,-3131,Managers,3,0,1
5033933,0.0,C,F,N,Y,0,157500.0,Working,Secondary / secondary special,Married,House / apartment,-20463,-1602,High skill tech staff,2,2,0
5033939,0.0,X,M,Y,N,0,315000.0,Working,Secondary / secondary special,Married,House / apartment,-14888,-7756,Laborers,2,2,2
5079237,0.0,0,M,Y,N,0,315000.0,Working,Secondary / secondary special,Married,House / apartment,-14888,-7756,Laborers,2,2,2
5079239,0.0,X,M,Y,N,0,315000.0,Working,Secondary / secondary special,Married,House / apartment,-14888,-7756,Laborers,2,2,2
5079240,0.0,C,M,Y,N,0,315000.0,Working,Secondary / secondary special,Married,House / apartment,-14888,-7756,Laborers,2,2,2
5033941,0.0,C,M,Y,Y,2,360000.0,Working,Higher education,Married,House / apartment,-10273,-3039,Core staff,4,0,1
5033943,0.0,C,M,Y,Y,0,202500.0,Working,Secondary / secondary special,Married,House / apartment,-12353,-5352,Laborers,2,2,0
5033944,0.0,C,F,N,Y,1,180000.0,Working,Secondary / secondary special,Civil marriage,House / apartment,-11238,-2582,Core staff,3,4,1
5033950,0.0,0,M,Y,Y,0,247500.0,Working,Secondary / secondary special,Married,House / apartment,-18770,-1183,Drivers,2,2,0
5033951,0.0,C,M,Y,Y,0,247500.0,Working,Secondary / secondary special,Married,House / apartment,-18770,-1183,Drivers,2,2,0
5033956,0.0,C,F,N,N,1,225000.0,Commercial associate,Secondary / secondary special,Married,House / apartment,-13523,-1175,Laborers,3,1,1
5033960,0.0,C,F,Y,N,0,292500.0,Working,Secondary / secondary special,Married,House / apartment,-15422,-3009,Laborers,2,2,2
5033961,0.0,C,F,Y,N,0,292500.0,Working,Secondary / secondary special,Married,House / apartment,-15422,-3009,Laborers,2,2,2
5033964,0.0,X,F,N,N,0,157500.0,Working,Secondary / secondary special,Married,House / apartment,-17072,-3578,Sales staff,2,4,0
5033968,0.0,C,M,Y,Y,0,270000.0,Working,Secondary / secondary special,Civil marriage,House / apartment,-17050,-1359,Drivers,2,2,0
5033969,0.0,0,F,N,Y,3,135000.0,Commercial associate,Secondary / secondary special,Married,House / apartment,-14445,-2240,Sales staff,5,1,1
5033970,0.0,C,F,N,Y,0,112500.0,State servant,Secondary / secondary special,Married,House / apartment,-18229,-2209,Core staff,2,1,0
5033972,0.0,C,M,Y,Y,1,256500.0,State servant,Higher education,Married,Office apartment,-11154,-4409,Core staff,3,0,1
5033976,0.0,C,F,N,Y,0,144000.0,Working,Secondary / secondary special,Single / not married,House / apartment,-11175,-322,Cooking staff,1,4,0
5033977,0.0,C,F,N,Y,0,144000.0,Working,Secondary / secondary special,Single / not married,House / apartment,-11175,-322,Cooking staff,1,4,0
5033981,0.0,C,M,N,Y,0,292500.0,Commercial associate,Secondary / secondary special,Married,House / apartment,-10375,-962,Laborers,2,2,2
5033982,0.0,0,M,N,Y,0,292500.0,Commercial associate,Secondary / secondary special,Married,House / apartment,-10375,-962,Laborers,2,1,2
5033983,0.0,0,M,N,Y,0,117000.0,Working,Secondary / secondary special,Married,House / apartment,-12821,-567,Laborers,2,4,0
5033985,0.0,0,F,Y,Y,0,180000.0,Commercial associate,Secondary / secondary special,Civil marriage,House / apartment,-19578,-5388,Accountants,2,1,0
5033994,0.0,0,F,N,N,1,135000.0,State servant,Secondary / secondary special,Single / not married,House / apartment,-17350,-4842,Laborers,2,4,0
5033999,0.0,C,F,N,Y,1,148500.0,Commercial associate,Higher education,Civil marriage,House / apartment,-16038,-1036,High skill tech staff,3,3,1
5034006,0.0,X,F,N,N,2,135000.0,Commercial associate,Higher education,Married,With parents,-13612,-3381,Core staff,4,3,1
5034007,0.0,X,F,N,N,2,135000.0,Commercial associate,Higher education,Married,With parents,-13612,-3381,Core staff,4,3,1
5034017,0.0,C,M,N,Y,2,180000.0,Working,Secondary / secondary special,Married,House / apartment,-12123,-551,Laborers,4,2,1
5034019,0.0,0,F,N,Y,0,292500.0,Commercial associate,Secondary / secondary special,Married,House / apartment,-14098,-5573,Laborers,2,1,2
5034021,0.0,C,M,N,Y,0,202500.0,State servant,Secondary / secondary special,Married,House / apartment,-14551,-1370,Core staff,2,0,0
5035415,0.0,0,F,N,Y,0,292500.0,Working,Higher education,Married,House / apartment,-21111,-4816,Core staff,2,1,2
5035431,0.0,C,M,Y,Y,0,94500.0,Working,Secondary / secondary special,Single / not married,House / apartment,-14138,-1072,Drivers,1,2,0
5035450,0.0,0,F,N,Y,0,225000.0,Commercial associate,Secondary / secondary special,Married,House / apartment,-16832,-3567,Managers,2,1,0
5035452,0.0,0,F,N,Y,0,225000.0,Commercial associate,Secondary / secondary special,Married,House / apartment,-16832,-3567,Managers,2,1,0
5035487,0.0,C,M,Y,Y,1,225000.0,Working,Higher education,Married,House / apartment,-13334,-4908,Core staff,3,0,1
5035491,0.0,C,F,N,Y,0,135000.0,Working,Secondary / secondary special,Married,House / apartment,-18041,-2137,Laborers,2,2,0
5035496,0.0,X,F,Y,N,0,405000.0,State servant,Higher education,Single / not married,House / apartment,-20052,-980,Managers,1,3,2
5035515,0.0,C,F,N,N,1,202500.0,State servant,Secondary / secondary special,Single / not married,Municipal apartment,-19272,-6216,Cooking staff,2,1,0
5035517,0.0,0,M,Y,N,2,180000.0,State servant,Secondary / secondary special,Married,House / apartment,-12240,-4663,Core staff,4,1,1
5035627,0.0,X,M,Y,Y,0,337500.0,Working,Higher education,Married,House / apartment,-18110,-6764,Managers,2,0,2
5035638,0.0,0,F,N,Y,0,90000.0,Working,Secondary / secondary special,Married,House / apartment,-17833,-2167,Sales staff,2,4,0
5035688,0.0,0,F,Y,Y,0,135000.0,Working,Secondary / secondary special,Civil marriage,House / apartment,-16505,-8377,Laborers,2,4,0
5035701,0.0,C,F,N,Y,0,112500.0,State servant,Lower secondary,Married,House / apartment,-19814,-2656,Laborers,2,0,0
5035702,0.0,0,F,N,Y,0,112500.0,State servant,Lower secondary,Married,House / apartment,-19814,-2656,Laborers,2,1,0
5035711,0.0,C,F,N,N,0,90000.0,Working,Secondary / secondary special,Single / not married,With parents,-8955,-951,Sales staff,1,4,0
5035738,0.0,C,F,Y,Y,0,103500.0,State servant,Higher education,Separated,House / apartment,-17138,-8072,Core staff,1,3,0
5035739,0.0,C,F,Y,Y,0,103500.0,State servant,Higher education,Separated,House / apartment,-17138,-8072,Core staff,1,3,0
5035740,0.0,C,F,Y,Y,0,103500.0,State servant,Higher education,Separated,House / apartment,-17138,-8072,Core staff,1,3,0
5035741,0.0,C,F,Y,Y,0,103500.0,State servant,Higher education,Separated,House / apartment,-17138,-8072,Core staff,1,3,0
5035742,0.0,C,F,Y,Y,0,103500.0,State servant,Higher education,Separated,House / apartment,-17138,-8072,Core staff,1,3,0
5035835,0.0,0,M,Y,Y,0,180000.0,Commercial associate,Secondary / secondary special,Single / not married,House / apartment,-20283,-3447,Drivers,1,1,0
5035857,0.0,C,F,N,Y,0,270000.0,Commercial associate,Secondary / secondary special,Single / not married,House / apartment,-21185,-2381,Accountants,1,1,0
5035858,0.0,C,F,N,Y,0,270000.0,Commercial associate,Secondary / secondary special,Single / not married,House / apartment,-21185,-2381,Accountants,1,1,0
5035859,0.0,C,F,N,Y,0,270000.0,Commercial associate,Secondary / secondary special,Single / not married,House / apartment,-21185,-2381,Accountants,1,1,0
5035862,0.0,0,F,N,Y,0,270000.0,Commercial associate,Secondary / secondary special,Single / not married,House / apartment,-21185,-2381,Accountants,1,1,0
5035873,0.0,0,F,N,N,0,157500.0,Working,Higher education,Married,House / apartment,-17766,-2959,Sales staff,2,1,0
5035948,0.0,0,F,N,Y,1,157500.0,Working,Higher education,Single / not married,With parents,-10304,-433,Secretaries,2,1,0
5035991,0.0,0,M,Y,Y,2,148500.0,Working,Higher education,Married,House / apartment,-16416,-1498,Drivers,4,0,1
5035992,0.0,0,M,N,Y,0,112500.0,Working,Secondary / secondary special,Married,House / apartment,-10705,-1376,Drivers,2,4,0
5035997,0.0,C,F,N,Y,0,157500.0,Commercial associate,Secondary / secondary special,Married,House / apartment,-18997,-2320,HR staff,2,1,0
5036012,0.0,X,M,Y,Y,1,135000.0,Commercial associate,Secondary / secondary special,Married,House / apartment,-10707,-2564,Laborers,3,2,1
5036064,0.0,C,F,Y,Y,0,67500.0,State servant,Secondary / secondary special,Married,House / apartment,-12829,-1529,High skill tech staff,2,0,0
5036067,0.0,0,F,Y,Y,0,171000.0,Commercial associate,Secondary / secondary special,Married,House / apartment,-15654,-555,Managers,2,1,0
5036085,0.0,X,F,N,Y,1,85500.0,Working,Secondary / secondary special,Married,House / apartment,-16525,-859,Waiters/barmen staff,3,4,1
5036087,0.0,0,F,N,Y,1,85500.0,Working,Secondary / secondary special,Married,House / apartment,-16525,-859,Waiters/barmen staff,3,4,1
5036091,0.0,0,F,N,Y,0,135000.0,Working,Secondary / secondary special,Married,House / apartment,-21694,-3202,Security staff,2,4,0
5036131,0.0,0,M,N,Y,1,616500.0,Commercial associate,Higher education,Married,House / apartment,-13242,-4239,Managers,3,3,2
5036132,0.0,0,M,N,Y,1,616500.0,Commercial associate,Higher education,Married,House / apartment,-13242,-4239,Managers,3,3,2
5036134,0.0,C,M,Y,Y,0,675000.0,Commercial associate,Higher education,Married,House / apartment,-18196,-2472,Managers,2,0,2
5036135,0.0,0,M,Y,Y,0,675000.0,Commercial associate,Higher education,Married,House / apartment,-18196,-2472,Managers,2,3,2
5036156,0.0,X,M,Y,Y,0,135000.0,Working,Secondary / secondary special,Married,House / apartment,-20240,-5150,Security staff,2,2,0
5036208,0.0,0,F,Y,Y,0,270000.0,Commercial associate,Secondary / secondary special,Married,House / apartment,-19151,-3202,Core staff,2,1,2
5036256,0.0,X,F,N,Y,2,225000.0,Working,Higher education,Married,Co-op apartment,-15377,-341,Laborers,4,1,1
5036274,0.0,0,F,N,Y,0,306000.0,Working,Secondary / secondary special,Separated,House / apartment,-10478,-464,Private service staff,1,4,0
5036275,0.0,0,M,N,Y,0,180000.0,Working,Secondary / secondary special,Married,House / apartment,-20713,-1621,Laborers,2,4,0
5036277,0.0,0,M,N,Y,0,180000.0,Working,Secondary / secondary special,Married,House / apartment,-20713,-1621,Laborers,2,4,0
5036278,0.0,0,M,N,Y,0,180000.0,Working,Secondary / secondary special,Married,House / apartment,-20713,-1621,Laborers,2,4,0
5036280,0.0,C,F,N,Y,0,144000.0,State servant,Higher education,Separated,House / apartment,-19935,-9564,Core staff,1,3,0
5036294,0.0,X,F,N,Y,0,135000.0,State servant,Secondary / secondary special,Separated,House / apartment,-17999,-5700,Laborers,1,4,0
5036295,0.0,0,F,Y,Y,0,117000.0,Working,Secondary / secondary special,Married,House / apartment,-17134,-1986,Sales staff,2,4,0
5036326,0.0,X,F,N,Y,0,112500.0,Commercial associate,Secondary / secondary special,Single / not married,House / apartment,-17993,-555,Security staff,1,1,0
5036360,0.0,X,F,N,Y,0,112500.0,Working,Secondary / secondary special,Widow,House / apartment,-14491,-1955,Sales staff,1,4,0
5036396,0.0,0,F,Y,Y,0,112500.0,Working,Secondary / secondary special,Civil marriage,House / apartment,-13686,-1256,Cooking staff,2,4,0
5036397,0.0,0,F,Y,Y,0,112500.0,Working,Secondary / secondary special,Civil marriage,House / apartment,-13686,-1256,Cooking staff,2,4,0
5036398,0.0,0,F,Y,Y,0,112500.0,Working,Secondary / secondary special,Civil marriage,House / apartment,-13686,-1256,Cooking staff,2,4,0
5036399,0.0,X,F,Y,Y,0,112500.0,Working,Secondary / secondary special,Civil marriage,House / apartment,-13686,-1256,Cooking staff,2,4,0
5036401,0.0,0,F,Y,Y,0,112500.0,Working,Secondary / secondary special,Civil marriage,House / apartment,-13686,-1256,Cooking staff,2,4,0
5036403,0.0,0,F,Y,Y,0,112500.0,Working,Secondary / secondary special,Civil marriage,House / apartment,-13686,-1256,Cooking staff,2,4,0
5036404,0.0,0,F,Y,Y,0,112500.0,Working,Secondary / secondary special,Civil marriage,House / apartment,-13686,-1256,Cooking staff,2,4,0
5036405,0.0,1,F,Y,Y,0,112500.0,Working,Secondary / secondary special,Civil marriage,House / apartment,-13686,-1256,Cooking staff,2,1,0
5036408,0.0,0,F,Y,Y,0,112500.0,Working,Secondary / secondary special,Civil marriage,House / apartment,-13686,-1256,Cooking staff,2,4,0
5036455,0.0,C,F,Y,N,0,135000.0,Working,Secondary / secondary special,Married,House / apartment,-18953,-10677,Laborers,2,2,0
5036459,0.0,1,F,Y,N,0,157500.0,Working,Secondary / secondary special,Married,House / apartment,-12799,-1546,Laborers,2,1,0
5036464,0.0,C,F,Y,N,0,360000.0,Commercial associate,Higher education,Married,House / apartment,-9876,-2064,Managers,2,3,2
5036465,0.0,C,F,Y,N,0,360000.0,Commercial associate,Higher education,Married,House / apartment,-9876,-2064,Managers,2,3,2
5036474,0.0,C,M,Y,N,2,180000.0,Commercial associate,Higher education,Married,House / apartment,-15716,-2673,Managers,4,0,1
5036475,0.0,C,F,N,N,0,157500.0,Working,Higher education,Married,House / apartment,-21131,-7513,IT staff,2,0,0
5036478,0.0,C,F,Y,Y,0,112500.0,Working,Secondary / secondary special,Married,Office apartment,-10122,-907,Core staff,2,2,0
5036480,0.0,C,M,N,N,0,378000.0,Commercial associate,Higher education,Civil marriage,House / apartment,-19844,-8639,High skill tech staff,2,3,2
5036483,0.0,C,M,N,N,1,135000.0,Working,Secondary / secondary special,Married,House / apartment,-16123,-3434,Laborers,3,2,1
5036484,0.0,X,M,N,N,1,135000.0,Working,Secondary / secondary special,Married,House / apartment,-16123,-3434,Laborers,3,2,1
5036485,0.0,X,F,N,N,0,270000.0,Working,Secondary / secondary special,Single / not married,House / apartment,-14269,-1273,Laborers,1,4,0
5036488,0.0,0,F,N,Y,0,292500.0,Working,Secondary / secondary special,Married,House / apartment,-18520,-7268,Core staff,2,4,2
5036489,0.0,C,F,N,Y,0,292500.0,Working,Secondary / secondary special,Married,House / apartment,-18520,-7268,Core staff,2,2,2
5036490,0.0,X,F,N,N,1,189000.0,Commercial associate,Higher education,Widow,House / apartment,-18192,-542,Managers,2,3,0
5036492,0.0,C,M,Y,N,1,157500.0,Working,Secondary / secondary special,Married,House / apartment,-12266,-3372,Drivers,3,2,1
5036496,0.0,C,M,N,N,1,202500.0,Commercial associate,Higher education,Married,House / apartment,-15970,-1273,Managers,3,3,1
5036498,0.0,0,M,Y,N,0,540000.0,Commercial associate,Incomplete higher,Married,House / apartment,-14342,-1365,Managers,2,3,2
5036499,0.0,0,F,Y,N,0,225000.0,Commercial associate,Secondary / secondary special,Married,House / apartment,-14594,-2673,Accountants,2,1,0
5036501,0.0,C,M,N,N,2,315000.0,Commercial associate,Higher education,Married,House / apartment,-16426,-269,Managers,4,3,1
5036504,0.0,0,F,Y,N,0,112500.0,Working,Higher education,Civil marriage,House / apartment,-11721,-177,Accountants,2,1,0
5036511,0.0,X,F,Y,N,0,270000.0,Working,Incomplete higher,Single / not married,With parents,-9690,-2765,Managers,1,1,0
5036513,0.0,0,F,Y,N,0,247500.0,Commercial associate,Higher education,Separated,House / apartment,-20471,-9094,Accountants,1,3,2
5036515,0.0,0,M,Y,N,2,450000.0,Commercial associate,Secondary / secondary special,Married,House / apartment,-13045,-1212,Managers,4,1,2
5036517,0.0,C,F,N,N,4,171000.0,State servant,Secondary / secondary special,Married,House / apartment,-12277,-1942,Laborers,6,2,1
5036520,0.0,0,F,N,N,0,180000.0,Commercial associate,Higher education,Married,House / apartment,-11202,-2946,Core staff,2,3,0
5036523,0.0,C,M,N,N,0,180000.0,State servant,Secondary / secondary special,Married,Office apartment,-10374,-1455,Managers,2,0,0
5036525,0.0,0,F,N,N,0,117000.0,Working,Secondary / secondary special,Married,House / apartment,-20687,-4438,Sales staff,2,4,0
5036526,0.0,X,F,N,N,0,117000.0,Working,Secondary / secondary special,Married,House / apartment,-20687,-4438,Sales staff,2,4,0
5036527,0.0,X,M,Y,N,1,135000.0,Working,Higher education,Married,House / apartment,-10016,-938,Laborers,3,0,1
5036530,0.0,C,M,Y,N,3,225000.0,Working,Higher education,Married,House / apartment,-13909,-328,High skill tech staff,5,0,1
5036534,0.0,0,M,Y,N,0,202500.0,Working,Secondary / secondary special,Married,House / apartment,-22909,-2581,Drivers,2,2,0
5036538,0.0,X,F,N,N,0,216000.0,State servant,Secondary / secondary special,Separated,House / apartment,-11207,-2642,Core staff,1,1,0
5036539,0.0,X,F,N,N,0,157500.0,Commercial associate,Incomplete higher,Married,House / apartment,-20405,-5045,High skill tech staff,2,1,0
5036540,0.0,X,F,N,N,1,117000.0,Working,Higher education,Married,House / apartment,-12207,-4195,Core staff,3,1,1
5036541,0.0,C,M,Y,N,0,85500.0,Working,Secondary / secondary special,Married,House / apartment,-19523,-1850,Security staff,2,2,0
5036544,0.0,C,M,Y,N,0,180000.0,Working,Secondary / secondary special,Married,House / apartment,-12841,-968,Drivers,2,2,0
5036552,0.0,C,F,N,N,0,90000.0,Working,Secondary / secondary special,Single / not married,House / apartment,-10940,-512,Sales staff,1,4,0
5036557,0.0,0,F,N,N,1,72000.0,State servant,Secondary / secondary special,Married,House / apartment,-14814,-3342,Managers,3,1,1
5036558,0.0,X,F,N,N,1,157500.0,Working,Secondary / secondary special,Married,House / apartment,-9529,-999,Laborers,3,4,1
5036567,0.0,0,F,N,N,0,315000.0,Commercial associate,Secondary / secondary special,Married,House / apartment,-13817,-2215,Laborers,2,1,2
5036570,0.0,X,M,N,N,0,225000.0,Working,Secondary / secondary special,Married,House / apartment,-15174,-1516,Sales staff,2,4,0
5036572,0.0,X,M,Y,N,0,360000.0,Working,Higher education,Single / not married,House / apartment,-17090,-1455,Managers,1,0,2
5036574,0.0,C,F,N,N,1,112500.0,Working,Secondary / secondary special,Married,House / apartment,-10520,-542,Sales staff,3,2,1
5036575,0.0,C,M,Y,N,0,202500.0,Commercial associate,Secondary / secondary special,Married,House / apartment,-17374,-3495,Managers,2,0,0
5036580,0.0,0,F,N,Y,2,81000.0,Working,Higher education,Married,House / apartment,-10947,-2605,Core staff,4,1,1
5036585,0.0,0,M,Y,Y,0,202500.0,Working,Secondary / secondary special,Single / not married,House / apartment,-13443,-2520,Managers,1,4,0
5111165,0.0,X,M,Y,Y,0,202500.0,Working,Secondary / secondary special,Single / not married,House / apartment,-13443,-2520,Managers,1,2,0
5111166,0.0,0,M,Y,Y,0,202500.0,Working,Secondary / secondary special,Single / not married,House / apartment,-13443,-2520,Managers,1,4,0
5036586,0.0,X,M,N,N,0,166500.0,Working,Secondary / secondary special,Single / not married,With parents,-8668,-321,Sales staff,1,4,0
5036592,0.0,X,F,N,N,0,135000.0,Working,Secondary / secondary special,Single / not married,With parents,-12850,-992,Private service staff,1,4,0
5036593,0.0,C,M,Y,Y,2,90000.0,Working,Secondary / secondary special,Married,House / apartment,-12285,-352,Drivers,4,2,1
5036595,0.0,0,F,N,Y,0,157500.0,State servant,Secondary / secondary special,Married,House / apartment,-18936,-9240,Laborers,2,4,0
5036599,0.0,C,M,N,Y,1,126000.0,Commercial associate,Secondary / secondary special,Married,House / apartment,-14323,-686,Security staff,3,0,1
5036607,0.0,C,M,Y,N,2,225000.0,Working,Secondary / secondary special,Married,House / apartment,-15083,-2939,Drivers,4,2,1
5036609,0.0,C,F,N,Y,0,279000.0,Working,Secondary / secondary special,Married,Rented apartment,-16529,-3822,Sales staff,2,2,0
5036610,0.0,C,M,Y,Y,0,157500.0,Working,Higher education,Married,With parents,-11091,-846,Accountants,2,0,0
5111111,0.0,0,M,Y,Y,0,157500.0,Working,Higher education,Married,With parents,-11091,-846,Accountants,2,0,0
5111114,0.0,X,M,Y,Y,0,157500.0,Working,Higher education,Married,With parents,-11091,-846,Accountants,2,0,0
5111115,0.0,C,M,Y,Y,0,157500.0,Working,Higher education,Married,With parents,-11091,-846,Accountants,2,0,0
5036613,0.0,0,F,N,Y,2,81000.0,Working,Secondary / secondary special,Married,House / apartment,-13333,-109,Laborers,4,4,1
5036614,0.0,0,M,N,N,0,270000.0,Working,Secondary / secondary special,Married,Municipal apartment,-12227,-2970,Laborers,2,4,0
5036615,0.0,C,F,N,Y,1,135000.0,Commercial associate,Secondary / secondary special,Married,House / apartment,-15824,-3883,Laborers,3,1,1
5036619,0.0,C,M,N,Y,0,180000.0,Working,Secondary / secondary special,Married,House / apartment,-11908,-596,Laborers,2,2,0
5036621,0.0,0,F,Y,Y,0,157500.0,State servant,Incomplete higher,Married,House / apartment,-17432,-7687,High skill tech staff,2,1,0
5036625,0.0,X,M,N,N,1,135000.0,Working,Secondary / secondary special,Married,House / apartment,-14999,-321,Drivers,3,2,1
5036626,0.0,0,M,N,N,1,135000.0,Working,Secondary / secondary special,Married,House / apartment,-14999,-321,Drivers,3,4,1
5036627,0.0,C,M,N,N,1,135000.0,Working,Secondary / secondary special,Married,House / apartment,-14999,-321,Drivers,3,2,1
5036630,0.0,X,M,Y,Y,0,405000.0,Working,Secondary / secondary special,Single / not married,House / apartment,-11918,-290,Drivers,1,2,2
5036631,0.0,0,F,N,Y,1,121500.0,State servant,Higher education,Separated,House / apartment,-13877,-968,Medicine staff,2,1,0
5036633,0.0,X,M,Y,Y,0,184500.0,Commercial associate,Secondary / secondary special,Civil marriage,House / apartment,-9646,-3099,Drivers,2,1,0
5036644,0.0,C,F,Y,N,0,135000.0,Commercial associate,Secondary / secondary special,Married,House / apartment,-10317,-2178,Core staff,2,0,0
5036645,0.0,C,M,Y,N,0,202500.0,Working,Incomplete higher,Married,With parents,-12596,-2399,Drivers,2,0,0
5036647,0.0,C,F,N,N,0,202500.0,Commercial associate,Higher education,Married,House / apartment,-11328,-3761,High skill tech staff,2,3,0
5036648,0.0,C,F,N,N,0,202500.0,Commercial associate,Higher education,Married,House / apartment,-11328,-3761,High skill tech staff,2,3,0
5036657,0.0,C,F,N,Y,1,81000.0,State servant,Secondary / secondary special,Married,House / apartment,-15651,-7513,Core staff,3,1,1
5036662,0.0,X,F,N,N,0,74061.0,Commercial associate,Secondary / secondary special,Single / not married,House / apartment,-8963,-231,Sales staff,1,1,0
5036676,0.0,C,F,N,N,1,180000.0,Working,Higher education,Single / not married,House / apartment,-12534,-1181,Sales staff,2,0,0
5036677,0.0,C,F,N,Y,0,121500.0,Commercial associate,Secondary / secondary special,Married,House / apartment,-17960,-1789,Sales staff,2,1,0
5036679,0.0,X,F,N,Y,0,121500.0,Commercial associate,Secondary / secondary special,Married,House / apartment,-17960,-1789,Sales staff,2,1,0
5036681,0.0,C,M,Y,N,1,103500.0,State servant,Secondary / secondary special,Married,Office apartment,-8871,-1417,Core staff,3,0,1
5036684,0.0,C,M,Y,Y,0,270000.0,Working,Secondary / secondary special,Married,House / apartment,-18225,-6690,Managers,2,2,2
5036687,0.0,C,M,N,Y,1,202500.0,Commercial associate,Secondary / secondary special,Married,House / apartment,-11105,-3000,High skill tech staff,3,0,1
5036688,0.0,C,M,N,Y,1,202500.0,Commercial associate,Secondary / secondary special,Married,House / apartment,-11105,-3000,High skill tech staff,3,0,1
5036690,0.0,X,F,N,Y,1,67500.0,Working,Higher education,Married,House / apartment,-13212,-888,Sales staff,3,1,1
5036691,0.0,X,F,N,Y,1,67500.0,Working,Higher education,Married,House / apartment,-13212,-888,Sales staff,3,1,1
5036694,0.0,0,F,N,Y,0,180000.0,Working,Secondary / secondary special,Single / not married,House / apartment,-18439,-11176,Core staff,1,4,0
5036695,0.0,C,F,N,N,0,112500.0,Working,Secondary / secondary special,Single / not married,House / apartment,-9915,-250,Laborers,1,4,0
5036697,0.0,0,F,N,Y,0,112500.0,Working,Secondary / secondary special,Married,House / apartment,-17104,-9320,High skill tech staff,2,4,0
5036699,0.0,C,M,N,Y,0,225000.0,Commercial associate,Secondary / secondary special,Married,House / apartment,-20630,-219,Drivers,2,0,0
5036702,0.0,X,F,N,Y,1,180000.0,Commercial associate,Higher education,Married,House / apartment,-15646,-6094,Core staff,3,3,1
5036704,0.0,0,F,Y,Y,0,157500.0,Working,Secondary / secondary special,Civil marriage,House / apartment,-11736,-219,Accountants,2,4,0
5036708,0.0,C,M,Y,Y,0,180000.0,Working,Secondary / secondary special,Married,House / apartment,-16942,-1680,Laborers,2,2,0
5036710,0.0,C,M,N,Y,0,270000.0,Commercial associate,Secondary / secondary special,Married,House / apartment,-15857,-4633,Laborers,2,2,2
5036711,0.0,C,M,N,Y,0,270000.0,Commercial associate,Secondary / secondary special,Married,House / apartment,-15857,-4633,Laborers,2,2,2
5146374,0.0,C,M,N,Y,0,270000.0,Commercial associate,Secondary / secondary special,Married,House / apartment,-15857,-4633,Laborers,2,2,2
5146375,0.0,0,M,N,Y,0,270000.0,Commercial associate,Secondary / secondary special,Married,House / apartment,-15857,-4633,Laborers,2,1,2
5146376,0.0,C,M,N,Y,0,270000.0,Commercial associate,Secondary / secondary special,Married,House / apartment,-15857,-4633,Laborers,2,2,2
5036715,0.0,0,M,N,Y,1,225000.0,Commercial associate,Secondary / secondary special,Married,House / apartment,-9865,-827,Laborers,3,1,1
5036721,0.0,0,F,N,Y,0,67500.0,State servant,Secondary / secondary special,Married,Municipal apartment,-15161,-7190,Core staff,2,1,0
5140183,0.0,C,F,N,Y,0,67500.0,State servant,Secondary / secondary special,Married,Municipal apartment,-15161,-7190,Core staff,2,1,0
5036724,0.0,C,F,Y,Y,2,117000.0,Working,Secondary / secondary special,Married,House / apartment,-13173,-4967,Laborers,4,2,1
5036726,0.0,C,F,Y,Y,2,117000.0,Working,Secondary / secondary special,Married,House / apartment,-13173,-4967,Laborers,4,2,1
5036728,0.0,C,M,Y,Y,0,126000.0,Working,Secondary / secondary special,Married,House / apartment,-10744,-735,Drivers,2,2,0
5036732,0.0,X,M,Y,Y,2,225000.0,Commercial associate,Secondary / secondary special,Married,House / apartment,-15290,-1405,Laborers,4,2,1
5036735,0.0,C,M,Y,Y,2,225000.0,Commercial associate,Secondary / secondary special,Married,House / apartment,-15290,-1405,Laborers,4,0,1
5036737,0.0,X,F,N,Y,2,225000.0,Working,Incomplete higher,Civil marriage,House / apartment,-13597,-554,Managers,4,1,1
5036739,0.0,X,F,N,N,0,90000.0,Commercial associate,Secondary / secondary special,Separated,House / apartment,-20036,-66,High skill tech staff,1,1,0
5036742,0.0,C,F,N,Y,0,135000.0,Working,Secondary / secondary special,Married,House / apartment,-19817,-3111,Laborers,2,2,0
5036743,0.0,C,F,N,Y,0,225000.0,Commercial associate,Secondary / secondary special,Married,House / apartment,-14529,-2807,Sales staff,2,1,0
5146478,0.0,0,F,N,Y,0,90000.0,Commercial associate,Secondary / secondary special,Married,House / apartment,-18744,-3141,Laborers,2,1,0
5146479,0.0,0,F,N,Y,0,90000.0,Commercial associate,Secondary / secondary special,Married,House / apartment,-18744,-3141,Laborers,2,1,0
5146482,0.0,C,F,N,Y,0,90000.0,Commercial associate,Secondary / secondary special,Married,House / apartment,-18744,-3141,Laborers,2,1,0
5146484,0.0,C,F,N,Y,0,90000.0,Commercial associate,Secondary / secondary special,Married,House / apartment,-18744,-3141,Laborers,2,1,0
5036751,0.0,C,F,Y,N,1,67500.0,State servant,Secondary / secondary special,Married,House / apartment,-15151,-1162,Core staff,3,0,1
5146530,0.0,C,F,Y,N,1,67500.0,State servant,Secondary / secondary special,Married,House / apartment,-15151,-1162,Core staff,3,0,1
5146534,0.0,0,F,Y,N,1,67500.0,State servant,Secondary / secondary special,Married,House / apartment,-15151,-1162,Core staff,3,1,1
5146535,0.0,0,F,Y,N,1,67500.0,State servant,Secondary / secondary special,Married,House / apartment,-15151,-1162,Core staff,3,1,1
5036754,0.0,0,F,Y,N,0,103500.0,Working,Secondary / secondary special,Married,House / apartment,-20292,-980,Laborers,2,4,0
5139350,0.0,X,F,Y,N,0,103500.0,Working,Secondary / secondary special,Married,House / apartment,-20292,-980,Laborers,2,2,0
5036756,0.0,C,F,N,Y,0,175500.0,Commercial associate,Higher education,Married,House / apartment,-15248,-2227,Managers,2,3,0
5036757,0.0,X,F,N,Y,0,175500.0,Commercial associate,Higher education,Married,House / apartment,-15248,-2227,Managers,2,3,0
5150350,0.0,X,F,N,Y,0,175500.0,Commercial associate,Higher education,Married,House / apartment,-15248,-2227,Managers,2,3,0
5150353,0.0,C,F,N,Y,0,175500.0,Commercial associate,Higher education,Married,House / apartment,-15248,-2227,Managers,2,3,0
5150355,0.0,C,F,N,Y,0,175500.0,Commercial associate,Higher education,Married,House / apartment,-15248,-2227,Managers,2,3,0
5150356,0.0,0,F,N,Y,0,175500.0,Commercial associate,Higher education,Married,House / apartment,-15248,-2227,Managers,2,3,0
5150358,0.0,C,F,N,Y,0,175500.0,Commercial associate,Higher education,Married,House / apartment,-15248,-2227,Managers,2,3,0
5150361,0.0,C,F,N,Y,0,175500.0,Commercial associate,Higher education,Married,House / apartment,-15248,-2227,Managers,2,3,0
5150362,0.0,0,F,N,Y,0,175500.0,Commercial associate,Higher education,Married,House / apartment,-15248,-2227,Managers,2,3,0
5150363,0.0,0,F,N,Y,0,175500.0,Commercial associate,Higher education,Married,House / apartment,-15248,-2227,Managers,2,3,0
5036758,0.0,X,F,N,Y,1,135000.0,Commercial associate,Secondary / secondary special,Civil marriage,House / apartment,-15759,-4541,High skill tech staff,3,1,1
5036761,0.0,C,F,N,Y,0,90000.0,Commercial associate,Secondary / secondary special,Married,House / apartment,-10160,-1862,Sales staff,2,1,0
5036762,0.0,C,F,N,Y,0,153000.0,State servant,Higher education,Married,House / apartment,-12229,-1527,Managers,2,3,0
5036765,0.0,0,F,N,N,1,112500.0,Working,Secondary / secondary special,Married,House / apartment,-12834,-1224,Laborers,3,4,1
5036770,0.0,X,F,Y,Y,0,157500.0,Working,Higher education,Married,House / apartment,-14814,-2441,Laborers,2,0,0
5036780,0.0,X,M,Y,Y,0,270000.0,Working,Higher education,Married,House / apartment,-16917,-615,High skill tech staff,2,0,2
5036781,0.0,0,M,Y,Y,1,168750.0,Commercial associate,Higher education,Married,House / apartment,-17646,-3323,Managers,3,3,1
5036785,0.0,C,M,N,Y,0,112500.0,Working,Secondary / secondary special,Married,House / apartment,-15754,-219,HR staff,2,2,0
5036788,0.0,C,F,Y,Y,0,225000.0,Commercial associate,Higher education,Married,House / apartment,-12437,-735,Accountants,2,3,0
5036792,0.0,0,F,N,Y,0,270000.0,State servant,Higher education,Single / not married,House / apartment,-16959,-340,High skill tech staff,1,1,0
5036796,0.0,C,M,Y,N,1,225000.0,Commercial associate,Secondary / secondary special,Married,House / apartment,-16737,-2410,Managers,3,0,1
5036797,0.0,C,M,Y,N,1,225000.0,Commercial associate,Secondary / secondary special,Married,House / apartment,-16737,-2410,Managers,3,0,1
5146081,0.0,X,M,N,N,0,148500.0,Working,Secondary / secondary special,Single / not married,Municipal apartment,-14122,-1193,Laborers,1,4,0
5146082,0.0,1,M,N,N,0,148500.0,Working,Secondary / secondary special,Single / not married,Municipal apartment,-14122,-1193,Laborers,1,1,0
5146083,0.0,0,M,N,N,0,148500.0,Working,Secondary / secondary special,Single / not married,Municipal apartment,-14122,-1193,Laborers,1,4,0
5146084,0.0,X,M,N,N,0,148500.0,Working,Secondary / secondary special,Single / not married,Municipal apartment,-14122,-1193,Laborers,1,4,0
5146085,0.0,0,M,N,N,0,148500.0,Working,Secondary / secondary special,Single / not married,Municipal apartment,-14122,-1193,Laborers,1,4,0
5146086,0.0,C,M,N,N,0,148500.0,Working,Secondary / secondary special,Single / not married,Municipal apartment,-14122,-1193,Laborers,1,2,0
5146087,0.0,0,M,N,N,0,148500.0,Working,Secondary / secondary special,Single / not married,Municipal apartment,-14122,-1193,Laborers,1,4,0
5146485,0.0,C,M,Y,Y,2,472500.0,Commercial associate,Higher education,Married,House / apartment,-17844,-2045,Managers,4,0,2
5146488,0.0,0,M,Y,Y,2,472500.0,Commercial associate,Higher education,Married,House / apartment,-17844,-2045,Managers,4,3,2
5036815,0.0,C,F,N,Y,1,157500.0,Working,Secondary / secondary special,Civil marriage,House / apartment,-14443,-2866,Sales staff,3,4,1
5036816,0.0,0,F,Y,Y,0,450000.0,Commercial associate,Higher education,Married,House / apartment,-15271,-2470,Managers,2,3,2
5036822,0.0,X,F,N,N,0,112500.0,Working,Incomplete higher,Single / not married,With parents,-11413,-250,Core staff,1,1,0
5036827,0.0,C,F,N,Y,0,112500.0,Working,Secondary / secondary special,Married,House / apartment,-10659,-1892,Core staff,2,2,0
5036828,0.0,0,F,N,Y,0,180000.0,Working,Higher education,Married,House / apartment,-19207,-4327,Sales staff,2,1,0
5036830,0.0,C,F,Y,Y,0,175500.0,Working,Secondary / secondary special,Married,House / apartment,-18053,-3141,Sales staff,2,2,0
5036831,0.0,C,F,Y,Y,0,175500.0,Working,Secondary / secondary special,Married,House / apartment,-18053,-3141,Sales staff,2,2,0
5146095,0.0,C,F,Y,Y,0,175500.0,Working,Secondary / secondary special,Married,House / apartment,-18053,-3141,Sales staff,2,2,0
5146096,0.0,C,F,Y,Y,0,175500.0,Working,Secondary / secondary special,Married,House / apartment,-18053,-3141,Sales staff,2,2,0
5146097,0.0,X,F,Y,Y,0,175500.0,Working,Secondary / secondary special,Married,House / apartment,-18053,-3141,Sales staff,2,4,0
5146098,0.0,C,F,Y,Y,0,175500.0,Working,Secondary / secondary special,Married,House / apartment,-18053,-3141,Sales staff,2,2,0
5146099,0.0,X,F,Y,Y,0,175500.0,Working,Secondary / secondary special,Married,House / apartment,-18053,-3141,Sales staff,2,4,0
5146100,0.0,C,F,Y,Y,0,175500.0,Working,Secondary / secondary special,Married,House / apartment,-18053,-3141,Sales staff,2,2,0
5146101,0.0,C,F,Y,Y,0,175500.0,Working,Secondary / secondary special,Married,House / apartment,-18053,-3141,Sales staff,2,2,0
5146102,0.0,C,F,Y,Y,0,175500.0,Working,Secondary / secondary special,Married,House / apartment,-18053,-3141,Sales staff,2,2,0
5146103,0.0,X,F,Y,Y,0,175500.0,Working,Secondary / secondary special,Married,House / apartment,-18053,-3141,Sales staff,2,4,0
5146105,0.0,C,F,Y,Y,0,175500.0,Working,Secondary / secondary special,Married,House / apartment,-18053,-3141,Sales staff,2,2,0
5036834,0.0,C,F,N,Y,0,180000.0,State servant,Secondary / secondary special,Married,House / apartment,-16555,-2045,Laborers,2,2,0
5146272,0.0,C,F,N,Y,0,180000.0,State servant,Secondary / secondary special,Married,House / apartment,-16555,-2045,Laborers,2,2,0
5146273,0.0,C,F,N,Y,0,180000.0,State servant,Secondary / secondary special,Married,House / apartment,-16555,-2045,Laborers,2,2,0
5036836,0.0,X,F,N,Y,1,247500.0,Commercial associate,Higher education,Married,House / apartment,-13556,-4296,Managers,3,3,1
5139354,0.0,X,F,N,Y,1,247500.0,Commercial associate,Higher education,Married,House / apartment,-13556,-4296,Managers,3,3,1
5036837,0.0,C,F,Y,Y,0,202500.0,Working,Secondary / secondary special,Married,House / apartment,-18744,-2988,Private service staff,2,2,0
5139355,0.0,C,F,Y,Y,0,202500.0,Working,Secondary / secondary special,Married,House / apartment,-18744,-2988,Private service staff,2,2,0
5139356,0.0,C,F,Y,Y,0,202500.0,Working,Secondary / secondary special,Married,House / apartment,-18744,-2988,Private service staff,2,2,0
5139357,0.0,0,F,Y,Y,0,202500.0,Working,Secondary / secondary special,Married,House / apartment,-18744,-2988,Private service staff,2,4,0
5139358,0.0,C,F,Y,Y,0,202500.0,Working,Secondary / secondary special,Married,House / apartment,-18744,-2988,Private service staff,2,2,0
5036839,0.0,C,F,N,Y,0,157500.0,Working,Secondary / secondary special,Separated,House / apartment,-14172,-3931,Laborers,1,2,0
5139793,0.0,C,F,N,Y,0,157500.0,Working,Secondary / secondary special,Separated,House / apartment,-14172,-3931,Laborers,1,2,0
5139797,0.0,X,F,N,Y,0,157500.0,Working,Secondary / secondary special,Separated,House / apartment,-14172,-3931,Laborers,1,4,0
5139798,0.0,0,F,N,Y,0,157500.0,Working,Secondary / secondary special,Separated,House / apartment,-14172,-3931,Laborers,1,4,0
5036846,0.0,X,F,Y,Y,0,315000.0,State servant,Secondary / secondary special,Civil marriage,House / apartment,-14092,-3780,Drivers,2,1,2
5036847,0.0,X,F,Y,Y,0,315000.0,State servant,Secondary / secondary special,Civil marriage,House / apartment,-14092,-3780,Drivers,2,1,2
5036848,0.0,0,F,N,Y,1,135000.0,Working,Secondary / secondary special,Civil marriage,House / apartment,-13465,-1101,Laborers,3,4,1
5036851,0.0,C,F,N,Y,1,256500.0,State servant,Higher education,Married,House / apartment,-17594,-1315,Managers,3,3,1
5036879,0.0,C,F,N,Y,1,256500.0,State servant,Higher education,Married,House / apartment,-17594,-1315,Managers,3,3,1
5145841,0.0,0,F,N,Y,1,256500.0,State servant,Higher education,Married,House / apartment,-17594,-1315,Managers,3,3,1
5145844,0.0,0,F,N,Y,1,256500.0,State servant,Higher education,Married,House / apartment,-17594,-1315,Managers,3,3,1
5145845,0.0,C,F,N,Y,1,256500.0,State servant,Higher education,Married,House / apartment,-17594,-1315,Managers,3,3,1
5145847,0.0,C,F,N,Y,1,256500.0,State servant,Higher education,Married,House / apartment,-17594,-1315,Managers,3,3,1
5146279,0.0,X,F,N,Y,0,180000.0,State servant,Secondary / secondary special,Civil marriage,House / apartment,-16091,-7371,Core staff,2,1,0
5146280,0.0,C,F,N,Y,0,180000.0,State servant,Secondary / secondary special,Civil marriage,House / apartment,-16091,-7371,Core staff,2,1,0
5146283,0.0,C,F,N,Y,0,180000.0,State servant,Secondary / secondary special,Civil marriage,House / apartment,-16091,-7371,Core staff,2,1,0
5146284,0.0,X,F,N,Y,0,180000.0,State servant,Secondary / secondary special,Civil marriage,House / apartment,-16091,-7371,Core staff,2,1,0
5146285,0.0,0,F,N,Y,0,180000.0,State servant,Secondary / secondary special,Civil marriage,House / apartment,-16091,-7371,Core staff,2,1,0
5146291,0.0,C,F,N,Y,0,180000.0,State servant,Secondary / secondary special,Civil marriage,House / apartment,-16091,-7371,Core staff,2,1,0
5146292,0.0,0,F,N,Y,0,180000.0,State servant,Secondary / secondary special,Civil marriage,House / apartment,-16091,-7371,Core staff,2,1,0
5036853,0.0,C,F,Y,Y,0,247500.0,Commercial associate,Secondary / secondary special,Married,House / apartment,-16098,-4449,Laborers,2,0,0
5036854,0.0,C,F,Y,Y,0,247500.0,Commercial associate,Secondary / secondary special,Married,House / apartment,-16098,-4449,Laborers,2,0,0
5036855,0.0,C,F,N,N,0,112500.0,State servant,Secondary / secondary special,Separated,House / apartment,-17567,-1374,Cleaning staff,1,1,0
5036857,0.0,0,F,N,Y,0,121500.0,Working,Secondary / secondary special,Civil marriage,House / apartment,-18513,-8163,High skill tech staff,2,4,0
5139364,0.0,X,F,N,Y,0,121500.0,Working,Secondary / secondary special,Civil marriage,House / apartment,-18513,-8163,High skill tech staff,2,4,0
5139365,0.0,0,F,N,Y,0,121500.0,Working,Secondary / secondary special,Civil marriage,House / apartment,-18513,-8163,High skill tech staff,2,4,0
5139367,0.0,0,F,N,Y,0,121500.0,Working,Secondary / secondary special,Civil marriage,House / apartment,-18513,-8163,High skill tech staff,2,4,0
5139370,0.0,0,F,N,Y,0,121500.0,Working,Secondary / secondary special,Civil marriage,House / apartment,-18513,-8163,High skill tech staff,2,4,0
5139371,0.0,0,F,N,Y,0,121500.0,Working,Secondary / secondary special,Civil marriage,House / apartment,-18513,-8163,High skill tech staff,2,4,0
5139372,0.0,0,F,N,Y,0,121500.0,Working,Secondary / secondary special,Civil marriage,House / apartment,-18513,-8163,High skill tech staff,2,4,0
5036859,0.0,C,F,N,Y,2,157500.0,Commercial associate,Secondary / secondary special,Married,House / apartment,-13379,-1862,Medicine staff,4,1,1
5036860,0.0,C,M,N,Y,0,67500.0,Working,Secondary / secondary special,Married,House / apartment,-19832,-554,Low-skill Laborers,2,2,0
5036861,0.0,C,F,Y,Y,0,139500.0,Working,Incomplete higher,Married,House / apartment,-14587,-7098,Medicine staff,2,0,0
5036862,0.0,C,F,Y,Y,0,139500.0,Working,Incomplete higher,Married,House / apartment,-14587,-7098,Medicine staff,2,0,0
5150229,0.0,0,F,Y,Y,0,139500.0,Working,Incomplete higher,Married,House / apartment,-14587,-7098,Medicine staff,2,1,0
5150230,0.0,C,F,Y,Y,0,139500.0,Working,Incomplete higher,Married,House / apartment,-14587,-7098,Medicine staff,2,0,0
5150233,0.0,0,F,N,N,1,202500.0,State servant,Higher education,Separated,House / apartment,-13192,-3841,Core staff,2,3,0
5150234,0.0,C,F,N,N,1,202500.0,State servant,Higher education,Separated,House / apartment,-13192,-3841,Core staff,2,3,0
5150235,0.0,X,F,N,N,1,202500.0,State servant,Higher education,Separated,House / apartment,-13192,-3841,Core staff,2,3,0
5036880,0.0,C,F,N,Y,0,180000.0,Commercial associate,Higher education,Single / not married,House / apartment,-16395,-888,High skill tech staff,1,3,0
5145850,0.0,X,F,N,Y,0,180000.0,Commercial associate,Higher education,Single / not married,House / apartment,-16395,-888,High skill tech staff,1,3,0
5145851,0.0,0,F,N,Y,0,180000.0,Commercial associate,Higher education,Single / not married,House / apartment,-16395,-888,High skill tech staff,1,3,0
5145852,0.0,C,F,N,Y,0,180000.0,Commercial associate,Higher education,Single / not married,House / apartment,-16395,-888,High skill tech staff,1,3,0
5145853,0.0,1,F,N,Y,0,180000.0,Commercial associate,Higher education,Single / not married,House / apartment,-16395,-888,High skill tech staff,1,1,0
5036884,0.0,C,M,Y,Y,0,180000.0,Working,Secondary / secondary special,Married,House / apartment,-13052,-1009,High skill tech staff,2,2,0
5139608,0.0,C,M,N,Y,3,202500.0,Working,Secondary / secondary special,Married,House / apartment,-13702,-3565,Laborers,5,2,1
5139609,0.0,1,M,N,Y,3,202500.0,Working,Secondary / secondary special,Married,House / apartment,-13702,-3565,Laborers,5,1,0
5036895,0.0,X,F,N,Y,2,99000.0,Working,Secondary / secondary special,Separated,House / apartment,-12676,-643,Laborers,3,4,1
5036898,0.0,C,M,N,Y,1,90000.0,Working,Secondary / secondary special,Civil marriage,House / apartment,-14391,-1162,Sales staff,3,2,1
5036903,0.0,X,M,Y,N,0,202500.0,Working,Secondary / secondary special,Single / not married,With parents,-9802,-2319,Laborers,1,4,0
5036906,0.0,C,F,N,Y,0,112500.0,Working,Secondary / secondary special,Married,House / apartment,-18902,-219,Laborers,2,2,0
5036907,0.0,C,F,N,Y,0,112500.0,Working,Secondary / secondary special,Married,House / apartment,-18902,-219,Laborers,2,2,0
5036908,0.0,0,M,Y,Y,1,270000.0,Working,Higher education,Married,House / apartment,-17187,-4327,Managers,3,0,2
5036909,0.0,X,F,Y,Y,1,108000.0,Working,Secondary / secondary special,Married,House / apartment,-15379,-796,Core staff,3,4,1
5036915,0.0,C,F,N,N,0,225000.0,Working,Higher education,Married,House / apartment,-11969,-949,Accountants,2,0,0
5036921,0.0,C,F,N,Y,0,225000.0,State servant,Secondary / secondary special,Civil marriage,House / apartment,-23248,-8710,Laborers,2,4,0
5036924,0.0,1,F,Y,N,0,292500.0,Working,Secondary / secondary special,Civil marriage,With parents,-10082,-2015,Core staff,2,1,0
5036926,0.0,C,F,Y,Y,0,157500.0,Commercial associate,Secondary / secondary special,Married,House / apartment,-11907,-2988,Core staff,2,0,0
5036931,0.0,X,F,Y,Y,2,157500.0,Commercial associate,Incomplete higher,Married,House / apartment,-12671,-858,Managers,4,3,1
5036939,0.0,C,M,Y,Y,1,292500.0,Commercial associate,Higher education,Married,House / apartment,-11702,-1009,Core staff,3,0,2
5036943,0.0,X,F,N,Y,0,391500.0,Working,Secondary / secondary special,Single / not married,House / apartment,-13995,-5849,Managers,1,4,2
5036944,0.0,C,M,Y,Y,0,202500.0,Working,Secondary / secondary special,Civil marriage,House / apartment,-19252,-523,Drivers,2,2,0
5036945,0.0,C,M,Y,Y,0,202500.0,Working,Secondary / secondary special,Civil marriage,House / apartment,-19252,-523,Drivers,2,2,0
5036947,0.0,C,F,Y,Y,0,270000.0,Commercial associate,Secondary / secondary special,Married,House / apartment,-18382,-5454,Managers,2,0,2
5036948,0.0,C,F,Y,Y,0,270000.0,Commercial associate,Secondary / secondary special,Married,House / apartment,-18382,-5454,Managers,2,0,2
5036957,0.0,C,F,N,Y,1,202500.0,Working,Secondary / secondary special,Married,House / apartment,-16103,-3565,Core staff,3,2,1
5036958,0.0,C,M,Y,Y,1,135000.0,Working,Secondary / secondary special,Married,House / apartment,-12048,-1923,Laborers,3,2,1
5036960,0.0,C,M,N,Y,0,157500.0,Working,Secondary / secondary special,Married,House / apartment,-21825,-6671,Laborers,2,2,0
5036961,0.0,C,F,N,N,0,135000.0,Commercial associate,Secondary / secondary special,Married,Municipal apartment,-17991,-5607,Sales staff,2,1,0
5036963,0.0,0,F,N,Y,0,90000.0,Working,Secondary / secondary special,Married,House / apartment,-19151,-401,Medicine staff,2,4,0
5036968,0.0,0,M,Y,Y,0,270000.0,Working,Higher education,Married,House / apartment,-21991,-7706,Managers,2,0,2
5036969,0.0,C,M,Y,N,0,292500.0,Commercial associate,Secondary / secondary special,Married,House / apartment,-18762,-2196,Laborers,2,0,2
5036970,0.0,C,F,Y,Y,2,135000.0,State servant,Secondary / secondary special,Married,House / apartment,-14439,-6094,Core staff,4,0,1
5036971,0.0,0,F,Y,Y,2,135000.0,State servant,Secondary / secondary special,Married,House / apartment,-14439,-6094,Core staff,4,1,1
5036972,0.0,0,F,Y,Y,2,135000.0,State servant,Secondary / secondary special,Married,House / apartment,-14439,-6094,Core staff,4,1,1
5139406,0.0,C,F,Y,Y,2,135000.0,State servant,Secondary / secondary special,Married,House / apartment,-14439,-6094,Core staff,4,0,1
5139407,0.0,C,F,Y,Y,2,135000.0,State servant,Secondary / secondary special,Married,House / apartment,-14439,-6094,Core staff,4,0,1
5139412,0.0,0,F,Y,Y,2,135000.0,State servant,Secondary / secondary special,Married,House / apartment,-14439,-6094,Core staff,4,1,1
5139413,0.0,0,F,Y,Y,2,135000.0,State servant,Secondary / secondary special,Married,House / apartment,-14439,-6094,Core staff,4,1,1
5036974,0.0,X,F,N,Y,0,121500.0,Commercial associate,Secondary / secondary special,Married,Co-op apartment,-12017,-1711,Sales staff,2,1,0
5139648,0.0,X,F,N,Y,0,121500.0,Commercial associate,Secondary / secondary special,Married,Co-op apartment,-12017,-1711,Sales staff,2,1,0
5139649,0.0,X,F,N,Y,0,121500.0,Commercial associate,Secondary / secondary special,Married,Co-op apartment,-12017,-1711,Sales staff,2,1,0
5139651,0.0,X,F,N,Y,0,121500.0,Commercial associate,Secondary / secondary special,Married,Co-op apartment,-12017,-1711,Sales staff,2,1,0
5139652,0.0,X,F,N,Y,0,121500.0,Commercial associate,Secondary / secondary special,Married,Co-op apartment,-12017,-1711,Sales staff,2,1,0
5139653,0.0,X,F,N,Y,0,121500.0,Commercial associate,Secondary / secondary special,Married,Co-op apartment,-12017,-1711,Sales staff,2,1,0
5036980,0.0,C,M,Y,N,0,135000.0,Working,Secondary / secondary special,Single / not married,House / apartment,-9948,-401,Drivers,1,2,0
5036981,0.0,C,M,Y,N,0,135000.0,Working,Secondary / secondary special,Single / not married,House / apartment,-9948,-401,Drivers,1,2,0
5140093,0.0,C,M,Y,N,0,135000.0,Working,Secondary / secondary special,Single / not married,House / apartment,-9948,-401,Drivers,1,2,0
5140094,0.0,C,M,Y,N,0,135000.0,Working,Secondary / secondary special,Single / not married,House / apartment,-9948,-401,Drivers,1,2,0
5140095,0.0,C,M,Y,N,0,135000.0,Working,Secondary / secondary special,Single / not married,House / apartment,-9948,-401,Drivers,1,2,0
5036982,0.0,0,M,Y,Y,0,202500.0,Working,Secondary / secondary special,Civil marriage,House / apartment,-10886,-1315,Laborers,2,4,0
5150473,0.0,0,M,Y,Y,0,202500.0,Working,Secondary / secondary special,Civil marriage,House / apartment,-10886,-1315,Laborers,2,4,0
5150475,0.0,C,M,Y,Y,0,202500.0,Working,Secondary / secondary special,Civil marriage,House / apartment,-10886,-1315,Laborers,2,2,0
5150477,0.0,X,M,Y,Y,0,202500.0,Working,Secondary / secondary special,Civil marriage,House / apartment,-10886,-1315,Laborers,2,2,0
5150478,0.0,C,M,Y,Y,0,202500.0,Working,Secondary / secondary special,Civil marriage,House / apartment,-10886,-1315,Laborers,2,2,0
5036983,0.0,C,F,N,N,0,202500.0,Commercial associate,Higher education,Single / not married,House / apartment,-24611,-7736,Core staff,1,3,0
5036984,0.0,0,F,N,N,0,202500.0,Commercial associate,Higher education,Single / not married,House / apartment,-24611,-7736,Core staff,1,3,0
5036985,0.0,X,F,Y,Y,0,112500.0,Working,Secondary / secondary special,Married,Municipal apartment,-17081,-2776,Laborers,2,2,0
5036986,0.0,X,F,N,Y,0,202500.0,Working,Secondary / secondary special,Married,House / apartment,-11166,-3200,Secretaries,2,4,0
5036987,0.0,0,F,N,Y,1,135000.0,State servant,Secondary / secondary special,Married,House / apartment,-13604,-1497,Cooking staff,3,1,1
5036989,0.0,C,F,Y,Y,1,135000.0,Working,Secondary / secondary special,Single / not married,House / apartment,-13548,-949,Laborers,2,2,0
5036990,0.0,C,F,Y,Y,1,135000.0,Working,Secondary / secondary special,Single / not married,House / apartment,-13548,-949,Laborers,2,2,0
5036992,0.0,X,F,N,Y,0,121500.0,Working,Secondary / secondary special,Married,House / apartment,-21620,-158,Laborers,2,4,0
5036993,0.0,X,F,N,Y,0,121500.0,Working,Secondary / secondary special,Married,House / apartment,-21620,-158,Laborers,2,4,0
5036994,0.0,C,F,N,Y,2,135000.0,Commercial associate,Secondary / secondary special,Married,House / apartment,-12187,-1346,Realty agents,4,1,1
5036995,0.0,0,F,N,Y,2,135000.0,Commercial associate,Secondary / secondary special,Married,House / apartment,-12187,-1346,Realty agents,4,1,1
5037000,0.0,X,F,N,N,0,135000.0,Working,Secondary / secondary special,Married,House / apartment,-19003,-11785,Medicine staff,2,4,0
5037001,0.0,X,F,N,N,0,135000.0,Working,Secondary / secondary special,Married,House / apartment,-19003,-11785,Medicine staff,2,4,0
5037005,0.0,X,M,N,Y,1,135000.0,State servant,Higher education,Married,House / apartment,-13277,-2988,Managers,3,3,1
5037010,0.0,0,F,N,Y,0,135000.0,Working,Secondary / secondary special,Widow,House / apartment,-14394,-919,Managers,1,4,0
5146445,0.0,X,F,N,Y,0,135000.0,Working,Secondary / secondary special,Widow,House / apartment,-14394,-919,Managers,1,4,0
5146446,0.0,X,F,N,Y,0,135000.0,Working,Secondary / secondary special,Widow,House / apartment,-14394,-919,Managers,1,4,0
5146447,0.0,C,F,N,Y,0,135000.0,Working,Secondary / secondary special,Widow,House / apartment,-14394,-919,Managers,1,2,0
5037017,0.0,X,F,Y,Y,1,157500.0,Working,Secondary / secondary special,Married,House / apartment,-10808,-1739,Core staff,3,4,1
5150481,0.0,X,F,Y,Y,1,157500.0,Working,Secondary / secondary special,Married,House / apartment,-10808,-1739,Core staff,3,4,1
5150483,0.0,X,F,Y,Y,1,157500.0,Working,Secondary / secondary special,Married,House / apartment,-10808,-1739,Core staff,3,4,1
5150484,0.0,C,F,Y,Y,1,157500.0,Working,Secondary / secondary special,Married,House / apartment,-10808,-1739,Core staff,3,2,1
5150485,0.0,0,F,Y,Y,1,157500.0,Working,Secondary / secondary special,Married,House / apartment,-10808,-1739,Core staff,3,4,1
5037019,0.0,0,M,Y,N,0,202500.0,Working,Secondary / secondary special,Married,House / apartment,-19398,-2166,Drivers,2,2,0
5037020,0.0,0,M,Y,N,0,202500.0,Working,Secondary / secondary special,Married,House / apartment,-19398,-2166,Drivers,2,2,0
5150487,0.0,C,M,Y,N,0,202500.0,Working,Secondary / secondary special,Married,House / apartment,-19398,-2166,Drivers,2,2,0
5037021,0.0,C,F,Y,N,0,180000.0,State servant,Secondary / secondary special,Married,Municipal apartment,-21713,-3780,Core staff,2,0,0
5037032,0.0,X,F,N,Y,0,247500.0,Working,Secondary / secondary special,Married,House / apartment,-15560,-3688,Laborers,2,4,0
5037034,0.0,X,F,N,Y,2,166500.0,Commercial associate,Secondary / secondary special,Civil marriage,House / apartment,-12294,-4572,Laborers,4,1,1
5037041,0.0,0,F,Y,Y,0,162000.0,Commercial associate,Secondary / secondary special,Civil marriage,House / apartment,-18251,-3019,Managers,2,1,0
5146165,0.0,C,F,Y,Y,0,162000.0,Commercial associate,Secondary / secondary special,Civil marriage,House / apartment,-18251,-3019,Managers,2,0,0
5146166,0.0,X,F,Y,Y,0,162000.0,Commercial associate,Secondary / secondary special,Civil marriage,House / apartment,-18251,-3019,Managers,2,1,0
5037042,0.0,C,F,N,Y,0,180000.0,Commercial associate,Secondary / secondary special,Married,House / apartment,-17816,-1285,Medicine staff,2,1,0
5037043,0.0,0,F,N,Y,0,180000.0,Commercial associate,Secondary / secondary special,Married,House / apartment,-17816,-1285,Medicine staff,2,1,0
5146547,0.0,C,F,N,Y,0,180000.0,Commercial associate,Secondary / secondary special,Married,House / apartment,-17816,-1285,Medicine staff,2,1,0
5146548,0.0,C,F,N,Y,0,180000.0,Commercial associate,Secondary / secondary special,Married,House / apartment,-17816,-1285,Medicine staff,2,1,0
5146549,0.0,C,F,N,Y,0,180000.0,Commercial associate,Secondary / secondary special,Married,House / apartment,-17816,-1285,Medicine staff,2,1,0
5146550,0.0,C,F,N,Y,0,180000.0,Commercial associate,Secondary / secondary special,Married,House / apartment,-17816,-1285,Medicine staff,2,1,0
5146556,0.0,0,F,N,Y,0,180000.0,Commercial associate,Secondary / secondary special,Married,House / apartment,-17816,-1285,Medicine staff,2,1,0
5037046,0.0,C,M,Y,Y,0,135000.0,Working,Secondary / secondary special,Married,With parents,-16271,-3111,Core staff,2,2,0
5037047,0.0,C,M,Y,Y,0,135000.0,Working,Secondary / secondary special,Married,With parents,-16271,-3111,Core staff,2,2,0
5037048,0.0,0,M,Y,Y,0,135000.0,Working,Secondary / secondary special,Married,With parents,-16271,-3111,Core staff,2,4,0
5146574,0.0,C,M,Y,Y,0,135000.0,Working,Secondary / secondary special,Married,With parents,-16271,-3111,Core staff,2,2,0
5146576,0.0,C,M,Y,Y,0,135000.0,Working,Secondary / secondary special,Married,With parents,-16271,-3111,Core staff,2,2,0
5146577,0.0,X,M,Y,Y,0,135000.0,Working,Secondary / secondary special,Married,With parents,-16271,-3111,Core staff,2,2,0
5146579,0.0,X,M,Y,Y,0,135000.0,Working,Secondary / secondary special,Married,With parents,-16271,-3111,Core staff,2,2,0
5146580,0.0,C,M,Y,Y,0,135000.0,Working,Secondary / secondary special,Married,With parents,-16271,-3111,Core staff,2,2,0
5146581,0.0,C,M,Y,Y,0,135000.0,Working,Secondary / secondary special,Married,With parents,-16271,-3111,Core staff,2,2,0
5146582,0.0,C,M,Y,Y,0,135000.0,Working,Secondary / secondary special,Married,With parents,-16271,-3111,Core staff,2,2,0
5146583,0.0,0,M,Y,Y,0,135000.0,Working,Secondary / secondary special,Married,With parents,-16271,-3111,Core staff,2,4,0
5146584,0.0,C,M,Y,Y,0,135000.0,Working,Secondary / secondary special,Married,With parents,-16271,-3111,Core staff,2,2,0
5037050,0.0,C,M,Y,N,1,180000.0,Working,Secondary / secondary special,Married,Rented apartment,-13261,-3596,Core staff,3,2,1
5037053,0.0,X,F,N,Y,0,112500.0,Working,Secondary / secondary special,Separated,House / apartment,-19583,-6579,High skill tech staff,1,4,0
5037054,0.0,0,M,Y,Y,0,265500.0,Working,Secondary / secondary special,Married,House / apartment,-15470,-6732,Drivers,2,2,2
5037063,0.0,C,F,N,Y,0,112500.0,State servant,Secondary / secondary special,Civil marriage,House / apartment,-18484,-6033,Medicine staff,2,1,0
5037064,0.0,C,F,N,Y,0,112500.0,State servant,Secondary / secondary special,Civil marriage,House / apartment,-18484,-6033,Medicine staff,2,1,0
5037065,0.0,C,F,N,Y,0,112500.0,State servant,Secondary / secondary special,Civil marriage,House / apartment,-18484,-6033,Medicine staff,2,1,0
5139886,0.0,0,F,N,Y,0,112500.0,State servant,Secondary / secondary special,Civil marriage,House / apartment,-18484,-6033,Medicine staff,2,1,0
5139891,0.0,C,F,N,Y,0,112500.0,State servant,Secondary / secondary special,Civil marriage,House / apartment,-18484,-6033,Medicine staff,2,1,0
5139892,0.0,C,F,N,Y,0,112500.0,State servant,Secondary / secondary special,Civil marriage,House / apartment,-18484,-6033,Medicine staff,2,1,0
5139893,0.0,0,F,N,Y,0,112500.0,State servant,Secondary / secondary special,Civil marriage,House / apartment,-18484,-6033,Medicine staff,2,1,0
5037080,0.0,0,F,N,Y,2,225000.0,Working,Higher education,Married,House / apartment,-13760,-370,Accountants,4,1,1
5146171,0.0,X,F,Y,Y,2,180000.0,Working,Higher education,Single / not married,Municipal apartment,-10433,-3019,Laborers,3,1,1
5146172,0.0,0,F,Y,Y,2,180000.0,Working,Higher education,Single / not married,Municipal apartment,-10433,-3019,Laborers,3,1,1
5146173,0.0,X,F,Y,Y,2,180000.0,Working,Higher education,Single / not married,Municipal apartment,-10433,-3019,Laborers,3,1,1
5146174,0.0,C,F,Y,Y,2,180000.0,Working,Higher education,Single / not married,Municipal apartment,-10433,-3019,Laborers,3,0,1
5146175,0.0,X,F,Y,Y,2,180000.0,Working,Higher education,Single / not married,Municipal apartment,-10433,-3019,Laborers,3,1,1
5146176,0.0,X,F,Y,Y,2,180000.0,Working,Higher education,Single / not married,Municipal apartment,-10433,-3019,Laborers,3,1,1
5037091,0.0,0,M,N,Y,0,157500.0,Working,Secondary / secondary special,Married,House / apartment,-18867,-5819,Laborers,2,4,0
5037096,0.0,X,F,Y,Y,0,126000.0,Working,Secondary / secondary special,Single / not married,House / apartment,-18458,-2104,Core staff,1,4,0
5140119,0.0,0,F,Y,Y,0,126000.0,Working,Secondary / secondary special,Single / not married,House / apartment,-18458,-2104,Core staff,1,4,0
5140120,0.0,0,F,Y,Y,0,126000.0,Working,Secondary / secondary special,Single / not married,House / apartment,-18458,-2104,Core staff,1,4,0
5140122,0.0,0,F,Y,Y,0,126000.0,Working,Secondary / secondary special,Single / not married,House / apartment,-18458,-2104,Core staff,1,4,0
5140123,0.0,C,F,Y,Y,0,126000.0,Working,Secondary / secondary special,Single / not married,House / apartment,-18458,-2104,Core staff,1,2,0
5140125,0.0,C,F,Y,Y,0,126000.0,Working,Secondary / secondary special,Single / not married,House / apartment,-18458,-2104,Core staff,1,2,0
5140126,0.0,0,F,Y,Y,0,126000.0,Working,Secondary / secondary special,Single / not married,House / apartment,-18458,-2104,Core staff,1,4,0
5140127,0.0,0,F,Y,Y,0,126000.0,Working,Secondary / secondary special,Single / not married,House / apartment,-18458,-2104,Core staff,1,4,0
5140128,0.0,0,F,Y,Y,0,126000.0,Working,Secondary / secondary special,Single / not married,House / apartment,-18458,-2104,Core staff,1,4,0
5037101,0.0,X,M,Y,Y,2,270000.0,Commercial associate,Secondary / secondary special,Married,House / apartment,-16415,-219,Laborers,4,2,1
5037103,0.0,0,F,N,Y,0,193500.0,Working,Higher education,Married,House / apartment,-21029,-7280,High skill tech staff,2,1,0
5037105,0.0,X,F,N,Y,0,193500.0,Working,Higher education,Married,House / apartment,-21029,-7280,High skill tech staff,2,1,0
5145900,0.0,X,F,N,Y,0,193500.0,Working,Higher education,Married,House / apartment,-21029,-7280,High skill tech staff,2,1,0
5145904,0.0,X,F,N,Y,0,193500.0,Working,Higher education,Married,House / apartment,-21029,-7280,High skill tech staff,2,1,0
5145905,0.0,C,F,N,Y,0,193500.0,Working,Higher education,Married,House / apartment,-21029,-7280,High skill tech staff,2,0,0
5145906,0.0,X,F,N,Y,0,193500.0,Working,Higher education,Married,House / apartment,-21029,-7280,High skill tech staff,2,1,0
5145907,0.0,0,F,N,Y,0,193500.0,Working,Higher education,Married,House / apartment,-21029,-7280,High skill tech staff,2,1,0
5145908,0.0,X,F,N,Y,0,193500.0,Working,Higher education,Married,House / apartment,-21029,-7280,High skill tech staff,2,1,0
5037107,0.0,X,F,N,N,1,405000.0,Working,Higher education,Married,With parents,-17754,-2593,Managers,3,1,2
5145912,0.0,X,F,N,N,1,405000.0,Working,Higher education,Married,With parents,-17754,-2593,Managers,3,1,2
5037109,0.0,X,M,N,N,0,202500.0,Working,Secondary / secondary special,Married,Municipal apartment,-18281,-3596,Laborers,2,4,0
5146179,0.0,X,M,N,N,0,202500.0,Working,Secondary / secondary special,Married,Municipal apartment,-18281,-3596,Laborers,2,4,0
5146182,0.0,X,M,N,N,0,202500.0,Working,Secondary / secondary special,Married,Municipal apartment,-18281,-3596,Laborers,2,4,0
5146186,0.0,X,M,N,N,0,202500.0,Working,Secondary / secondary special,Married,Municipal apartment,-18281,-3596,Laborers,2,4,0
5146187,0.0,X,M,N,N,0,202500.0,Working,Secondary / secondary special,Married,Municipal apartment,-18281,-3596,Laborers,2,4,0
5037113,0.0,C,M,Y,Y,1,225000.0,Working,Secondary / secondary special,Married,House / apartment,-12985,-858,Sales staff,3,2,1
5139963,0.0,C,M,Y,Y,1,157500.0,Working,Secondary / secondary special,Married,House / apartment,-10287,-1193,Laborers,3,2,1
5139964,0.0,C,M,Y,Y,1,157500.0,Working,Secondary / secondary special,Married,House / apartment,-10287,-1193,Laborers,3,2,1
5139965,0.0,C,M,Y,Y,1,157500.0,Working,Secondary / secondary special,Married,House / apartment,-10287,-1193,Laborers,3,2,1
5139966,0.0,0,M,Y,Y,1,157500.0,Working,Secondary / secondary special,Married,House / apartment,-10287,-1193,Laborers,3,2,1
5037124,0.0,C,F,N,Y,1,67500.0,Working,Secondary / secondary special,Civil marriage,House / apartment,-12101,-1009,Core staff,3,4,1
5139972,0.0,0,F,N,Y,1,67500.0,Working,Secondary / secondary special,Civil marriage,House / apartment,-12101,-1009,Core staff,3,4,1
5139973,0.0,X,F,N,Y,1,67500.0,Working,Secondary / secondary special,Civil marriage,House / apartment,-12101,-1009,Core staff,3,4,1
5139975,0.0,C,F,N,Y,1,67500.0,Working,Secondary / secondary special,Civil marriage,House / apartment,-12101,-1009,Core staff,3,4,1
5139976,0.0,C,F,N,Y,1,67500.0,Working,Secondary / secondary special,Civil marriage,House / apartment,-12101,-1009,Core staff,3,4,1
5037125,0.0,C,M,Y,N,0,180000.0,Working,Higher education,Married,With parents,-11664,-2227,Core staff,2,0,0
5037138,0.0,C,F,N,Y,0,238500.0,Working,Higher education,Married,House / apartment,-17001,-4967,Core staff,2,0,0
5037149,0.0,X,F,N,Y,1,112500.0,Commercial associate,Secondary / secondary special,Married,House / apartment,-14962,-3353,Sales staff,3,1,1
5146454,0.0,X,F,N,Y,0,135000.0,Commercial associate,Secondary / secondary special,Married,House / apartment,-15407,-1801,Waiters/barmen staff,2,1,0
5146455,0.0,C,F,N,Y,0,135000.0,Commercial associate,Secondary / secondary special,Married,House / apartment,-15407,-1801,Waiters/barmen staff,2,1,0
5146456,0.0,C,F,N,Y,0,135000.0,Commercial associate,Secondary / secondary special,Married,House / apartment,-15407,-1801,Waiters/barmen staff,2,1,0
5146457,0.0,C,F,N,Y,0,135000.0,Commercial associate,Secondary / secondary special,Married,House / apartment,-15407,-1801,Waiters/barmen staff,2,1,0
5146458,0.0,C,F,N,Y,0,135000.0,Commercial associate,Secondary / secondary special,Married,House / apartment,-15407,-1801,Waiters/barmen staff,2,1,0
5146459,0.0,C,F,N,Y,0,135000.0,Commercial associate,Secondary / secondary special,Married,House / apartment,-15407,-1801,Waiters/barmen staff,2,1,0
5146461,0.0,C,F,N,Y,0,135000.0,Commercial associate,Secondary / secondary special,Married,House / apartment,-15407,-1801,Waiters/barmen staff,2,1,0
5037156,0.0,C,M,N,Y,0,360000.0,Working,Higher education,Single / not married,House / apartment,-14240,-2441,High skill tech staff,1,0,2
5037159,0.0,C,F,N,Y,0,270000.0,Commercial associate,Higher education,Single / not married,House / apartment,-14010,-3050,Private service staff,1,3,0
5139497,0.0,X,F,N,Y,0,270000.0,Commercial associate,Higher education,Single / not married,House / apartment,-14010,-3050,Private service staff,1,3,0
5139498,0.0,C,F,N,Y,0,270000.0,Commercial associate,Higher education,Single / not married,House / apartment,-14010,-3050,Private service staff,1,3,0
5139500,0.0,C,F,N,Y,0,270000.0,Commercial associate,Higher education,Single / not married,House / apartment,-14010,-3050,Private service staff,1,3,0
5139501,0.0,C,F,N,Y,0,270000.0,Commercial associate,Higher education,Single / not married,House / apartment,-14010,-3050,Private service staff,1,3,0
5139502,0.0,X,F,N,Y,0,270000.0,Commercial associate,Higher education,Single / not married,House / apartment,-14010,-3050,Private service staff,1,3,0
5139503,0.0,C,F,N,Y,0,270000.0,Commercial associate,Higher education,Single / not married,House / apartment,-14010,-3050,Private service staff,1,3,0
5139504,0.0,X,F,N,Y,0,270000.0,Commercial associate,Higher education,Single / not married,House / apartment,-14010,-3050,Private service staff,1,3,0
5139506,0.0,C,F,N,Y,0,270000.0,Commercial associate,Higher education,Single / not married,House / apartment,-14010,-3050,Private service staff,1,3,0
5139507,0.0,0,F,N,Y,0,270000.0,Commercial associate,Higher education,Single / not married,House / apartment,-14010,-3050,Private service staff,1,3,0
5139508,0.0,C,F,N,Y,0,270000.0,Commercial associate,Higher education,Single / not married,House / apartment,-14010,-3050,Private service staff,1,3,0
5037161,0.0,C,M,Y,Y,1,171000.0,Commercial associate,Incomplete higher,Married,House / apartment,-14399,-6122,Managers,3,0,1
5037163,0.0,C,M,Y,Y,1,171000.0,Commercial associate,Incomplete higher,Married,House / apartment,-14399,-6122,Managers,3,0,1
5037170,0.0,C,F,N,Y,0,162000.0,Commercial associate,Secondary / secondary special,Married,House / apartment,-21934,-3476,Accountants,2,1,0
5037172,0.0,C,F,Y,Y,0,180000.0,Working,Secondary / secondary special,Civil marriage,House / apartment,-17184,-4814,Core staff,2,2,0
5145943,0.0,X,F,N,Y,1,337500.0,Commercial associate,Higher education,Single / not married,House / apartment,-14408,-431,Accountants,2,3,2
5145944,0.0,0,F,N,Y,1,337500.0,Commercial associate,Higher education,Single / not married,House / apartment,-14408,-431,Accountants,2,3,2
5145945,0.0,0,F,N,Y,1,337500.0,Commercial associate,Higher education,Single / not married,House / apartment,-14408,-431,Accountants,2,3,2
5145946,0.0,0,F,N,Y,1,337500.0,Commercial associate,Higher education,Single / not married,House / apartment,-14408,-431,Accountants,2,3,2
5145948,0.0,C,F,N,Y,1,337500.0,Commercial associate,Higher education,Single / not married,House / apartment,-14408,-431,Accountants,2,3,2
5145951,0.0,X,F,N,Y,1,337500.0,Commercial associate,Higher education,Single / not married,House / apartment,-14408,-431,Accountants,2,3,2
5145952,0.0,X,F,N,Y,1,337500.0,Commercial associate,Higher education,Single / not married,House / apartment,-14408,-431,Accountants,2,3,2
5037179,0.0,C,F,N,Y,0,180000.0,Working,Secondary / secondary special,Married,House / apartment,-14891,-1254,Laborers,2,2,0
5037180,0.0,C,F,N,Y,0,180000.0,Working,Secondary / secondary special,Married,House / apartment,-14891,-1254,Laborers,2,2,0
5037181,0.0,X,F,N,Y,0,180000.0,Working,Secondary / secondary special,Married,House / apartment,-14891,-1254,Laborers,2,4,0
5146596,0.0,C,F,N,Y,0,180000.0,Working,Secondary / secondary special,Married,House / apartment,-14891,-1254,Laborers,2,2,0
5146597,0.0,C,F,N,Y,0,180000.0,Working,Secondary / secondary special,Married,House / apartment,-14891,-1254,Laborers,2,2,0
5146598,0.0,C,F,N,Y,0,180000.0,Working,Secondary / secondary special,Married,House / apartment,-14891,-1254,Laborers,2,2,0
5146599,0.0,C,F,N,Y,0,180000.0,Working,Secondary / secondary special,Married,House / apartment,-14891,-1254,Laborers,2,2,0
5146601,0.0,C,F,N,Y,0,180000.0,Working,Secondary / secondary special,Married,House / apartment,-14891,-1254,Laborers,2,2,0
5037187,0.0,X,F,Y,Y,0,405000.0,Working,Incomplete higher,Civil marriage,House / apartment,-12458,-2076,Sales staff,2,1,2
5139986,0.0,C,F,Y,Y,0,405000.0,Working,Incomplete higher,Civil marriage,House / apartment,-12458,-2076,Sales staff,2,0,2
5140162,0.0,0,F,N,Y,1,166500.0,Commercial associate,Higher education,Single / not married,House / apartment,-12538,-2593,Core staff,2,3,0
5140163,0.0,X,F,N,Y,1,166500.0,Commercial associate,Higher education,Single / not married,House / apartment,-12538,-2593,Core staff,2,3,0
5037193,0.0,0,M,N,Y,0,225000.0,Working,Secondary / secondary special,Married,House / apartment,-12771,-297,Laborers,2,4,0
5037202,0.0,0,F,Y,Y,1,112500.0,Working,Higher education,Married,House / apartment,-9032,-420,Managers,3,3,1
5037203,0.0,X,F,Y,Y,0,382500.0,Commercial associate,Secondary / secondary special,Married,House / apartment,-9951,-1942,Core staff,2,1,2
5037205,0.0,X,M,N,Y,3,180000.0,Working,Secondary / secondary special,Married,House / apartment,-12582,-1838,Drivers,5,2,1
5037207,0.0,C,M,N,Y,3,180000.0,Working,Secondary / secondary special,Married,House / apartment,-12582,-1838,Drivers,5,2,1
5037208,0.0,0,M,N,Y,3,180000.0,Working,Secondary / secondary special,Married,House / apartment,-12582,-1838,Drivers,5,4,1
5037209,0.0,X,F,N,N,2,135000.0,Commercial associate,Secondary / secondary special,Married,House / apartment,-13714,-987,Sales staff,4,1,1
5037212,0.0,C,M,Y,Y,0,292500.0,State servant,Higher education,Married,House / apartment,-12678,-2368,High skill tech staff,2,0,2
5037218,0.0,C,F,Y,Y,1,135000.0,Working,Secondary / secondary special,Married,With parents,-10434,-803,Laborers,3,2,1
5037222,0.0,0,F,N,Y,2,180000.0,Working,Secondary / secondary special,Married,House / apartment,-11198,-3464,Laborers,4,4,1
5037223,0.0,0,M,Y,N,1,270000.0,Working,Secondary / secondary special,Married,Municipal apartment,-9765,-1028,Laborers,3,2,1
5037227,0.0,C,F,N,Y,0,157500.0,Working,Secondary / secondary special,Married,House / apartment,-19869,-238,Sales staff,2,2,0
5037228,0.0,C,F,N,Y,0,157500.0,Working,Secondary / secondary special,Married,House / apartment,-19869,-238,Sales staff,2,2,0
5037229,0.0,C,F,N,N,0,364500.0,Working,Secondary / secondary special,Civil marriage,House / apartment,-17204,-1028,Sales staff,2,4,2
5037230,0.0,0,F,N,N,0,364500.0,Working,Secondary / secondary special,Civil marriage,House / apartment,-17204,-1028,Sales staff,2,4,2
5037231,0.0,0,F,N,Y,0,76500.0,Working,Secondary / secondary special,Married,House / apartment,-18249,-11061,Medicine staff,2,4,0
5037232,0.0,0,F,N,Y,0,76500.0,Working,Secondary / secondary special,Married,House / apartment,-18249,-11061,Medicine staff,2,4,0
5037238,0.0,X,M,Y,Y,2,225000.0,Commercial associate,Secondary / secondary special,Married,House / apartment,-15008,-2977,Laborers,4,2,1
5037239,0.0,X,M,Y,Y,2,225000.0,Commercial associate,Secondary / secondary special,Married,House / apartment,-15008,-2977,Laborers,4,2,1
5037247,0.0,0,M,Y,Y,2,112500.0,Working,Secondary / secondary special,Married,House / apartment,-12170,-926,Laborers,4,2,1
5037250,0.0,C,M,N,N,0,112500.0,Working,Secondary / secondary special,Single / not married,House / apartment,-11717,-3634,Laborers,1,2,0
5037253,0.0,C,F,N,Y,0,157500.0,Commercial associate,Secondary / secondary special,Married,House / apartment,-16500,-226,Medicine staff,2,1,0
5037254,0.0,C,M,N,N,0,166500.0,Working,Secondary / secondary special,Single / not married,House / apartment,-8401,-450,Laborers,1,2,0
5037257,0.0,C,F,N,Y,0,157500.0,Working,Secondary / secondary special,Married,House / apartment,-15243,-2661,Core staff,2,2,0
5037259,0.0,C,F,N,Y,1,135000.0,Commercial associate,Higher education,Married,House / apartment,-11416,-420,High skill tech staff,3,3,1
5037261,0.0,C,F,N,Y,0,135000.0,Commercial associate,Secondary / secondary special,Married,House / apartment,-11996,-450,Medicine staff,2,1,0
5037264,0.0,C,F,Y,Y,1,135000.0,State servant,Higher education,Married,House / apartment,-15243,-6659,Core staff,3,0,1
5037265,0.0,0,F,N,N,2,247500.0,Working,Secondary / secondary special,Single / not married,House / apartment,-12891,-1090,Private service staff,3,4,1
5037266,0.0,0,M,Y,N,0,225000.0,Working,Secondary / secondary special,Single / not married,House / apartment,-11892,-1322,Drivers,1,4,0
5037268,0.0,X,F,N,Y,0,112500.0,Commercial associate,Secondary / secondary special,Civil marriage,House / apartment,-17595,-773,Laborers,2,1,0
5037270,0.0,0,F,N,Y,0,337500.0,Working,Secondary / secondary special,Married,House / apartment,-17612,-208,Sales staff,2,4,2
5037273,0.0,1,F,N,Y,0,180000.0,Working,Higher education,Single / not married,House / apartment,-15457,-712,Core staff,1,1,0
5037292,0.0,X,F,N,Y,2,270000.0,Commercial associate,Higher education,Married,House / apartment,-15101,-3860,Accountants,4,3,1
5037293,0.0,X,F,N,Y,2,270000.0,Commercial associate,Higher education,Married,House / apartment,-15101,-3860,Accountants,4,3,1
5037296,0.0,C,F,N,Y,0,265500.0,State servant,Higher education,Married,House / apartment,-17622,-5564,Managers,2,3,2
5037298,0.0,C,F,N,Y,1,180000.0,Working,Higher education,Married,House / apartment,-10340,-2448,High skill tech staff,3,0,1
5037299,0.0,0,M,N,Y,0,90000.0,Working,Secondary / secondary special,Single / not married,House / apartment,-10584,-987,Laborers,1,4,0
5037301,0.0,C,F,N,Y,0,135000.0,Commercial associate,Secondary / secondary special,Married,House / apartment,-19301,-4821,Managers,2,1,0
5037302,0.0,X,F,N,Y,0,135000.0,Commercial associate,Secondary / secondary special,Married,House / apartment,-19301,-4821,Managers,2,1,0
5037303,0.0,C,M,Y,Y,0,270000.0,Commercial associate,Secondary / secondary special,Single / not married,House / apartment,-11032,-987,Core staff,1,0,0
5037304,0.0,C,M,Y,Y,0,90000.0,Commercial associate,Secondary / secondary special,Civil marriage,House / apartment,-12221,-1626,Laborers,2,0,0
5037305,0.0,C,F,Y,Y,0,661500.0,Commercial associate,Higher education,Married,House / apartment,-20053,-3422,Accountants,2,3,2
5038505,0.0,X,F,N,Y,0,103500.0,Working,Incomplete higher,Married,House / apartment,-11855,-4583,Laborers,2,4,0
5038506,0.0,C,F,N,Y,0,103500.0,Working,Incomplete higher,Married,House / apartment,-11855,-4583,Laborers,2,2,0
5038511,0.0,C,F,N,Y,0,103500.0,Working,Incomplete higher,Married,House / apartment,-11855,-4583,Laborers,2,2,0
5038513,0.0,C,F,N,Y,0,103500.0,Working,Incomplete higher,Married,House / apartment,-11855,-4583,Laborers,2,2,0
5038514,0.0,0,F,N,Y,0,103500.0,Working,Incomplete higher,Married,House / apartment,-11855,-4583,Laborers,2,4,0
5038516,0.0,C,F,N,Y,0,103500.0,Working,Incomplete higher,Married,House / apartment,-11855,-4583,Laborers,2,2,0
5038517,0.0,C,F,N,Y,0,103500.0,Working,Incomplete higher,Married,House / apartment,-11855,-4583,Laborers,2,2,0
5038518,0.0,C,F,N,Y,0,103500.0,Working,Incomplete higher,Married,House / apartment,-11855,-4583,Laborers,2,2,0
5038519,0.0,0,F,N,Y,0,103500.0,Working,Incomplete higher,Married,House / apartment,-11855,-4583,Laborers,2,4,0
5038526,0.0,X,M,N,Y,1,112500.0,Working,Secondary / secondary special,Married,House / apartment,-15948,-1234,Laborers,3,2,1
5038533,0.0,0,M,N,N,2,202500.0,Working,Secondary / secondary special,Married,House / apartment,-9501,-1326,Laborers,4,4,1
5038535,0.0,C,F,Y,Y,0,112500.0,Working,Secondary / secondary special,Married,House / apartment,-16057,-3030,Cooking staff,2,2,0
5038537,0.0,0,F,N,Y,0,135000.0,Commercial associate,Secondary / secondary special,Married,House / apartment,-20445,-4187,Laborers,2,1,0
5038538,0.0,0,F,N,Y,0,135000.0,Commercial associate,Secondary / secondary special,Married,House / apartment,-20445,-4187,Laborers,2,1,0
5038540,0.0,C,F,N,Y,0,135000.0,Commercial associate,Secondary / secondary special,Married,House / apartment,-20445,-4187,Laborers,2,1,0
5038542,0.0,C,M,Y,N,0,225000.0,Working,Secondary / secondary special,Married,House / apartment,-9479,-1143,Laborers,2,2,0
5038545,0.0,C,M,Y,N,0,225000.0,Working,Secondary / secondary special,Married,House / apartment,-9479,-1143,Laborers,2,2,0
5038547,0.0,C,M,Y,N,0,225000.0,Working,Secondary / secondary special,Married,House / apartment,-9479,-1143,Laborers,2,2,0
5038548,0.0,C,M,Y,N,0,225000.0,Working,Secondary / secondary special,Married,House / apartment,-9479,-1143,Laborers,2,2,0
5038549,0.0,C,M,Y,N,0,225000.0,Working,Secondary / secondary special,Married,House / apartment,-9479,-1143,Laborers,2,2,0
5038550,0.0,C,M,Y,N,0,225000.0,Working,Secondary / secondary special,Married,House / apartment,-9479,-1143,Laborers,2,2,0
5038553,0.0,0,M,Y,Y,2,180000.0,Working,Secondary / secondary special,Married,House / apartment,-14770,-1173,Drivers,4,2,1
5038555,0.0,C,M,Y,Y,2,180000.0,Working,Secondary / secondary special,Married,House / apartment,-14770,-1173,Drivers,4,2,1
5038556,0.0,C,M,Y,Y,2,180000.0,Working,Secondary / secondary special,Married,House / apartment,-14770,-1173,Drivers,4,2,1
5038557,0.0,0,M,Y,Y,2,180000.0,Working,Secondary / secondary special,Married,House / apartment,-14770,-1173,Drivers,4,2,1
5038562,0.0,X,F,N,Y,1,112500.0,Working,Secondary / secondary special,Single / not married,House / apartment,-14908,-868,Cooking staff,2,4,0
5038564,0.0,X,M,Y,Y,0,202500.0,Working,Secondary / secondary special,Married,House / apartment,-19974,-230,Laborers,2,2,0
5038568,0.0,1,M,Y,Y,0,202500.0,Working,Secondary / secondary special,Married,House / apartment,-19974,-230,Laborers,2,1,0
5038569,0.0,1,M,Y,Y,0,202500.0,Working,Secondary / secondary special,Married,House / apartment,-19974,-230,Laborers,2,1,0
5038570,0.0,0,M,Y,Y,0,202500.0,Working,Secondary / secondary special,Married,House / apartment,-19974,-230,Laborers,2,2,0
5038586,0.0,C,F,N,Y,2,202500.0,Commercial associate,Secondary / secondary special,Civil marriage,Municipal apartment,-11509,-230,Cooking staff,4,1,1
5038587,0.0,C,F,N,Y,2,202500.0,Commercial associate,Secondary / secondary special,Civil marriage,Municipal apartment,-11509,-230,Cooking staff,4,1,1
5038588,0.0,X,M,N,Y,0,135000.0,Commercial associate,Higher education,Married,House / apartment,-19147,-3303,Drivers,2,3,0
5038594,0.0,X,M,N,N,0,180000.0,Working,Secondary / secondary special,Single / not married,House / apartment,-18158,-1143,Laborers,1,4,0
5038596,0.0,C,M,Y,Y,0,202500.0,Commercial associate,Higher education,Married,House / apartment,-10353,-1691,Drivers,2,0,0
5038598,0.0,C,M,Y,Y,0,202500.0,Commercial associate,Higher education,Married,House / apartment,-10353,-1691,Drivers,2,0,0
5038601,0.0,C,M,Y,Y,0,202500.0,Commercial associate,Higher education,Married,House / apartment,-10353,-1691,Drivers,2,0,0
5038604,0.0,C,F,N,Y,2,180000.0,State servant,Higher education,Married,House / apartment,-11020,-3578,Core staff,4,3,1
5038609,0.0,C,F,N,Y,2,180000.0,State servant,Higher education,Married,House / apartment,-11020,-3578,Core staff,4,3,1
5038611,0.0,C,F,N,N,1,112500.0,Commercial associate,Higher education,Married,With parents,-12331,-3272,Core staff,3,3,1
5038613,0.0,C,F,N,N,1,112500.0,Commercial associate,Higher education,Married,With parents,-12331,-3272,Core staff,3,3,1
5038615,0.0,0,F,N,N,1,112500.0,Commercial associate,Higher education,Married,With parents,-12331,-3272,Core staff,3,3,1
5038616,0.0,0,F,N,N,1,112500.0,Commercial associate,Higher education,Married,With parents,-12331,-3272,Core staff,3,3,1
5038626,0.0,C,F,Y,Y,0,202500.0,Working,Secondary / secondary special,Married,House / apartment,-19906,-5982,Laborers,2,2,0
5038627,0.0,C,F,Y,Y,0,202500.0,Working,Secondary / secondary special,Married,House / apartment,-19906,-5982,Laborers,2,2,0
5038628,0.0,C,F,Y,Y,0,202500.0,Working,Secondary / secondary special,Married,House / apartment,-19906,-5982,Laborers,2,2,0
5038630,0.0,C,F,Y,Y,0,202500.0,Working,Secondary / secondary special,Married,House / apartment,-19906,-5982,Laborers,2,2,0
5038657,0.0,C,F,N,Y,0,112500.0,Working,Secondary / secondary special,Married,House / apartment,-17798,-2148,Sales staff,2,2,0
5038658,0.0,C,M,N,Y,1,225000.0,Working,Higher education,Married,House / apartment,-10382,-1081,Sales staff,3,0,1
5038659,0.0,C,M,N,Y,1,225000.0,Working,Higher education,Married,House / apartment,-10382,-1081,Sales staff,3,0,1
5038660,0.0,C,M,N,Y,1,225000.0,Working,Higher education,Married,House / apartment,-10382,-1081,Sales staff,3,0,1
5038661,0.0,C,M,N,Y,1,225000.0,Working,Higher education,Married,House / apartment,-10382,-1081,Sales staff,3,0,1
5038663,0.0,C,M,N,Y,1,225000.0,Working,Higher education,Married,House / apartment,-10382,-1081,Sales staff,3,0,1
5038666,0.0,0,M,N,Y,1,225000.0,Working,Higher education,Married,House / apartment,-10382,-1081,Sales staff,3,1,1
5038667,0.0,C,M,N,Y,1,225000.0,Working,Higher education,Married,House / apartment,-10382,-1081,Sales staff,3,0,1
5038668,0.0,C,M,N,Y,1,225000.0,Working,Higher education,Married,House / apartment,-10382,-1081,Sales staff,3,0,1
5038669,0.0,0,M,N,Y,1,225000.0,Working,Higher education,Married,House / apartment,-10382,-1081,Sales staff,3,1,1
5038670,0.0,C,M,N,Y,1,225000.0,Working,Higher education,Married,House / apartment,-10382,-1081,Sales staff,3,0,1
5038671,0.0,0,M,N,Y,1,225000.0,Working,Higher education,Married,House / apartment,-10382,-1081,Sales staff,3,1,1
5038688,0.0,C,F,Y,N,0,240750.0,State servant,Secondary / secondary special,Civil marriage,With parents,-17693,-7778,Laborers,2,2,0
5038691,0.0,C,F,Y,N,0,240750.0,State servant,Secondary / secondary special,Civil marriage,With parents,-17693,-7778,Laborers,2,2,0
5038700,0.0,C,F,N,Y,0,90000.0,Working,Secondary / secondary special,Married,House / apartment,-17098,-1021,Core staff,2,2,0
5038706,0.0,0,F,N,N,0,247500.0,State servant,Secondary / secondary special,Civil marriage,House / apartment,-17416,-687,Medicine staff,2,1,0
5038707,0.0,C,F,N,N,0,247500.0,State servant,Secondary / secondary special,Civil marriage,House / apartment,-17416,-687,Medicine staff,2,1,0
5038708,0.0,0,F,N,N,0,247500.0,State servant,Secondary / secondary special,Civil marriage,House / apartment,-17416,-687,Medicine staff,2,1,0
5038711,0.0,C,F,N,Y,0,238500.0,Working,Secondary / secondary special,Married,House / apartment,-22246,-14536,High skill tech staff,2,2,0
5038712,0.0,C,F,N,Y,0,238500.0,Working,Secondary / secondary special,Married,House / apartment,-22246,-14536,High skill tech staff,2,2,0
5038713,0.0,C,F,N,Y,0,238500.0,Working,Secondary / secondary special,Married,House / apartment,-22246,-14536,High skill tech staff,2,2,0
5038714,0.0,0,F,N,Y,0,238500.0,Working,Secondary / secondary special,Married,House / apartment,-22246,-14536,High skill tech staff,2,4,2
5038724,0.0,0,F,Y,N,0,225000.0,Commercial associate,Secondary / secondary special,Married,House / apartment,-10066,-3060,Core staff,2,1,0
5038727,0.0,0,M,Y,Y,0,184500.0,State servant,Higher education,Married,House / apartment,-13916,-169,Managers,2,3,0
5038728,0.0,C,M,Y,Y,0,184500.0,State servant,Higher education,Married,House / apartment,-13916,-169,Managers,2,0,0
5038731,0.0,C,M,Y,Y,0,184500.0,State servant,Higher education,Married,House / apartment,-13916,-169,Managers,2,0,0
5038733,0.0,0,M,Y,Y,0,184500.0,State servant,Higher education,Married,House / apartment,-13916,-169,Managers,2,3,0
5038741,0.0,0,M,N,Y,0,135000.0,Working,Secondary / secondary special,Married,House / apartment,-15819,-169,Security staff,2,4,0
5038745,0.0,0,M,Y,Y,2,157500.0,Commercial associate,Higher education,Married,With parents,-14192,-626,Drivers,4,3,1
5038748,0.0,C,M,Y,Y,2,157500.0,Commercial associate,Higher education,Married,With parents,-14192,-626,Drivers,4,0,1
5038749,0.0,0,M,Y,Y,2,157500.0,Commercial associate,Higher education,Married,With parents,-14192,-626,Drivers,4,3,1
5038750,0.0,X,M,Y,Y,2,157500.0,Commercial associate,Higher education,Married,With parents,-14192,-626,Drivers,4,3,1
5038754,0.0,C,M,Y,Y,2,157500.0,Commercial associate,Higher education,Married,With parents,-14192,-626,Drivers,4,0,1
5038755,0.0,0,M,Y,Y,2,157500.0,Commercial associate,Higher education,Married,With parents,-14192,-626,Drivers,4,3,1
5038757,0.0,0,M,Y,Y,2,157500.0,Commercial associate,Higher education,Married,With parents,-14192,-626,Drivers,4,3,1
5038758,0.0,0,M,Y,Y,2,157500.0,Commercial associate,Higher education,Married,With parents,-14192,-626,Drivers,4,3,1
5038759,0.0,0,F,N,Y,1,112500.0,Working,Secondary / secondary special,Married,House / apartment,-13741,-5221,Laborers,3,4,1
5038760,0.0,C,F,N,Y,1,112500.0,Working,Secondary / secondary special,Married,House / apartment,-13741,-5221,Laborers,3,2,1
5038763,0.0,C,F,N,Y,1,112500.0,Working,Secondary / secondary special,Married,House / apartment,-13741,-5221,Laborers,3,2,1
5038764,0.0,C,F,N,Y,1,112500.0,Working,Secondary / secondary special,Married,House / apartment,-13741,-5221,Laborers,3,2,1
5038765,0.0,C,F,N,Y,1,112500.0,Working,Secondary / secondary special,Married,House / apartment,-13741,-5221,Laborers,3,2,1
5038768,0.0,C,F,N,Y,1,112500.0,Working,Secondary / secondary special,Married,House / apartment,-13741,-5221,Laborers,3,2,1
5038769,0.0,C,F,N,Y,1,112500.0,Working,Secondary / secondary special,Married,House / apartment,-13741,-5221,Laborers,3,2,1
5038770,0.0,C,F,N,Y,1,112500.0,Working,Secondary / secondary special,Married,House / apartment,-13741,-5221,Laborers,3,2,1
5038772,0.0,C,F,N,Y,1,112500.0,Working,Secondary / secondary special,Married,House / apartment,-13741,-5221,Laborers,3,2,1
5038773,0.0,0,F,N,Y,1,112500.0,Working,Secondary / secondary special,Married,House / apartment,-13741,-5221,Laborers,3,4,1
5038775,0.0,C,F,N,Y,0,81000.0,State servant,Higher education,Widow,House / apartment,-19439,-6712,High skill tech staff,1,3,0
5038776,0.0,C,F,N,Y,0,81000.0,State servant,Higher education,Widow,House / apartment,-19439,-6712,High skill tech staff,1,3,0
5038777,0.0,C,F,N,Y,0,81000.0,State servant,Higher education,Widow,House / apartment,-19439,-6712,High skill tech staff,1,3,0
5038778,0.0,X,F,N,Y,0,81000.0,State servant,Higher education,Widow,House / apartment,-19439,-6712,High skill tech staff,1,3,0
5038779,0.0,C,F,N,Y,0,81000.0,State servant,Higher education,Widow,House / apartment,-19439,-6712,High skill tech staff,1,3,0
5038780,0.0,X,F,N,Y,2,94500.0,Working,Secondary / secondary special,Married,House / apartment,-12102,-1873,Laborers,4,4,1
5038781,0.0,0,F,N,Y,2,94500.0,Working,Secondary / secondary special,Married,House / apartment,-12102,-1873,Laborers,4,4,1
5038782,0.0,C,M,Y,Y,0,157500.0,Commercial associate,Higher education,Civil marriage,House / apartment,-13543,-1326,Drivers,2,0,0
5038783,0.0,C,M,Y,Y,0,157500.0,Commercial associate,Higher education,Civil marriage,House / apartment,-13543,-1326,Drivers,2,0,0
5038785,0.0,C,M,Y,Y,0,157500.0,Commercial associate,Higher education,Civil marriage,House / apartment,-13543,-1326,Drivers,2,0,0
5038786,0.0,0,M,Y,Y,0,157500.0,Commercial associate,Higher education,Civil marriage,House / apartment,-13543,-1326,Drivers,2,3,0
5038800,0.0,C,M,Y,Y,0,202500.0,Commercial associate,Higher education,Married,House / apartment,-12658,-5374,Laborers,2,0,0
5038803,0.0,C,M,Y,Y,0,202500.0,Commercial associate,Higher education,Married,House / apartment,-12658,-5374,Laborers,2,0,0
5038804,0.0,0,M,Y,Y,0,202500.0,Commercial associate,Higher education,Married,House / apartment,-12658,-5374,Laborers,2,3,0
5038807,0.0,5,M,Y,Y,0,202500.0,Commercial associate,Higher education,Married,House / apartment,-12658,-5374,Laborers,2,1,0
5038809,0.0,0,M,Y,Y,0,180000.0,Commercial associate,Secondary / secondary special,Married,Municipal apartment,-13671,-473,Laborers,2,1,0
5038810,0.0,C,M,Y,Y,0,180000.0,Commercial associate,Secondary / secondary special,Married,Municipal apartment,-13671,-473,Laborers,2,0,0
5038811,0.0,0,M,Y,Y,0,180000.0,Commercial associate,Secondary / secondary special,Married,Municipal apartment,-13671,-473,Laborers,2,1,0
5038826,0.0,C,M,Y,N,1,202500.0,Working,Secondary / secondary special,Married,House / apartment,-9109,-595,Laborers,3,2,1
5038830,0.0,C,M,N,Y,0,90000.0,Working,Secondary / secondary special,Married,House / apartment,-18427,-1296,Laborers,2,2,0
5038831,0.0,C,M,N,Y,0,90000.0,Working,Secondary / secondary special,Married,House / apartment,-18427,-1296,Laborers,2,2,0
5038832,0.0,X,M,N,Y,0,90000.0,Working,Secondary / secondary special,Married,House / apartment,-18427,-1296,Laborers,2,2,0
5038837,0.0,0,M,N,Y,0,90000.0,Working,Secondary / secondary special,Married,House / apartment,-18427,-1296,Laborers,2,4,0
5038838,0.0,0,M,N,Y,0,90000.0,Working,Secondary / secondary special,Married,House / apartment,-18427,-1296,Laborers,2,4,0
5038839,0.0,X,M,N,Y,0,90000.0,Working,Secondary / secondary special,Married,House / apartment,-18427,-1296,Laborers,2,2,0
5038840,0.0,C,M,N,Y,0,90000.0,Working,Secondary / secondary special,Married,House / apartment,-18427,-1296,Laborers,2,2,0
5038844,0.0,C,F,N,Y,0,103500.0,Commercial associate,Secondary / secondary special,Married,House / apartment,-17007,-1569,Sales staff,2,1,0
5038846,0.0,C,F,N,Y,0,103500.0,Commercial associate,Secondary / secondary special,Married,House / apartment,-17007,-1569,Sales staff,2,1,0
5038847,0.0,C,F,N,Y,0,103500.0,Commercial associate,Secondary / secondary special,Married,House / apartment,-17007,-1569,Sales staff,2,1,0
5038848,0.0,C,F,N,Y,0,103500.0,Commercial associate,Secondary / secondary special,Married,House / apartment,-17007,-1569,Sales staff,2,1,0
5038849,0.0,0,F,N,Y,0,103500.0,Commercial associate,Secondary / secondary special,Married,House / apartment,-17007,-1569,Sales staff,2,1,0
5038863,0.0,X,M,Y,Y,1,270000.0,Working,Secondary / secondary special,Married,House / apartment,-14488,-1630,Laborers,3,2,1
5038864,0.0,X,M,Y,Y,1,270000.0,Working,Secondary / secondary special,Married,House / apartment,-14488,-1630,Laborers,3,2,1
5038865,0.0,0,M,Y,Y,1,270000.0,Working,Secondary / secondary special,Married,House / apartment,-14488,-1630,Laborers,3,2,1
5038867,0.0,X,M,Y,Y,1,270000.0,Working,Secondary / secondary special,Married,House / apartment,-14488,-1630,Laborers,3,2,1
5038869,0.0,X,M,Y,Y,1,270000.0,Working,Secondary / secondary special,Married,House / apartment,-14488,-1630,Laborers,3,2,1
5038872,0.0,X,F,Y,Y,0,157500.0,Commercial associate,Secondary / secondary special,Married,House / apartment,-12674,-656,Sales staff,2,1,0
5038873,0.0,X,F,Y,Y,0,157500.0,Commercial associate,Secondary / secondary special,Married,House / apartment,-12674,-656,Sales staff,2,1,0
5038875,0.0,C,F,Y,Y,0,157500.0,Commercial associate,Secondary / secondary special,Married,House / apartment,-12674,-656,Sales staff,2,0,0
5038876,0.0,X,F,Y,Y,0,157500.0,Commercial associate,Secondary / secondary special,Married,House / apartment,-12674,-656,Sales staff,2,1,0
5038877,0.0,C,F,N,Y,0,202500.0,Commercial associate,Secondary / secondary special,Single / not married,House / apartment,-16546,-1995,Core staff,1,1,0
5038882,0.0,C,M,Y,Y,0,112500.0,Working,Secondary / secondary special,Civil marriage,House / apartment,-18491,-473,Laborers,2,2,0
5038909,0.0,X,F,N,Y,1,135000.0,Commercial associate,Secondary / secondary special,Married,With parents,-11034,-2421,Laborers,3,1,1
5038911,0.0,X,F,N,Y,1,135000.0,Commercial associate,Secondary / secondary special,Married,With parents,-11034,-2421,Laborers,3,1,1
5038917,0.0,X,F,N,Y,1,135000.0,Commercial associate,Secondary / secondary special,Married,With parents,-11034,-2421,Laborers,3,1,1
5038918,0.0,C,F,N,Y,1,135000.0,Commercial associate,Secondary / secondary special,Married,With parents,-11034,-2421,Laborers,3,1,1
5038919,0.0,X,F,N,Y,1,135000.0,Commercial associate,Secondary / secondary special,Married,With parents,-11034,-2421,Laborers,3,1,1
5038920,0.0,X,F,N,Y,1,135000.0,Commercial associate,Secondary / secondary special,Married,With parents,-11034,-2421,Laborers,3,1,1
5038932,0.0,C,F,N,Y,0,94500.0,Commercial associate,Higher education,Separated,House / apartment,-14548,-6317,Medicine staff,1,3,0
5038933,0.0,C,F,N,Y,0,94500.0,Commercial associate,Higher education,Separated,House / apartment,-14548,-6317,Medicine staff,1,3,0
5041057,0.0,C,F,N,Y,1,135000.0,Working,Secondary / secondary special,Married,House / apartment,-16817,-1557,Laborers,3,2,1
5041058,0.0,C,F,N,Y,1,135000.0,Working,Secondary / secondary special,Married,House / apartment,-16817,-1557,Laborers,3,2,1
5041059,0.0,0,F,N,Y,1,135000.0,Working,Secondary / secondary special,Married,House / apartment,-16817,-1557,Laborers,3,4,1
5041060,0.0,X,F,N,Y,1,135000.0,Working,Secondary / secondary special,Married,House / apartment,-16817,-1557,Laborers,3,4,1
5041068,0.0,C,F,N,Y,0,103500.0,Working,Secondary / secondary special,Single / not married,House / apartment,-17461,-2134,Sales staff,1,4,0
5041069,0.0,0,F,N,Y,0,103500.0,Working,Secondary / secondary special,Single / not married,House / apartment,-17461,-2134,Sales staff,1,4,0
5041071,0.0,0,F,N,N,0,112500.0,State servant,Secondary / secondary special,Single / not married,With parents,-10678,-1526,Security staff,1,1,0
5041072,0.0,C,F,N,N,0,112500.0,State servant,Secondary / secondary special,Single / not married,With parents,-10678,-1526,Security staff,1,1,0
5041076,0.0,0,F,N,N,3,112500.0,Working,Higher education,Married,House / apartment,-12094,-3079,Laborers,5,1,1
5041077,0.0,X,F,N,N,3,112500.0,Working,Higher education,Married,House / apartment,-12094,-3079,Laborers,5,1,1
5041081,0.0,X,F,N,N,3,112500.0,Working,Higher education,Married,House / apartment,-12094,-3079,Laborers,5,1,1
5041086,0.0,C,M,Y,Y,0,189000.0,Working,Higher education,Married,House / apartment,-18736,-339,Drivers,2,0,0
5041089,0.0,C,M,Y,Y,0,189000.0,Working,Higher education,Married,House / apartment,-18736,-339,Drivers,2,0,0
5041090,0.0,X,M,Y,Y,0,189000.0,Working,Higher education,Married,House / apartment,-18736,-339,Drivers,2,0,0
5041111,0.0,0,M,Y,Y,0,405000.0,Commercial associate,Secondary / secondary special,Single / not married,House / apartment,-18418,-3383,Laborers,1,1,2
5041115,0.0,0,M,Y,Y,0,405000.0,Commercial associate,Secondary / secondary special,Single / not married,House / apartment,-18418,-3383,Laborers,1,1,2
5041116,0.0,C,F,N,Y,0,225000.0,Commercial associate,Higher education,Single / not married,House / apartment,-17031,-642,Core staff,1,3,0
5041124,0.0,C,F,N,Y,0,225000.0,Commercial associate,Higher education,Single / not married,House / apartment,-17031,-642,Core staff,1,3,0
5041126,0.0,C,F,N,Y,0,225000.0,Commercial associate,Higher education,Single / not married,House / apartment,-17031,-642,Core staff,1,3,0
5041127,0.0,C,F,N,Y,0,225000.0,Commercial associate,Higher education,Single / not married,House / apartment,-17031,-642,Core staff,1,3,0
5041129,0.0,X,F,N,Y,0,225000.0,Commercial associate,Higher education,Single / not married,House / apartment,-17031,-642,Core staff,1,3,0
5041130,0.0,C,F,N,Y,0,225000.0,Commercial associate,Higher education,Single / not married,House / apartment,-17031,-642,Core staff,1,3,0
5041131,0.0,C,F,N,Y,0,225000.0,Commercial associate,Higher education,Single / not married,House / apartment,-17031,-642,Core staff,1,3,0
5041132,0.0,0,F,N,Y,0,225000.0,Commercial associate,Higher education,Single / not married,House / apartment,-17031,-642,Core staff,1,3,0
5041133,0.0,0,F,N,Y,0,225000.0,Commercial associate,Higher education,Single / not married,House / apartment,-17031,-642,Core staff,1,3,0
5041135,0.0,C,F,N,Y,0,225000.0,Commercial associate,Higher education,Single / not married,House / apartment,-17031,-642,Core staff,1,3,0
5041136,0.0,0,F,N,Y,0,225000.0,Commercial associate,Higher education,Single / not married,House / apartment,-17031,-642,Core staff,1,3,0
5041141,0.0,C,F,N,Y,0,157500.0,State servant,Incomplete higher,Civil marriage,House / apartment,-10338,-795,Core staff,2,3,0
5041142,0.0,C,F,N,Y,0,157500.0,State servant,Incomplete higher,Civil marriage,House / apartment,-10338,-795,Core staff,2,3,0
5041160,0.0,C,M,Y,Y,1,157500.0,Commercial associate,Secondary / secondary special,Married,House / apartment,-14451,-4206,Drivers,3,0,1
5041164,0.0,0,M,Y,Y,1,157500.0,Commercial associate,Secondary / secondary special,Married,House / apartment,-14451,-4206,Drivers,3,1,1
5041167,0.0,0,F,N,Y,0,108000.0,Commercial associate,Secondary / secondary special,Civil marriage,House / apartment,-12098,-2226,Sales staff,2,1,0
5041170,0.0,0,F,N,Y,0,108000.0,Commercial associate,Secondary / secondary special,Civil marriage,House / apartment,-12098,-2226,Sales staff,2,1,0
5041173,0.0,C,M,Y,Y,1,225000.0,Working,Secondary / secondary special,Married,House / apartment,-18718,-583,Managers,3,2,1
5041174,0.0,0,F,N,Y,1,180000.0,Working,Incomplete higher,Married,Municipal apartment,-10754,-65,Core staff,3,1,1
5041177,0.0,C,F,Y,Y,0,382500.0,Commercial associate,Higher education,Married,House / apartment,-20054,-6427,Managers,2,3,2
5041179,0.0,C,F,Y,Y,0,382500.0,Commercial associate,Higher education,Married,House / apartment,-20054,-6427,Managers,2,3,2
5041181,0.0,0,F,Y,Y,0,382500.0,Commercial associate,Higher education,Married,House / apartment,-20054,-6427,Managers,2,3,2
5041203,0.0,0,F,N,Y,0,180000.0,Working,Higher education,Widow,House / apartment,-23035,-2134,Secretaries,1,1,0
5041204,0.0,0,F,N,Y,0,180000.0,Working,Higher education,Widow,House / apartment,-23035,-2134,Secretaries,1,1,0
5041205,0.0,C,F,N,Y,0,180000.0,Working,Higher education,Widow,House / apartment,-23035,-2134,Secretaries,1,0,0
5041208,0.0,C,F,N,Y,0,180000.0,Working,Higher education,Widow,House / apartment,-23035,-2134,Secretaries,1,0,0
5041210,0.0,X,F,N,Y,0,180000.0,Working,Higher education,Widow,House / apartment,-23035,-2134,Secretaries,1,1,0
5041212,0.0,C,F,N,Y,0,180000.0,Working,Higher education,Widow,House / apartment,-23035,-2134,Secretaries,1,0,0
5041213,0.0,C,F,N,Y,0,180000.0,Working,Higher education,Widow,House / apartment,-23035,-2134,Secretaries,1,0,0
5041216,0.0,C,M,N,Y,0,270000.0,Working,Secondary / secondary special,Single / not married,House / apartment,-10886,-308,Laborers,1,2,0
5041220,0.0,C,M,N,Y,0,270000.0,Working,Secondary / secondary special,Single / not married,House / apartment,-10886,-308,Laborers,1,2,0
5041221,0.0,C,M,N,Y,0,270000.0,Working,Secondary / secondary special,Single / not married,House / apartment,-10886,-308,Laborers,1,2,0
5041228,0.0,0,F,N,Y,0,81000.0,Working,Secondary / secondary special,Married,House / apartment,-16933,-10384,Medicine staff,2,4,0
5041229,0.0,C,F,N,Y,0,81000.0,Working,Secondary / secondary special,Married,House / apartment,-16933,-10384,Medicine staff,2,2,0
5041230,0.0,C,F,N,Y,0,81000.0,Working,Secondary / secondary special,Married,House / apartment,-16933,-10384,Medicine staff,2,2,0
5041261,0.0,C,F,N,Y,0,99000.0,State servant,Higher education,Married,House / apartment,-18563,-8284,Laborers,2,0,0
5041263,0.0,X,F,N,Y,0,99000.0,State servant,Higher education,Married,House / apartment,-18563,-8284,Laborers,2,3,0
5041264,0.0,C,F,N,Y,0,99000.0,State servant,Higher education,Married,House / apartment,-18563,-8284,Laborers,2,0,0
5041265,0.0,C,F,N,Y,0,99000.0,State servant,Higher education,Married,House / apartment,-18563,-8284,Laborers,2,0,0
5041266,0.0,C,F,N,Y,0,99000.0,State servant,Higher education,Married,House / apartment,-18563,-8284,Laborers,2,0,0
5041268,0.0,0,F,N,Y,0,99000.0,State servant,Higher education,Married,House / apartment,-18563,-8284,Laborers,2,1,0
5041269,0.0,0,F,N,Y,0,99000.0,State servant,Higher education,Married,House / apartment,-18563,-8284,Laborers,2,1,0
5041323,0.0,0,F,N,N,0,157500.0,Working,Higher education,Single / not married,Office apartment,-18973,-3289,Laborers,1,1,0
5041324,0.0,X,F,N,N,0,157500.0,Working,Higher education,Single / not married,Office apartment,-18973,-3289,Laborers,1,1,0
5041325,0.0,C,F,N,Y,0,202500.0,Commercial associate,Secondary / secondary special,Widow,Municipal apartment,-23253,-6607,Cleaning staff,1,1,0
5041326,0.0,C,F,N,Y,0,202500.0,Commercial associate,Secondary / secondary special,Widow,Municipal apartment,-23253,-6607,Cleaning staff,1,1,0
5041327,0.0,0,F,N,Y,0,202500.0,Commercial associate,Secondary / secondary special,Widow,Municipal apartment,-23253,-6607,Cleaning staff,1,1,0
5041338,0.0,X,F,N,N,1,112500.0,Commercial associate,Higher education,Married,House / apartment,-12392,-3138,Sales staff,3,3,1
5041339,0.0,X,F,N,N,1,112500.0,Commercial associate,Higher education,Married,House / apartment,-12392,-3138,Sales staff,3,3,1
5041345,0.0,X,M,N,Y,0,270000.0,Commercial associate,Secondary / secondary special,Married,House / apartment,-14896,-5420,Drivers,2,1,2
5041346,0.0,X,M,N,Y,0,270000.0,Commercial associate,Secondary / secondary special,Married,House / apartment,-14896,-5420,Drivers,2,1,2
5097108,0.0,C,M,N,Y,0,270000.0,Commercial associate,Secondary / secondary special,Married,House / apartment,-14896,-5420,Drivers,2,0,2
5041353,0.0,0,M,Y,N,0,225000.0,Working,Secondary / secondary special,Married,House / apartment,-10102,-551,Laborers,2,2,0
5041354,0.0,0,M,Y,N,0,225000.0,Working,Secondary / secondary special,Married,House / apartment,-10102,-551,Laborers,2,2,0
5041360,0.0,C,F,N,N,0,315000.0,Commercial associate,Higher education,Civil marriage,With parents,-14679,-1282,Managers,2,3,2
5041363,0.0,X,F,N,N,0,315000.0,Commercial associate,Higher education,Civil marriage,With parents,-14679,-1282,Managers,2,3,2
5041364,0.0,X,F,N,N,0,315000.0,Commercial associate,Higher education,Civil marriage,With parents,-14679,-1282,Managers,2,3,2
5041365,0.0,X,F,N,N,0,315000.0,Commercial associate,Higher education,Civil marriage,With parents,-14679,-1282,Managers,2,3,2
5097139,0.0,C,F,N,N,0,315000.0,Commercial associate,Higher education,Civil marriage,With parents,-14679,-1282,Managers,2,3,2
5041367,0.0,C,F,N,N,0,180000.0,State servant,Incomplete higher,Married,House / apartment,-10315,-2985,Core staff,2,0,0
5041386,0.0,C,F,Y,Y,0,135000.0,Working,Secondary / secondary special,Married,With parents,-15131,-6456,Core staff,2,2,0
5041387,0.0,C,F,Y,Y,0,135000.0,Working,Secondary / secondary special,Married,With parents,-15131,-6456,Core staff,2,2,0
5041388,0.0,0,F,Y,Y,0,135000.0,Working,Secondary / secondary special,Married,With parents,-15131,-6456,Core staff,2,4,0
5041389,0.0,C,F,Y,Y,0,135000.0,Working,Secondary / secondary special,Married,With parents,-15131,-6456,Core staff,2,2,0
5041390,0.0,C,F,Y,Y,0,135000.0,Working,Secondary / secondary special,Married,With parents,-15131,-6456,Core staff,2,2,0
5041392,0.0,C,F,Y,Y,0,135000.0,Working,Secondary / secondary special,Married,With parents,-15131,-6456,Core staff,2,2,0
5041394,0.0,C,F,Y,Y,0,135000.0,Working,Secondary / secondary special,Married,With parents,-15131,-6456,Core staff,2,2,0
5097183,0.0,0,F,Y,Y,0,135000.0,Working,Secondary / secondary special,Married,With parents,-15131,-6456,Core staff,2,4,0
5041395,0.0,C,F,Y,Y,1,99000.0,State servant,Secondary / secondary special,Married,With parents,-13612,-6091,Medicine staff,3,0,1
5041399,0.0,C,F,N,Y,0,225000.0,Commercial associate,Incomplete higher,Civil marriage,House / apartment,-8425,-94,Sales staff,2,3,0
5041400,0.0,C,F,N,Y,0,225000.0,Commercial associate,Incomplete higher,Civil marriage,House / apartment,-8425,-94,Sales staff,2,3,0
5041401,0.0,0,F,N,Y,0,225000.0,Commercial associate,Incomplete higher,Civil marriage,House / apartment,-8425,-94,Sales staff,2,1,0
5097048,0.0,C,F,N,Y,0,225000.0,Commercial associate,Incomplete higher,Civil marriage,House / apartment,-8425,-94,Sales staff,2,3,0
5041415,0.0,0,F,Y,N,0,157500.0,Working,Higher education,Married,House / apartment,-13146,-2163,High skill tech staff,2,1,0
5041416,0.0,X,F,Y,N,0,157500.0,Working,Higher education,Married,House / apartment,-13146,-2163,High skill tech staff,2,0,0
5041417,0.0,C,F,Y,N,0,157500.0,Working,Higher education,Married,House / apartment,-13146,-2163,High skill tech staff,2,0,0
5041418,0.0,X,F,Y,N,0,157500.0,Working,Higher education,Married,House / apartment,-13146,-2163,High skill tech staff,2,0,0
5041419,0.0,X,F,Y,N,0,157500.0,Working,Higher education,Married,House / apartment,-13146,-2163,High skill tech staff,2,0,0
5041444,0.0,C,M,Y,Y,0,337500.0,Commercial associate,Higher education,Married,House / apartment,-20395,-2682,Managers,2,0,2
5041446,0.0,0,M,Y,Y,0,337500.0,Commercial associate,Higher education,Married,House / apartment,-20395,-2682,Managers,2,3,2
5041449,0.0,C,M,Y,Y,0,337500.0,Commercial associate,Higher education,Married,House / apartment,-20395,-2682,Managers,2,0,2
5041459,0.0,0,F,Y,N,0,180000.0,Commercial associate,Secondary / secondary special,Separated,House / apartment,-15351,-6790,Core staff,1,1,0
5041460,0.0,X,F,Y,N,0,180000.0,Commercial associate,Secondary / secondary special,Separated,House / apartment,-15351,-6790,Core staff,1,1,0
5041463,0.0,C,F,Y,N,0,180000.0,Commercial associate,Secondary / secondary special,Separated,House / apartment,-15351,-6790,Core staff,1,1,0
5041464,0.0,C,F,Y,N,0,180000.0,Commercial associate,Secondary / secondary special,Separated,House / apartment,-15351,-6790,Core staff,1,1,0
5041466,0.0,X,F,Y,N,0,180000.0,Commercial associate,Secondary / secondary special,Separated,House / apartment,-15351,-6790,Core staff,1,1,0
5041467,0.0,X,F,Y,N,0,180000.0,Commercial associate,Secondary / secondary special,Separated,House / apartment,-15351,-6790,Core staff,1,1,0
5041469,0.0,X,F,Y,N,0,180000.0,Commercial associate,Secondary / secondary special,Separated,House / apartment,-15351,-6790,Core staff,1,1,0
5041473,0.0,0,F,N,N,2,135000.0,State servant,Incomplete higher,Married,With parents,-11637,-2285,Core staff,4,1,1
5041474,0.0,0,F,N,Y,0,90000.0,Commercial associate,Higher education,Married,House / apartment,-9006,-793,Sales staff,2,3,0
5041495,0.0,0,M,Y,Y,0,90000.0,Working,Secondary / secondary special,Civil marriage,House / apartment,-12821,-155,Laborers,2,4,0
5041498,0.0,C,M,Y,Y,0,90000.0,Working,Secondary / secondary special,Civil marriage,House / apartment,-12821,-155,Laborers,2,2,0
5041499,0.0,C,M,Y,Y,0,90000.0,Working,Secondary / secondary special,Civil marriage,House / apartment,-12821,-155,Laborers,2,2,0
5041500,0.0,X,M,Y,Y,0,90000.0,Working,Secondary / secondary special,Civil marriage,House / apartment,-12821,-155,Laborers,2,2,0
5041506,0.0,X,M,N,Y,1,292500.0,Working,Higher education,Married,Co-op apartment,-12954,-2590,Managers,3,0,2
5041508,0.0,X,M,N,Y,1,292500.0,Working,Higher education,Married,Co-op apartment,-12954,-2590,Managers,3,0,2
5041509,0.0,X,M,N,Y,1,292500.0,Working,Higher education,Married,Co-op apartment,-12954,-2590,Managers,3,0,2
5041510,0.0,X,M,N,Y,1,292500.0,Working,Higher education,Married,Co-op apartment,-12954,-2590,Managers,3,0,2
5041511,0.0,X,M,N,Y,1,292500.0,Working,Higher education,Married,Co-op apartment,-12954,-2590,Managers,3,0,2
5041524,0.0,C,F,Y,Y,0,135000.0,Working,Higher education,Married,House / apartment,-13474,-2894,Accountants,2,0,0
5041532,0.0,C,F,Y,Y,0,135000.0,Working,Higher education,Married,House / apartment,-13474,-2894,Accountants,2,0,0
5041533,0.0,C,F,Y,Y,0,135000.0,Working,Higher education,Married,House / apartment,-13474,-2894,Accountants,2,0,0
5041534,0.0,C,F,Y,Y,0,135000.0,Working,Higher education,Married,House / apartment,-13474,-2894,Accountants,2,0,0
5041541,0.0,C,F,N,N,0,90000.0,Commercial associate,Secondary / secondary special,Single / not married,House / apartment,-10731,-885,Sales staff,1,1,0
5041542,0.0,0,F,N,N,0,90000.0,Commercial associate,Secondary / secondary special,Single / not married,House / apartment,-10731,-885,Sales staff,1,1,0
5041543,0.0,C,F,N,N,0,90000.0,Commercial associate,Secondary / secondary special,Single / not married,House / apartment,-10731,-885,Sales staff,1,1,0
5097169,0.0,C,F,N,N,0,90000.0,Commercial associate,Secondary / secondary special,Single / not married,House / apartment,-10731,-885,Sales staff,1,1,0
5041544,0.0,C,M,Y,Y,0,180000.0,State servant,Secondary / secondary special,Married,House / apartment,-9570,-2620,Drivers,2,0,0
5041545,0.0,C,M,Y,Y,0,180000.0,State servant,Secondary / secondary special,Married,House / apartment,-9570,-2620,Drivers,2,0,0
5041547,0.0,C,M,Y,Y,0,180000.0,State servant,Secondary / secondary special,Married,House / apartment,-9570,-2620,Drivers,2,0,0
5041549,0.0,0,F,Y,Y,0,247500.0,Working,Higher education,Married,House / apartment,-11961,-2224,Accountants,2,1,0
5041550,0.0,C,F,Y,Y,0,247500.0,Working,Higher education,Married,House / apartment,-11961,-2224,Accountants,2,0,0
5097177,0.0,0,F,Y,Y,0,247500.0,Working,Higher education,Married,House / apartment,-11961,-2224,Accountants,2,1,0
5041570,0.0,X,M,Y,Y,1,202500.0,Working,Secondary / secondary special,Married,House / apartment,-19060,-398,Laborers,3,2,1
5041571,0.0,X,M,Y,Y,1,202500.0,Working,Secondary / secondary special,Married,House / apartment,-19060,-398,Laborers,3,2,1
5041572,0.0,X,M,Y,Y,1,202500.0,Working,Secondary / secondary special,Married,House / apartment,-19060,-398,Laborers,3,2,1
5041573,0.0,X,M,Y,Y,1,202500.0,Working,Secondary / secondary special,Married,House / apartment,-19060,-398,Laborers,3,2,1
5041574,0.0,X,M,Y,Y,1,202500.0,Working,Secondary / secondary special,Married,House / apartment,-19060,-398,Laborers,3,2,1
5097184,0.0,X,M,Y,Y,1,202500.0,Working,Secondary / secondary special,Married,House / apartment,-19060,-398,Laborers,3,2,1
5041581,0.0,C,F,N,Y,1,270000.0,Working,Secondary / secondary special,Married,House / apartment,-19040,-1402,Managers,3,2,1
5041582,0.0,X,F,N,Y,1,270000.0,Working,Secondary / secondary special,Married,House / apartment,-19040,-1402,Managers,3,4,1
5041583,0.0,C,F,N,Y,1,270000.0,Working,Secondary / secondary special,Married,House / apartment,-19040,-1402,Managers,3,2,1
5041602,0.0,C,F,N,Y,0,67500.0,Working,Higher education,Married,House / apartment,-11510,-2955,Sales staff,2,0,0
5041605,0.0,X,M,Y,Y,0,270000.0,Working,Secondary / secondary special,Married,House / apartment,-12257,-1463,Laborers,2,2,0
5041606,0.0,C,M,Y,Y,0,270000.0,Working,Secondary / secondary special,Married,House / apartment,-12257,-1463,Laborers,2,2,0
5041607,0.0,X,M,Y,Y,0,270000.0,Working,Secondary / secondary special,Married,House / apartment,-12257,-1463,Laborers,2,2,0
5041608,0.0,X,M,Y,Y,0,270000.0,Working,Secondary / secondary special,Married,House / apartment,-12257,-1463,Laborers,2,2,0
5041610,0.0,C,M,Y,Y,0,270000.0,Working,Secondary / secondary special,Married,House / apartment,-12257,-1463,Laborers,2,2,0
5041611,0.0,C,M,Y,Y,0,270000.0,Working,Secondary / secondary special,Married,House / apartment,-12257,-1463,Laborers,2,2,0
5097056,0.0,C,M,Y,Y,0,270000.0,Working,Secondary / secondary special,Married,House / apartment,-12257,-1463,Laborers,2,2,0
5041618,0.0,X,F,Y,Y,1,180000.0,Working,Higher education,Married,House / apartment,-15496,-2590,Core staff,3,0,1
5041623,0.0,X,M,N,Y,0,292500.0,Commercial associate,Higher education,Single / not married,Rented apartment,-9990,-1221,Sales staff,1,3,2
5041624,0.0,X,M,N,Y,0,292500.0,Commercial associate,Higher education,Single / not married,Rented apartment,-9990,-1221,Sales staff,1,3,2
5041625,0.0,X,M,N,Y,0,292500.0,Commercial associate,Higher education,Single / not married,Rented apartment,-9990,-1221,Sales staff,1,3,2
5041627,0.0,X,M,N,Y,0,292500.0,Commercial associate,Higher education,Single / not married,Rented apartment,-9990,-1221,Sales staff,1,3,2
5041629,0.0,C,M,Y,Y,0,234000.0,Working,Secondary / secondary special,Married,House / apartment,-15510,-3016,Laborers,2,2,0
5041632,0.0,C,M,Y,Y,0,234000.0,Working,Secondary / secondary special,Married,House / apartment,-15510,-3016,Laborers,2,2,0
5041633,0.0,C,M,Y,Y,0,234000.0,Working,Secondary / secondary special,Married,House / apartment,-15510,-3016,Laborers,2,2,0
5041634,0.0,C,M,Y,Y,0,234000.0,Working,Secondary / secondary special,Married,House / apartment,-15510,-3016,Laborers,2,2,0
5041635,0.0,0,M,Y,Y,0,234000.0,Working,Secondary / secondary special,Married,House / apartment,-15510,-3016,Laborers,2,2,0
5097122,0.0,C,M,Y,Y,0,234000.0,Working,Secondary / secondary special,Married,House / apartment,-15510,-3016,Laborers,2,2,0
5097123,0.0,C,M,Y,Y,0,234000.0,Working,Secondary / secondary special,Married,House / apartment,-15510,-3016,Laborers,2,2,0
5041643,0.0,0,F,Y,Y,1,270000.0,Commercial associate,Secondary / secondary special,Married,House / apartment,-14186,-1736,Sales staff,3,1,1
5041648,0.0,0,F,Y,Y,1,270000.0,Commercial associate,Secondary / secondary special,Married,House / apartment,-14186,-1736,Sales staff,3,1,1
5041649,0.0,0,F,Y,Y,1,270000.0,Commercial associate,Secondary / secondary special,Married,House / apartment,-14186,-1736,Sales staff,3,1,1
5041650,0.0,C,F,Y,Y,1,270000.0,Commercial associate,Secondary / secondary special,Married,House / apartment,-14186,-1736,Sales staff,3,0,1
5041653,0.0,X,F,Y,Y,2,135000.0,Working,Secondary / secondary special,Married,House / apartment,-11965,-2863,Sales staff,4,4,1
5041654,0.0,C,F,N,Y,0,99000.0,Working,Secondary / secondary special,Married,House / apartment,-20065,-306,Laborers,2,2,0
5041662,0.0,0,F,Y,Y,1,333000.0,Commercial associate,Higher education,Married,House / apartment,-11525,-1616,Managers,3,3,2
5041664,0.0,C,F,Y,Y,1,333000.0,Commercial associate,Higher education,Married,House / apartment,-11525,-1616,Managers,3,3,2
5041665,0.0,C,F,Y,Y,1,333000.0,Commercial associate,Higher education,Married,House / apartment,-11525,-1616,Managers,3,3,2
5041672,0.0,C,F,Y,Y,1,333000.0,Commercial associate,Higher education,Married,House / apartment,-11525,-1616,Managers,3,3,2
5041674,0.0,1,F,Y,Y,1,333000.0,Commercial associate,Higher education,Married,House / apartment,-11525,-1616,Managers,3,1,0
5041675,0.0,C,F,Y,Y,1,333000.0,Commercial associate,Higher education,Married,House / apartment,-11525,-1616,Managers,3,3,2
5041676,0.0,C,F,Y,Y,1,333000.0,Commercial associate,Higher education,Married,House / apartment,-11525,-1616,Managers,3,3,2
5041689,0.0,X,F,N,Y,0,315000.0,Working,Secondary / secondary special,Single / not married,House / apartment,-10397,-1037,Accountants,1,4,0
5041690,0.0,X,F,N,Y,0,315000.0,Working,Secondary / secondary special,Single / not married,House / apartment,-10397,-1037,Accountants,1,4,0
5097171,0.0,X,F,N,Y,0,315000.0,Working,Secondary / secondary special,Single / not married,House / apartment,-10397,-1037,Accountants,1,4,0
5041692,0.0,0,F,N,Y,1,135000.0,Working,Incomplete higher,Married,House / apartment,-14099,-1616,Core staff,3,1,1
5041693,0.0,0,F,N,Y,1,135000.0,Working,Incomplete higher,Married,House / apartment,-14099,-1616,Core staff,3,1,1
5041697,0.0,C,F,Y,N,0,342000.0,State servant,Higher education,Single / not married,House / apartment,-12214,-3807,Core staff,1,3,2
5041699,0.0,0,F,Y,N,0,342000.0,State servant,Higher education,Single / not married,House / apartment,-12214,-3807,Core staff,1,3,2
5041703,0.0,C,F,Y,N,0,342000.0,State servant,Higher education,Single / not married,House / apartment,-12214,-3807,Core staff,1,3,2
5041704,0.0,0,F,Y,N,0,342000.0,State servant,Higher education,Single / not married,House / apartment,-12214,-3807,Core staff,1,3,2
5041708,0.0,X,M,Y,Y,3,180000.0,Working,Secondary / secondary special,Married,House / apartment,-14192,-824,High skill tech staff,5,2,1
5041709,0.0,C,M,Y,Y,3,180000.0,Working,Secondary / secondary special,Married,House / apartment,-14192,-824,High skill tech staff,5,2,1
5041712,0.0,C,M,Y,Y,3,180000.0,Working,Secondary / secondary special,Married,House / apartment,-14192,-824,High skill tech staff,5,2,1
5041713,0.0,C,M,Y,Y,3,180000.0,Working,Secondary / secondary special,Married,House / apartment,-14192,-824,High skill tech staff,5,2,1
5041714,0.0,C,M,Y,Y,3,180000.0,Working,Secondary / secondary special,Married,House / apartment,-14192,-824,High skill tech staff,5,2,1
5041715,0.0,C,M,Y,Y,3,180000.0,Working,Secondary / secondary special,Married,House / apartment,-14192,-824,High skill tech staff,5,2,1
5097174,0.0,C,M,Y,Y,3,180000.0,Working,Secondary / secondary special,Married,House / apartment,-14192,-824,High skill tech staff,5,2,1
5041716,0.0,X,F,N,Y,0,315000.0,Commercial associate,Higher education,Married,House / apartment,-13409,-732,Laborers,2,3,2
5041717,0.0,C,F,N,Y,0,315000.0,Commercial associate,Higher education,Married,House / apartment,-13409,-732,Laborers,2,3,2
5041718,0.0,C,F,N,Y,0,202500.0,State servant,Higher education,Married,House / apartment,-11158,-640,High skill tech staff,2,3,0
5041723,0.0,C,F,Y,Y,0,225000.0,Working,Higher education,Married,House / apartment,-17377,-5512,High skill tech staff,2,0,0
5041724,0.0,C,F,Y,Y,0,225000.0,Working,Higher education,Married,House / apartment,-17377,-5512,High skill tech staff,2,0,0
5041725,0.0,X,F,Y,Y,0,81000.0,Working,Secondary / secondary special,Married,House / apartment,-13170,-763,Core staff,2,4,0
5041726,0.0,C,F,Y,Y,0,81000.0,Working,Secondary / secondary special,Married,House / apartment,-13170,-763,Core staff,2,2,0
5041728,0.0,C,F,Y,Y,0,81000.0,Working,Secondary / secondary special,Married,House / apartment,-13170,-763,Core staff,2,2,0
5097050,0.0,X,F,Y,Y,0,81000.0,Working,Secondary / secondary special,Married,House / apartment,-13170,-763,Core staff,2,4,0
5097051,0.0,C,F,Y,Y,0,81000.0,Working,Secondary / secondary special,Married,House / apartment,-13170,-763,Core staff,2,2,0
5041733,0.0,0,M,N,Y,1,157500.0,Working,Secondary / secondary special,Married,House / apartment,-12585,-367,Sales staff,3,4,1
5041736,0.0,C,M,N,Y,1,157500.0,Working,Secondary / secondary special,Married,House / apartment,-12585,-367,Sales staff,3,2,1
5041737,0.0,C,M,N,Y,1,157500.0,Working,Secondary / secondary special,Married,House / apartment,-12585,-367,Sales staff,3,2,1
5041738,0.0,C,M,N,Y,1,157500.0,Working,Secondary / secondary special,Married,House / apartment,-12585,-367,Sales staff,3,2,1
5041739,0.0,C,M,N,Y,1,157500.0,Working,Secondary / secondary special,Married,House / apartment,-12585,-367,Sales staff,3,2,1
5041740,0.0,C,M,N,Y,1,157500.0,Working,Secondary / secondary special,Married,House / apartment,-12585,-367,Sales staff,3,2,1
5041741,0.0,C,M,N,Y,1,157500.0,Working,Secondary / secondary special,Married,House / apartment,-12585,-367,Sales staff,3,2,1
5041742,0.0,C,M,N,Y,1,157500.0,Working,Secondary / secondary special,Married,House / apartment,-12585,-367,Sales staff,3,2,1
5041750,0.0,X,F,N,Y,0,270000.0,Commercial associate,Secondary / secondary special,Single / not married,House / apartment,-19984,-3868,Core staff,1,1,0
5097057,0.0,0,F,N,Y,0,270000.0,Commercial associate,Secondary / secondary special,Single / not married,House / apartment,-19984,-3868,Core staff,1,1,0
5041755,0.0,C,F,N,Y,0,157500.0,State servant,Higher education,Married,House / apartment,-15145,-3654,Managers,2,3,0
5041762,0.0,0,F,N,Y,0,157500.0,State servant,Higher education,Married,House / apartment,-15145,-3654,Managers,2,3,0
5041769,0.0,X,F,Y,N,0,315000.0,State servant,Higher education,Married,House / apartment,-17940,-9957,Managers,2,3,2
5041775,0.0,C,F,Y,N,3,135000.0,Working,Higher education,Married,House / apartment,-13525,-4478,Core staff,5,0,1
5041776,0.0,C,F,Y,N,3,135000.0,Working,Higher education,Married,House / apartment,-13525,-4478,Core staff,5,0,1
5041777,0.0,X,F,Y,N,3,135000.0,Working,Higher education,Married,House / apartment,-13525,-4478,Core staff,5,0,1
5041778,0.0,C,F,Y,N,3,135000.0,Working,Higher education,Married,House / apartment,-13525,-4478,Core staff,5,0,1
5041786,0.0,X,F,N,N,0,67500.0,State servant,Secondary / secondary special,Married,House / apartment,-12656,-368,Sales staff,2,1,0
5041787,0.0,X,M,Y,N,0,99000.0,Working,Secondary / secondary special,Married,House / apartment,-21036,-1252,Drivers,2,2,0
5041789,0.0,0,M,Y,N,0,99000.0,Working,Secondary / secondary special,Married,House / apartment,-21036,-1252,Drivers,2,2,0
5041790,0.0,0,M,N,N,0,225000.0,Working,Incomplete higher,Married,House / apartment,-9908,-276,Drivers,2,4,0
5041791,0.0,C,M,N,N,0,225000.0,Working,Incomplete higher,Married,House / apartment,-9908,-276,Drivers,2,2,0
5041792,0.0,C,M,N,N,0,225000.0,Working,Incomplete higher,Married,House / apartment,-9908,-276,Drivers,2,2,0
5097093,0.0,0,M,N,N,0,225000.0,Working,Incomplete higher,Married,House / apartment,-9908,-276,Drivers,2,4,0
5041797,0.0,X,F,N,N,0,211500.0,Working,Secondary / secondary special,Married,House / apartment,-15964,-276,Cleaning staff,2,4,0
5041798,0.0,X,F,N,N,0,211500.0,Working,Secondary / secondary special,Married,House / apartment,-15964,-276,Cleaning staff,2,4,0
5041799,0.0,C,F,N,N,0,211500.0,Working,Secondary / secondary special,Married,House / apartment,-15964,-276,Cleaning staff,2,2,0
5041806,0.0,C,F,N,N,0,90000.0,Working,Secondary / secondary special,Married,House / apartment,-16372,-3900,Laborers,2,2,0
5041809,0.0,C,F,N,N,0,90000.0,Working,Secondary / secondary special,Married,House / apartment,-16372,-3900,Laborers,2,2,0
5041810,0.0,C,F,N,N,0,90000.0,Working,Secondary / secondary special,Married,House / apartment,-16372,-3900,Laborers,2,2,0
5041811,0.0,X,F,N,N,0,90000.0,Working,Secondary / secondary special,Married,House / apartment,-16372,-3900,Laborers,2,4,0
5041812,0.0,X,F,N,N,1,112500.0,Commercial associate,Higher education,Separated,House / apartment,-14648,-2833,Private service staff,2,3,0
5041813,0.0,C,F,N,N,1,112500.0,Commercial associate,Higher education,Separated,House / apartment,-14648,-2833,Private service staff,2,3,0
5041815,0.0,C,F,N,N,1,112500.0,Commercial associate,Higher education,Separated,House / apartment,-14648,-2833,Private service staff,2,3,0
5097098,0.0,C,F,N,N,1,112500.0,Commercial associate,Higher education,Separated,House / apartment,-14648,-2833,Private service staff,2,3,0
5041816,0.0,0,F,Y,N,0,112500.0,Working,Secondary / secondary special,Married,Municipal apartment,-17372,-978,Sales staff,2,4,0
5041817,0.0,0,F,Y,N,0,112500.0,Working,Secondary / secondary special,Married,Municipal apartment,-17372,-978,Sales staff,2,4,0
5041820,0.0,0,F,Y,N,0,112500.0,Working,Secondary / secondary special,Married,Municipal apartment,-17372,-978,Sales staff,2,4,0
5041825,0.0,C,F,Y,N,0,112500.0,Working,Secondary / secondary special,Married,Municipal apartment,-17372,-978,Sales staff,2,2,0
5041826,0.0,C,F,Y,N,0,112500.0,Working,Secondary / secondary special,Married,Municipal apartment,-17372,-978,Sales staff,2,2,0
5041827,0.0,X,F,Y,N,0,112500.0,Working,Secondary / secondary special,Married,Municipal apartment,-17372,-978,Sales staff,2,4,0
5041828,0.0,0,F,Y,N,0,112500.0,Working,Secondary / secondary special,Married,Municipal apartment,-17372,-978,Sales staff,2,4,0
5041830,0.0,C,F,Y,N,0,112500.0,Working,Secondary / secondary special,Married,Municipal apartment,-17372,-978,Sales staff,2,2,0
5041831,0.0,X,F,Y,N,0,112500.0,Working,Secondary / secondary special,Married,Municipal apartment,-17372,-978,Sales staff,2,4,0
5041832,0.0,C,F,Y,N,0,112500.0,Working,Secondary / secondary special,Married,Municipal apartment,-17372,-978,Sales staff,2,2,0
5041833,0.0,X,F,Y,N,0,112500.0,Working,Secondary / secondary special,Married,Municipal apartment,-17372,-978,Sales staff,2,4,0
5041869,0.0,0,M,Y,N,0,99000.0,State servant,Secondary / secondary special,Married,House / apartment,-19433,-521,Core staff,2,1,0
5041884,0.0,C,F,N,N,0,180000.0,Working,Higher education,Married,House / apartment,-11871,-2986,Core staff,2,0,0
5041885,0.0,C,F,N,N,1,112500.0,Working,Secondary / secondary special,Separated,House / apartment,-10036,-2560,Core staff,2,4,0
5041886,0.0,X,F,N,N,1,112500.0,Working,Secondary / secondary special,Separated,House / apartment,-10036,-2560,Core staff,2,4,0
5041896,0.0,0,F,N,N,0,135000.0,Working,Secondary / secondary special,Married,House / apartment,-15839,-1525,Sales staff,2,4,0
5041899,0.0,C,F,N,N,0,135000.0,Working,Secondary / secondary special,Married,House / apartment,-15839,-1525,Sales staff,2,2,0
5041903,0.0,0,F,N,N,0,135000.0,Working,Secondary / secondary special,Married,House / apartment,-15839,-1525,Sales staff,2,4,0
5041904,0.0,X,F,N,N,0,135000.0,Working,Secondary / secondary special,Married,House / apartment,-15839,-1525,Sales staff,2,4,0
5041906,0.0,0,F,N,N,0,135000.0,Working,Secondary / secondary special,Married,House / apartment,-15839,-1525,Sales staff,2,4,0
5041907,0.0,X,F,N,N,0,135000.0,Working,Secondary / secondary special,Married,House / apartment,-15839,-1525,Sales staff,2,4,0
5041909,0.0,X,F,N,N,0,202500.0,Working,Secondary / secondary special,Married,House / apartment,-19032,-429,Laborers,2,4,0
5041911,0.0,X,F,N,N,0,67500.0,Working,Secondary / secondary special,Married,House / apartment,-18590,-3382,Laborers,2,4,0
5041912,0.0,C,F,N,N,0,67500.0,Working,Secondary / secondary special,Married,House / apartment,-18590,-3382,Laborers,2,2,0
5041915,0.0,C,F,N,N,0,67500.0,Working,Secondary / secondary special,Married,House / apartment,-18590,-3382,Laborers,2,2,0
5041916,0.0,C,F,N,N,0,67500.0,Working,Secondary / secondary special,Married,House / apartment,-18590,-3382,Laborers,2,2,0
5041917,0.0,X,M,N,N,0,99000.0,Commercial associate,Secondary / secondary special,Civil marriage,House / apartment,-9966,-399,Laborers,2,1,0
5041918,0.0,X,M,N,N,0,99000.0,Commercial associate,Secondary / secondary special,Civil marriage,House / apartment,-9966,-399,Laborers,2,1,0
5041925,0.0,0,M,Y,N,0,157500.0,Working,Secondary / secondary special,Married,Rented apartment,-12374,-307,Core staff,2,4,0
5041927,0.0,0,M,Y,N,0,157500.0,Working,Secondary / secondary special,Married,Rented apartment,-12374,-307,Core staff,2,4,0
5041929,0.0,0,M,Y,N,0,157500.0,Working,Secondary / secondary special,Married,Rented apartment,-12374,-307,Core staff,2,4,0
5041934,0.0,X,M,N,N,0,121500.0,Working,Secondary / secondary special,Married,House / apartment,-10312,-703,Laborers,2,2,0
5041936,0.0,X,M,N,N,0,121500.0,Working,Secondary / secondary special,Married,House / apartment,-10312,-703,Laborers,2,2,0
5041938,0.0,X,M,N,N,0,121500.0,Working,Secondary / secondary special,Married,House / apartment,-10312,-703,Laborers,2,2,0
5041940,0.0,X,M,N,N,0,121500.0,Working,Secondary / secondary special,Married,House / apartment,-10312,-703,Laborers,2,2,0
5041941,0.0,C,M,N,N,0,121500.0,Working,Secondary / secondary special,Married,House / apartment,-10312,-703,Laborers,2,2,0
5041949,0.0,C,M,N,N,1,157500.0,Working,Secondary / secondary special,Married,House / apartment,-11653,-1617,High skill tech staff,3,2,1
5041950,0.0,C,M,N,N,1,157500.0,Working,Secondary / secondary special,Married,House / apartment,-11653,-1617,High skill tech staff,3,2,1
5041959,0.0,C,F,Y,N,0,112500.0,Working,Secondary / secondary special,Married,House / apartment,-13503,-1768,Medicine staff,2,2,0
5041960,0.0,X,F,Y,N,0,112500.0,Working,Secondary / secondary special,Married,House / apartment,-13503,-1768,Medicine staff,2,4,0
5041961,0.0,0,F,Y,N,0,112500.0,Working,Secondary / secondary special,Married,House / apartment,-13503,-1768,Medicine staff,2,4,0
5097112,0.0,0,F,Y,N,0,112500.0,Working,Secondary / secondary special,Married,House / apartment,-13503,-1768,Medicine staff,2,4,0
5041962,0.0,C,F,N,N,0,157500.0,Working,Secondary / secondary special,Civil marriage,With parents,-11009,-1434,Low-skill Laborers,2,4,0
5041963,0.0,X,F,N,N,0,157500.0,Working,Secondary / secondary special,Civil marriage,With parents,-11009,-1434,Low-skill Laborers,2,4,0
5041964,0.0,0,F,N,N,0,157500.0,Working,Secondary / secondary special,Civil marriage,With parents,-11009,-1434,Low-skill Laborers,2,4,0
5041967,0.0,C,F,N,N,0,211500.0,Commercial associate,Higher education,Married,With parents,-14636,-4690,Laborers,2,3,0
5041968,0.0,C,F,N,N,0,211500.0,Commercial associate,Higher education,Married,With parents,-14636,-4690,Laborers,2,3,0
5041969,0.0,X,F,N,N,0,211500.0,Commercial associate,Higher education,Married,With parents,-14636,-4690,Laborers,2,3,0
5041971,0.0,C,F,N,N,0,211500.0,Commercial associate,Higher education,Married,With parents,-14636,-4690,Laborers,2,3,0
5041972,0.0,C,F,N,N,0,211500.0,Commercial associate,Higher education,Married,With parents,-14636,-4690,Laborers,2,3,0
5041973,0.0,C,F,N,N,0,211500.0,Commercial associate,Higher education,Married,With parents,-14636,-4690,Laborers,2,3,0
5041979,0.0,C,F,N,N,0,211500.0,Commercial associate,Higher education,Married,With parents,-14636,-4690,Laborers,2,3,0
5041980,0.0,C,F,N,N,0,211500.0,Commercial associate,Higher education,Married,With parents,-14636,-4690,Laborers,2,3,0
5041981,0.0,C,F,N,N,0,211500.0,Commercial associate,Higher education,Married,With parents,-14636,-4690,Laborers,2,3,0
5041982,0.0,C,F,N,N,0,211500.0,Commercial associate,Higher education,Married,With parents,-14636,-4690,Laborers,2,3,0
5041983,0.0,C,F,N,N,0,211500.0,Commercial associate,Higher education,Married,With parents,-14636,-4690,Laborers,2,3,0
5097114,0.0,C,F,N,N,0,211500.0,Commercial associate,Higher education,Married,With parents,-14636,-4690,Laborers,2,3,0
5097115,0.0,C,F,N,N,0,211500.0,Commercial associate,Higher education,Married,With parents,-14636,-4690,Laborers,2,3,0
5097116,0.0,0,F,N,N,0,211500.0,Commercial associate,Higher education,Married,With parents,-14636,-4690,Laborers,2,3,0
5041984,0.0,C,F,N,N,1,81000.0,Working,Higher education,Married,House / apartment,-10500,-3594,Sales staff,3,0,1
5041986,0.0,X,F,N,N,0,247500.0,Commercial associate,Secondary / secondary special,Civil marriage,House / apartment,-16306,-4904,Laborers,2,1,0
5041989,0.0,C,F,N,N,0,247500.0,Commercial associate,Secondary / secondary special,Civil marriage,House / apartment,-16306,-4904,Laborers,2,1,0
5041991,0.0,0,F,N,N,0,247500.0,Commercial associate,Secondary / secondary special,Civil marriage,House / apartment,-16306,-4904,Laborers,2,1,0
5042016,0.0,C,M,Y,N,0,180000.0,Working,Secondary / secondary special,Married,House / apartment,-10376,-126,Drivers,2,2,0
5042018,0.0,C,M,Y,N,0,180000.0,Working,Secondary / secondary special,Married,House / apartment,-10376,-126,Drivers,2,2,0
5042020,0.0,X,M,Y,N,0,180000.0,Working,Secondary / secondary special,Married,House / apartment,-10376,-126,Drivers,2,2,0
5042021,0.0,X,M,Y,N,0,180000.0,Working,Secondary / secondary special,Married,House / apartment,-10376,-126,Drivers,2,2,0
5042022,0.0,0,F,N,N,0,202500.0,Commercial associate,Incomplete higher,Single / not married,House / apartment,-21381,-156,Managers,1,1,0
5042024,0.0,C,F,N,N,0,202500.0,Commercial associate,Incomplete higher,Single / not married,House / apartment,-21381,-156,Managers,1,3,0
5042026,0.0,0,F,N,N,0,202500.0,Commercial associate,Incomplete higher,Single / not married,House / apartment,-21381,-156,Managers,1,1,0
5042028,0.0,C,M,N,N,0,90000.0,Working,Secondary / secondary special,Married,House / apartment,-11496,-1737,Laborers,2,2,0
5042031,0.0,X,M,N,N,0,90000.0,Working,Secondary / secondary special,Married,House / apartment,-11496,-1737,Laborers,2,2,0
5042032,0.0,0,M,N,N,0,90000.0,Working,Secondary / secondary special,Married,House / apartment,-11496,-1737,Laborers,2,4,0
5042037,0.0,X,F,N,N,0,202500.0,Commercial associate,Secondary / secondary special,Married,House / apartment,-13079,-2499,Managers,2,1,0
5042038,0.0,0,F,N,N,0,202500.0,Commercial associate,Secondary / secondary special,Married,House / apartment,-13079,-2499,Managers,2,1,0
5042040,0.0,X,F,N,N,0,202500.0,Commercial associate,Secondary / secondary special,Married,House / apartment,-13079,-2499,Managers,2,1,0
5097127,0.0,X,F,N,N,0,202500.0,Commercial associate,Secondary / secondary special,Married,House / apartment,-13079,-2499,Managers,2,1,0
5042047,0.0,C,M,Y,N,0,157500.0,State servant,Secondary / secondary special,Separated,House / apartment,-19050,-460,Laborers,1,2,0
5042052,0.0,X,F,N,N,0,157500.0,Working,Secondary / secondary special,Widow,House / apartment,-16509,-2013,Sales staff,1,4,0
5042081,0.0,0,F,Y,N,0,315000.0,Commercial associate,Higher education,Married,House / apartment,-19495,-1678,Accountants,2,3,2
5042082,0.0,C,F,Y,N,0,315000.0,Commercial associate,Higher education,Married,House / apartment,-19495,-1678,Accountants,2,3,2
5042084,0.0,C,F,Y,N,0,315000.0,Commercial associate,Higher education,Married,House / apartment,-19495,-1678,Accountants,2,3,2
5042087,0.0,C,F,Y,N,0,315000.0,Commercial associate,Higher education,Married,House / apartment,-19495,-1678,Accountants,2,3,2
5042090,0.0,0,F,Y,N,0,315000.0,Commercial associate,Higher education,Married,House / apartment,-19495,-1678,Accountants,2,3,2
5042091,0.0,C,F,Y,N,0,315000.0,Commercial associate,Higher education,Married,House / apartment,-19495,-1678,Accountants,2,3,2
5097128,0.0,C,F,Y,N,0,315000.0,Commercial associate,Higher education,Married,House / apartment,-19495,-1678,Accountants,2,3,2
5097129,0.0,X,F,Y,N,0,315000.0,Commercial associate,Higher education,Married,House / apartment,-19495,-1678,Accountants,2,3,2
5042105,0.0,C,F,N,N,0,144000.0,Working,Secondary / secondary special,Married,Municipal apartment,-16641,-9988,Sales staff,2,2,0
5042107,0.0,C,F,N,N,0,144000.0,Working,Secondary / secondary special,Married,Municipal apartment,-16641,-9988,Sales staff,2,2,0
5042108,0.0,C,F,N,N,0,144000.0,Working,Secondary / secondary special,Married,Municipal apartment,-16641,-9988,Sales staff,2,2,0
5042112,0.0,0,F,N,N,0,144000.0,Working,Secondary / secondary special,Married,Municipal apartment,-16641,-9988,Sales staff,2,4,0
5042113,0.0,0,F,N,N,0,144000.0,Working,Secondary / secondary special,Married,Municipal apartment,-16641,-9988,Sales staff,2,4,0
5042114,0.0,C,F,N,N,0,144000.0,Working,Secondary / secondary special,Married,Municipal apartment,-16641,-9988,Sales staff,2,2,0
5042116,0.0,C,F,N,N,0,144000.0,Working,Secondary / secondary special,Married,Municipal apartment,-16641,-9988,Sales staff,2,2,0
5042117,0.0,C,F,N,N,0,144000.0,Working,Secondary / secondary special,Married,Municipal apartment,-16641,-9988,Sales staff,2,2,0
5097131,0.0,0,F,N,N,0,144000.0,Working,Secondary / secondary special,Married,Municipal apartment,-16641,-9988,Sales staff,2,4,0
5042129,0.0,C,F,N,N,0,247500.0,Working,Higher education,Married,House / apartment,-14136,-7400,Managers,2,0,0
5042130,0.0,C,F,N,N,0,247500.0,Working,Higher education,Married,House / apartment,-14136,-7400,Managers,2,0,0
5042136,0.0,C,F,N,N,0,247500.0,Working,Higher education,Married,House / apartment,-14136,-7400,Managers,2,0,0
5042137,0.0,0,F,N,N,0,247500.0,Working,Higher education,Married,House / apartment,-14136,-7400,Managers,2,1,0
5042138,0.0,C,F,N,N,0,247500.0,Working,Higher education,Married,House / apartment,-14136,-7400,Managers,2,0,0
5042140,0.0,0,F,N,N,0,247500.0,Working,Higher education,Married,House / apartment,-14136,-7400,Managers,2,1,0
5042142,0.0,X,F,N,N,0,247500.0,Working,Higher education,Married,House / apartment,-14136,-7400,Managers,2,1,0
5042143,0.0,C,F,N,N,0,247500.0,Working,Higher education,Married,House / apartment,-14136,-7400,Managers,2,0,0
5042145,0.0,C,F,Y,N,2,90000.0,State servant,Higher education,Married,House / apartment,-10393,-2255,Core staff,4,0,1
5042146,0.0,C,F,Y,N,2,90000.0,State servant,Higher education,Married,House / apartment,-10393,-2255,Core staff,4,0,1
5042147,0.0,C,F,Y,N,2,90000.0,State servant,Higher education,Married,House / apartment,-10393,-2255,Core staff,4,0,1
5042149,0.0,X,F,Y,N,0,360000.0,Commercial associate,Higher education,Married,House / apartment,-16363,-217,Managers,2,3,2
5042150,0.0,0,F,N,N,2,81000.0,Commercial associate,Secondary / secondary special,Married,With parents,-11277,-1160,Cleaning staff,4,1,1
5042153,0.0,0,M,N,N,0,180000.0,Working,Secondary / secondary special,Married,House / apartment,-19618,-1617,Laborers,2,4,0
5042154,0.0,0,M,N,N,0,180000.0,Working,Secondary / secondary special,Married,House / apartment,-19618,-1617,Laborers,2,4,0
5042156,0.0,0,M,N,N,0,180000.0,Working,Secondary / secondary special,Married,House / apartment,-19618,-1617,Laborers,2,4,0
5042184,0.0,X,F,N,N,0,135000.0,State servant,Higher education,Married,House / apartment,-12490,-1191,Core staff,2,3,0
5042186,0.0,X,F,N,N,0,135000.0,State servant,Higher education,Married,House / apartment,-12490,-1191,Core staff,2,3,0
5042207,0.0,C,F,N,N,0,225000.0,Commercial associate,Higher education,Married,House / apartment,-10559,-429,Drivers,2,3,0
5042211,0.0,C,F,N,N,0,225000.0,Commercial associate,Higher education,Married,House / apartment,-10559,-429,Drivers,2,3,0
5042212,0.0,X,F,N,N,0,225000.0,Commercial associate,Higher education,Married,House / apartment,-10559,-429,Drivers,2,3,0
5042213,0.0,0,F,N,N,0,225000.0,Commercial associate,Higher education,Married,House / apartment,-10559,-429,Drivers,2,3,0
5042214,0.0,C,F,N,N,0,225000.0,Commercial associate,Higher education,Married,House / apartment,-10559,-429,Drivers,2,3,0
5042215,0.0,C,F,N,N,0,225000.0,Commercial associate,Higher education,Married,House / apartment,-10559,-429,Drivers,2,3,0
5042216,0.0,0,F,N,N,0,225000.0,Commercial associate,Higher education,Married,House / apartment,-10559,-429,Drivers,2,3,0
5042217,0.0,0,F,N,N,0,225000.0,Commercial associate,Higher education,Married,House / apartment,-10559,-429,Drivers,2,3,0
5042218,0.0,0,M,N,Y,0,157500.0,Working,Secondary / secondary special,Single / not married,House / apartment,-18983,-460,Drivers,1,4,0
5042219,0.0,C,M,Y,N,0,315000.0,Commercial associate,Secondary / secondary special,Single / not married,With parents,-11714,-1434,Sales staff,1,0,2
5042220,0.0,C,M,Y,N,0,315000.0,Commercial associate,Secondary / secondary special,Single / not married,With parents,-11714,-1434,Sales staff,1,0,2
5042221,0.0,X,F,N,N,0,162000.0,Working,Secondary / secondary special,Married,House / apartment,-16925,-1648,High skill tech staff,2,4,0
5042224,0.0,C,F,N,N,0,162000.0,Working,Secondary / secondary special,Married,House / apartment,-16925,-1648,High skill tech staff,2,2,0
5042226,0.0,X,F,N,N,0,162000.0,Working,Secondary / secondary special,Married,House / apartment,-16925,-1648,High skill tech staff,2,4,0
5042227,0.0,0,F,N,N,0,162000.0,Working,Secondary / secondary special,Married,House / apartment,-16925,-1648,High skill tech staff,2,4,0
5042233,0.0,C,F,N,Y,0,112500.0,Commercial associate,Secondary / secondary special,Single / not married,House / apartment,-12849,-6273,Sales staff,1,1,0
5042234,0.0,X,F,N,Y,0,112500.0,Commercial associate,Secondary / secondary special,Single / not married,House / apartment,-12849,-6273,Sales staff,1,1,0
5042235,0.0,X,F,N,Y,0,112500.0,Commercial associate,Secondary / secondary special,Single / not married,House / apartment,-12849,-6273,Sales staff,1,1,0
5042236,0.0,C,M,N,Y,0,90000.0,Working,Secondary / secondary special,Civil marriage,House / apartment,-15140,-1525,Low-skill Laborers,2,2,0
5042238,0.0,0,M,N,Y,0,90000.0,Working,Secondary / secondary special,Civil marriage,House / apartment,-15140,-1525,Low-skill Laborers,2,4,0
5042239,0.0,C,M,N,Y,0,90000.0,Working,Secondary / secondary special,Civil marriage,House / apartment,-15140,-1525,Low-skill Laborers,2,2,0
5042240,0.0,0,M,N,Y,0,90000.0,Working,Secondary / secondary special,Civil marriage,House / apartment,-15140,-1525,Low-skill Laborers,2,4,0
5042242,0.0,0,M,N,Y,0,90000.0,Working,Secondary / secondary special,Civil marriage,House / apartment,-15140,-1525,Low-skill Laborers,2,4,0
5042243,0.0,C,M,N,Y,0,90000.0,Working,Secondary / secondary special,Civil marriage,House / apartment,-15140,-1525,Low-skill Laborers,2,2,0
5042244,0.0,0,M,N,Y,0,90000.0,Working,Secondary / secondary special,Civil marriage,House / apartment,-15140,-1525,Low-skill Laborers,2,4,0
5042245,0.0,0,M,N,Y,0,90000.0,Working,Secondary / secondary special,Civil marriage,House / apartment,-15140,-1525,Low-skill Laborers,2,4,0
5042246,0.0,0,M,N,Y,0,90000.0,Working,Secondary / secondary special,Civil marriage,House / apartment,-15140,-1525,Low-skill Laborers,2,4,0
5042247,0.0,C,F,N,Y,0,270000.0,Commercial associate,Secondary / secondary special,Civil marriage,House / apartment,-16133,-582,Sales staff,2,1,0
5042248,0.0,0,F,N,Y,0,270000.0,Commercial associate,Secondary / secondary special,Civil marriage,House / apartment,-16133,-582,Sales staff,2,1,0
5042249,0.0,C,F,N,Y,0,270000.0,Commercial associate,Secondary / secondary special,Civil marriage,House / apartment,-16133,-582,Sales staff,2,1,0
5042251,0.0,C,F,N,Y,0,270000.0,Commercial associate,Secondary / secondary special,Civil marriage,House / apartment,-16133,-582,Sales staff,2,1,0
5042252,0.0,0,F,N,Y,0,270000.0,Commercial associate,Secondary / secondary special,Civil marriage,House / apartment,-16133,-582,Sales staff,2,1,0
5042253,0.0,C,F,N,Y,0,270000.0,Commercial associate,Secondary / secondary special,Civil marriage,House / apartment,-16133,-582,Sales staff,2,1,0
5042254,0.0,C,F,N,Y,0,270000.0,Commercial associate,Secondary / secondary special,Civil marriage,House / apartment,-16133,-582,Sales staff,2,1,0
5042255,0.0,C,F,N,Y,0,270000.0,Commercial associate,Secondary / secondary special,Civil marriage,House / apartment,-16133,-582,Sales staff,2,1,0
5042256,0.0,0,F,N,Y,0,270000.0,Commercial associate,Secondary / secondary special,Civil marriage,House / apartment,-16133,-582,Sales staff,2,1,0
5042257,0.0,0,F,N,Y,0,270000.0,Commercial associate,Secondary / secondary special,Civil marriage,House / apartment,-16133,-582,Sales staff,2,1,0
5042258,0.0,0,F,N,Y,0,247500.0,Commercial associate,Secondary / secondary special,Married,House / apartment,-9605,-672,Cooking staff,2,1,0
5042266,0.0,0,M,Y,Y,1,360000.0,Commercial associate,Secondary / secondary special,Married,House / apartment,-17147,-1982,Sales staff,3,1,2
5042270,0.0,0,F,Y,Y,0,112500.0,Working,Secondary / secondary special,Married,House / apartment,-8768,-1038,Laborers,2,4,0
5042277,0.0,0,F,N,N,1,90000.0,Working,Secondary / secondary special,Civil marriage,House / apartment,-11630,-1890,Sales staff,3,4,1
5042282,0.0,0,F,N,Y,0,202500.0,Working,Secondary / secondary special,Civil marriage,House / apartment,-10981,-552,Laborers,2,4,0
5042284,0.0,C,F,Y,Y,0,135000.0,Working,Secondary / secondary special,Married,House / apartment,-16344,-126,Drivers,2,2,0
5042285,0.0,X,F,N,Y,0,157500.0,Working,Secondary / secondary special,Single / not married,House / apartment,-10809,-1222,Secretaries,1,4,0
5042286,0.0,X,F,N,Y,0,157500.0,Working,Secondary / secondary special,Single / not married,House / apartment,-10809,-1222,Secretaries,1,4,0
5042289,0.0,0,F,N,Y,0,157500.0,Working,Secondary / secondary special,Single / not married,House / apartment,-10809,-1222,Secretaries,1,4,0
5042290,0.0,X,F,N,Y,0,157500.0,Working,Secondary / secondary special,Single / not married,House / apartment,-10809,-1222,Secretaries,1,4,0
5042293,0.0,1,F,N,Y,0,90000.0,Working,Secondary / secondary special,Married,House / apartment,-17557,-2378,Cooking staff,2,1,0
5042296,0.0,C,M,Y,Y,1,202500.0,Working,Secondary / secondary special,Married,House / apartment,-15207,-2102,Drivers,3,2,1
5042297,0.0,C,M,Y,Y,1,202500.0,Working,Secondary / secondary special,Married,House / apartment,-15207,-2102,Drivers,3,2,1
5042300,0.0,C,M,Y,Y,1,202500.0,Working,Secondary / secondary special,Married,House / apartment,-15207,-2102,Drivers,3,2,1
5042302,0.0,0,M,Y,Y,1,202500.0,Working,Secondary / secondary special,Married,House / apartment,-15207,-2102,Drivers,3,2,1
5042304,0.0,C,M,Y,Y,1,202500.0,Working,Secondary / secondary special,Married,House / apartment,-15207,-2102,Drivers,3,2,1
5042305,0.0,C,M,Y,Y,1,202500.0,Working,Secondary / secondary special,Married,House / apartment,-15207,-2102,Drivers,3,2,1
5042306,0.0,C,F,Y,Y,0,225000.0,State servant,Secondary / secondary special,Married,House / apartment,-18110,-2074,Managers,2,0,0
5097117,0.0,C,F,Y,Y,0,225000.0,State servant,Secondary / secondary special,Married,House / apartment,-18110,-2074,Managers,2,0,0
5042307,0.0,0,F,N,N,0,90000.0,Working,Secondary / secondary special,Married,Municipal apartment,-18223,-4082,Cooking staff,2,4,0
5042308,0.0,C,F,N,Y,2,157500.0,State servant,Higher education,Married,House / apartment,-14395,-5300,Accountants,4,3,1
5042309,0.0,C,F,N,Y,2,157500.0,State servant,Higher education,Married,House / apartment,-14395,-5300,Accountants,4,3,1
5042310,0.0,C,F,N,Y,2,157500.0,State servant,Higher education,Married,House / apartment,-14395,-5300,Accountants,4,3,1
5042320,0.0,C,M,N,Y,0,202500.0,Working,Incomplete higher,Civil marriage,House / apartment,-8637,-95,Core staff,2,0,0
5042321,0.0,0,M,N,Y,0,202500.0,Working,Incomplete higher,Civil marriage,House / apartment,-8637,-95,Core staff,2,1,0
5042327,0.0,C,F,N,Y,1,90000.0,Working,Higher education,Married,House / apartment,-10520,-2378,Laborers,3,0,1
5042329,0.0,X,F,N,Y,1,90000.0,Working,Higher education,Married,House / apartment,-10520,-2378,Laborers,3,1,1
5042330,0.0,C,F,N,Y,1,90000.0,Working,Higher education,Married,House / apartment,-10520,-2378,Laborers,3,0,1
5042331,0.0,0,F,N,Y,1,90000.0,Working,Higher education,Married,House / apartment,-10520,-2378,Laborers,3,1,1
5042332,0.0,C,F,N,Y,1,90000.0,Working,Higher education,Married,House / apartment,-10520,-2378,Laborers,3,0,1
5042334,0.0,C,F,N,Y,1,90000.0,Working,Higher education,Married,House / apartment,-10520,-2378,Laborers,3,0,1
5042335,0.0,0,F,N,Y,1,90000.0,Working,Higher education,Married,House / apartment,-10520,-2378,Laborers,3,1,1
5097058,0.0,C,F,Y,Y,0,135000.0,Commercial associate,Secondary / secondary special,Married,House / apartment,-13850,-2774,Sales staff,2,0,0
5042355,0.0,C,M,Y,Y,2,202500.0,Working,Higher education,Married,House / apartment,-11132,-917,Laborers,4,0,1
5042356,0.0,C,M,Y,Y,2,202500.0,Working,Higher education,Married,House / apartment,-11132,-917,Laborers,4,0,1
5042359,0.0,C,M,Y,Y,2,202500.0,Working,Higher education,Married,House / apartment,-11132,-917,Laborers,4,0,1
5044507,0.0,C,F,N,Y,0,157500.0,State servant,Secondary / secondary special,Single / not married,House / apartment,-13463,-767,Core staff,1,1,0
5044520,0.0,X,F,Y,N,0,202500.0,Commercial associate,Secondary / secondary special,Married,Municipal apartment,-14320,-829,High skill tech staff,2,1,0
5044588,0.0,1,F,N,N,2,450000.0,Working,Higher education,Married,House / apartment,-11870,-221,Core staff,4,1,0
5044608,0.0,0,F,N,Y,0,135000.0,Working,Secondary / secondary special,Widow,House / apartment,-20929,-1651,Medicine staff,1,4,0
5044630,0.0,X,F,Y,N,1,135000.0,Commercial associate,Higher education,Single / not married,House / apartment,-10130,-1651,Accountants,2,3,0
5044681,0.0,0,F,N,Y,0,90000.0,Working,Lower secondary,Single / not married,House / apartment,-10523,-2778,Core staff,1,1,0
5044682,0.0,0,F,N,Y,0,90000.0,Working,Lower secondary,Single / not married,House / apartment,-10523,-2778,Core staff,1,1,0
5044701,0.0,0,F,Y,N,0,171000.0,Commercial associate,Higher education,Single / not married,House / apartment,-9937,-129,Sales staff,1,3,0
5044788,0.0,0,M,Y,Y,1,247500.0,Working,Higher education,Married,Municipal apartment,-15606,-160,Sales staff,3,0,1
5044794,0.0,0,M,Y,Y,1,247500.0,Working,Higher education,Married,Municipal apartment,-15606,-160,Sales staff,3,0,1
5044812,0.0,0,F,N,Y,0,135000.0,Working,Higher education,Single / not married,House / apartment,-9100,-1133,Managers,1,1,0
5044818,0.0,0,F,N,Y,0,135000.0,Working,Higher education,Single / not married,House / apartment,-9100,-1133,Managers,1,1,0
5044928,0.0,C,F,N,Y,0,67500.0,State servant,Secondary / secondary special,Married,House / apartment,-18150,-2747,Medicine staff,2,1,0
5044929,0.0,C,F,N,Y,0,67500.0,State servant,Secondary / secondary special,Married,House / apartment,-18150,-2747,Medicine staff,2,1,0
5044935,0.0,C,M,N,Y,2,360000.0,State servant,Higher education,Married,House / apartment,-16027,-5639,Managers,4,0,2
5044938,0.0,C,M,N,Y,2,360000.0,State servant,Higher education,Married,House / apartment,-16027,-5639,Managers,4,0,2
5044939,0.0,C,M,N,Y,2,360000.0,State servant,Higher education,Married,House / apartment,-16027,-5639,Managers,4,0,2
5044940,0.0,C,M,N,Y,2,360000.0,State servant,Higher education,Married,House / apartment,-16027,-5639,Managers,4,0,2
5044941,0.0,C,M,N,Y,2,360000.0,State servant,Higher education,Married,House / apartment,-16027,-5639,Managers,4,0,2
5044994,0.0,C,F,N,Y,0,157500.0,Commercial associate,Secondary / secondary special,Widow,House / apartment,-21791,-5089,Accountants,1,1,0
5045017,0.0,0,F,Y,Y,2,144000.0,Working,Secondary / secondary special,Married,House / apartment,-11680,-3873,Laborers,4,4,1
5045030,0.0,0,F,Y,Y,1,121500.0,State servant,Secondary / secondary special,Married,House / apartment,-16114,-706,Core staff,3,1,1
5045031,0.0,0,F,Y,Y,1,121500.0,State servant,Secondary / secondary special,Married,House / apartment,-16114,-706,Core staff,3,1,1
5045046,0.0,X,F,N,N,0,202500.0,Working,Higher education,Single / not married,House / apartment,-11991,-706,Laborers,1,1,0
5045049,0.0,X,F,N,N,0,202500.0,Working,Higher education,Single / not married,House / apartment,-11991,-706,Laborers,1,1,0
5045053,0.0,X,F,N,N,0,202500.0,Working,Higher education,Single / not married,House / apartment,-11991,-706,Laborers,1,1,0
5045065,0.0,0,M,N,Y,2,675000.0,State servant,Secondary / secondary special,Married,House / apartment,-14163,-6886,Drivers,4,4,2
5045067,0.0,0,F,N,Y,0,135000.0,Commercial associate,Incomplete higher,Married,House / apartment,-8056,-433,Core staff,2,1,0
5045070,0.0,0,F,N,N,0,112500.0,Working,Secondary / secondary special,Married,House / apartment,-10344,-2533,Laborers,2,4,0
5045085,0.0,X,F,Y,Y,0,166500.0,Commercial associate,Higher education,Single / not married,House / apartment,-12337,-4239,Managers,1,3,0
5045138,0.0,X,F,N,N,1,112500.0,Working,Secondary / secondary special,Civil marriage,House / apartment,-12210,-2747,Cooking staff,3,4,1
5045140,0.0,X,F,N,N,1,112500.0,Working,Secondary / secondary special,Civil marriage,House / apartment,-12210,-2747,Cooking staff,3,4,1
5045155,0.0,0,F,N,Y,1,58500.0,Working,Secondary / secondary special,Civil marriage,House / apartment,-9662,-1072,Core staff,3,4,1
5045159,0.0,C,F,Y,Y,2,126000.0,Working,Incomplete higher,Married,House / apartment,-11432,-129,Core staff,4,0,1
5045160,0.0,C,F,Y,Y,2,126000.0,Working,Incomplete higher,Married,House / apartment,-11432,-129,Core staff,4,0,1
5045162,0.0,C,F,Y,Y,2,126000.0,Working,Incomplete higher,Married,House / apartment,-11432,-129,Core staff,4,0,1
5045163,0.0,C,F,Y,Y,2,126000.0,Working,Incomplete higher,Married,House / apartment,-11432,-129,Core staff,4,0,1
5045166,0.0,C,F,Y,Y,2,126000.0,Working,Incomplete higher,Married,House / apartment,-11432,-129,Core staff,4,0,1
5045167,0.0,0,F,Y,Y,2,126000.0,Working,Incomplete higher,Married,House / apartment,-11432,-129,Core staff,4,1,1
5045183,0.0,0,F,N,Y,0,450000.0,Working,Secondary / secondary special,Married,House / apartment,-23488,-5150,Cleaning staff,2,4,2
5045190,0.0,X,M,N,Y,0,180000.0,State servant,Secondary / secondary special,Married,House / apartment,-15730,-8316,Laborers,2,4,0
5045209,0.0,C,F,Y,Y,0,112500.0,Commercial associate,Secondary / secondary special,Married,House / apartment,-15435,-249,Laborers,2,0,0
5045210,0.0,C,F,Y,Y,0,112500.0,Commercial associate,Secondary / secondary special,Married,House / apartment,-15435,-249,Laborers,2,0,0
5045222,0.0,0,F,N,N,1,45000.0,Commercial associate,Secondary / secondary special,Married,House / apartment,-11070,-645,Sales staff,3,1,1
5045251,0.0,0,F,Y,Y,1,270000.0,Commercial associate,Secondary / secondary special,Married,House / apartment,-13865,-1682,Sales staff,3,1,1
5045255,0.0,X,F,N,Y,1,270000.0,Working,Secondary / secondary special,Married,House / apartment,-20854,-3689,Core staff,3,4,1
5045275,0.0,C,F,N,Y,2,180000.0,Working,Secondary / secondary special,Married,House / apartment,-13787,-3082,Core staff,4,2,1
5045283,0.0,C,F,N,Y,0,112500.0,Commercial associate,Higher education,Single / not married,House / apartment,-15675,-2198,Secretaries,1,3,0
5045287,0.0,C,F,N,Y,0,67500.0,Working,Secondary / secondary special,Single / not married,House / apartment,-17623,-9260,Medicine staff,1,4,0
5045301,0.0,X,F,Y,Y,0,270000.0,State servant,Higher education,Married,House / apartment,-21955,-12455,Core staff,2,3,2
5045310,0.0,X,F,N,Y,0,157500.0,Commercial associate,Secondary / secondary special,Widow,House / apartment,-16565,-2778,Private service staff,1,1,0
5045312,0.0,X,F,N,Y,0,157500.0,Commercial associate,Secondary / secondary special,Widow,House / apartment,-16565,-2778,Private service staff,1,1,0
5045348,0.0,X,M,Y,Y,0,176400.0,Commercial associate,Higher education,Married,Rented apartment,-9819,-190,Sales staff,2,3,0
5045349,0.0,X,F,N,Y,0,90000.0,Working,Secondary / secondary special,Widow,House / apartment,-17710,-1772,Cooking staff,1,4,0
5045351,0.0,X,F,N,Y,0,90000.0,Working,Secondary / secondary special,Widow,House / apartment,-17710,-1772,Cooking staff,1,4,0
5045352,0.0,C,F,N,Y,1,76500.0,Working,Incomplete higher,Married,With parents,-10902,-1051,Sales staff,3,0,1
5045357,0.0,0,M,Y,Y,0,360000.0,Working,Secondary / secondary special,Married,House / apartment,-21258,-2057,High skill tech staff,2,2,2
5045360,0.0,X,M,Y,Y,0,360000.0,Working,Secondary / secondary special,Married,House / apartment,-21258,-2057,High skill tech staff,2,2,2
5045362,0.0,C,M,N,Y,0,135000.0,Working,Secondary / secondary special,Single / not married,House / apartment,-17479,-2238,Laborers,1,2,0
5045363,0.0,0,M,N,Y,0,135000.0,Working,Secondary / secondary special,Single / not married,House / apartment,-17479,-2238,Laborers,1,4,0
5045364,0.0,0,M,N,Y,0,135000.0,Working,Secondary / secondary special,Single / not married,House / apartment,-17479,-2238,Laborers,1,4,0
5045366,0.0,0,M,N,Y,0,135000.0,Working,Secondary / secondary special,Single / not married,House / apartment,-17479,-2238,Laborers,1,4,0
5045367,0.0,0,M,N,N,0,166500.0,Working,Incomplete higher,Single / not married,Municipal apartment,-12923,-170,Cooking staff,1,1,0
5045368,0.0,C,M,N,N,0,166500.0,Working,Incomplete higher,Single / not married,Municipal apartment,-12923,-170,Cooking staff,1,2,0
5045374,0.0,C,F,N,Y,1,157500.0,Working,Secondary / secondary special,Married,Municipal apartment,-11087,-473,Cleaning staff,3,2,1
5045375,0.0,0,F,N,Y,1,157500.0,Working,Secondary / secondary special,Married,Municipal apartment,-11087,-473,Cleaning staff,3,4,1
5045380,0.0,C,M,Y,Y,0,261000.0,Working,Incomplete higher,Married,House / apartment,-15936,-1508,Managers,2,0,2
5045388,0.0,0,M,Y,Y,0,261000.0,Working,Incomplete higher,Married,House / apartment,-15936,-1508,Managers,2,0,2
5045391,0.0,C,M,Y,Y,0,261000.0,Working,Incomplete higher,Married,House / apartment,-15936,-1508,Managers,2,0,2
5045392,0.0,1,M,Y,Y,0,261000.0,Working,Incomplete higher,Married,House / apartment,-15936,-1508,Managers,2,1,0
5045405,0.0,C,F,N,Y,1,126000.0,Working,Secondary / secondary special,Married,House / apartment,-11461,-1204,Cleaning staff,3,2,1
5045408,0.0,C,F,N,Y,2,337500.0,Commercial associate,Secondary / secondary special,Single / not married,House / apartment,-11440,-2422,Sales staff,3,1,1
5045409,0.0,C,F,N,Y,2,337500.0,Commercial associate,Secondary / secondary special,Single / not married,House / apartment,-11440,-2422,Sales staff,3,1,1
5045410,0.0,C,F,N,Y,2,337500.0,Commercial associate,Secondary / secondary special,Single / not married,House / apartment,-11440,-2422,Sales staff,3,1,1
5045412,0.0,0,F,Y,Y,2,180000.0,Commercial associate,Secondary / secondary special,Married,House / apartment,-13386,-1416,Laborers,4,1,1
5045432,0.0,C,M,Y,Y,0,135000.0,Working,Secondary / secondary special,Single / not married,House / apartment,-13407,-535,Laborers,1,2,0
5045433,0.0,X,M,Y,N,0,76500.0,Working,Secondary / secondary special,Married,House / apartment,-10356,-1357,Drivers,2,2,0
5045434,0.0,C,M,N,N,1,135000.0,Working,Secondary / secondary special,Married,Municipal apartment,-14534,-6652,Laborers,3,2,1
5045435,0.0,C,M,N,N,1,135000.0,Working,Secondary / secondary special,Married,Municipal apartment,-14534,-6652,Laborers,3,2,1
5045436,0.0,C,M,N,N,1,135000.0,Working,Secondary / secondary special,Married,Municipal apartment,-14534,-6652,Laborers,3,2,1
5045437,0.0,C,M,N,N,1,135000.0,Working,Secondary / secondary special,Married,Municipal apartment,-14534,-6652,Laborers,3,2,1
5045440,0.0,C,M,N,Y,0,144000.0,Working,Secondary / secondary special,Single / not married,House / apartment,-8692,-473,Sales staff,1,2,0
5045442,0.0,0,M,Y,Y,0,112500.0,Working,Higher education,Married,House / apartment,-17385,-1327,Core staff,2,0,0
5045446,0.0,C,F,Y,Y,0,247500.0,Working,Secondary / secondary special,Single / not married,House / apartment,-19046,-5618,Laborers,1,2,0
5045450,0.0,0,F,Y,Y,0,247500.0,Working,Secondary / secondary special,Single / not married,House / apartment,-19046,-5618,Laborers,1,4,0
5045452,0.0,C,F,Y,Y,0,247500.0,Working,Secondary / secondary special,Single / not married,House / apartment,-19046,-5618,Laborers,1,2,0
5045453,0.0,0,F,Y,Y,0,247500.0,Working,Secondary / secondary special,Single / not married,House / apartment,-19046,-5618,Laborers,1,4,0
5045454,0.0,0,F,Y,Y,0,247500.0,Working,Secondary / secondary special,Single / not married,House / apartment,-19046,-5618,Laborers,1,4,0
5045455,0.0,0,F,Y,Y,0,247500.0,Working,Secondary / secondary special,Single / not married,House / apartment,-19046,-5618,Laborers,1,4,0
5045461,0.0,0,F,N,N,1,162000.0,Working,Secondary / secondary special,Married,Municipal apartment,-15137,-2238,Sales staff,3,4,1
5045462,0.0,0,F,Y,Y,0,180000.0,Commercial associate,Secondary / secondary special,Married,House / apartment,-8134,-657,Managers,2,1,0
5045465,0.0,C,F,N,N,0,270000.0,Working,Higher education,Single / not married,Rented apartment,-13762,-1965,Medicine staff,1,0,0
5045468,0.0,C,F,N,Y,0,315000.0,Working,Higher education,Married,House / apartment,-13589,-200,Accountants,2,0,2
5045469,0.0,C,F,N,Y,0,315000.0,Working,Higher education,Married,House / apartment,-13589,-200,Accountants,2,0,2
5045491,0.0,X,F,N,Y,0,315000.0,State servant,Higher education,Married,House / apartment,-13224,-1235,Core staff,2,3,2
5045493,0.0,0,F,N,Y,1,72000.0,Working,Higher education,Married,House / apartment,-12522,-382,High skill tech staff,3,1,1
5045499,0.0,C,M,N,Y,2,360000.0,Working,Secondary / secondary special,Married,House / apartment,-17804,-1143,Drivers,4,2,1
5045502,0.0,C,F,N,Y,0,202500.0,Working,Secondary / secondary special,Married,House / apartment,-14813,-657,High skill tech staff,2,2,0
5045503,0.0,0,F,N,Y,0,202500.0,Working,Secondary / secondary special,Married,House / apartment,-14813,-657,High skill tech staff,2,4,0
5045519,0.0,0,F,N,Y,0,180000.0,Working,Higher education,Single / not married,House / apartment,-9134,-1812,Secretaries,1,1,0
5045540,0.0,C,M,Y,N,2,225000.0,State servant,Higher education,Married,With parents,-10937,-1539,High skill tech staff,4,0,1
5045541,0.0,0,M,Y,N,2,225000.0,State servant,Higher education,Married,With parents,-10937,-1539,High skill tech staff,4,3,1
5045542,0.0,C,M,Y,N,2,225000.0,State servant,Higher education,Married,With parents,-10937,-1539,High skill tech staff,4,0,1
5045543,0.0,C,M,Y,N,2,225000.0,State servant,Higher education,Married,With parents,-10937,-1539,High skill tech staff,4,0,1
5045544,0.0,C,M,Y,N,2,225000.0,State servant,Higher education,Married,With parents,-10937,-1539,High skill tech staff,4,0,1
5045546,0.0,C,M,Y,N,2,225000.0,State servant,Higher education,Married,With parents,-10937,-1539,High skill tech staff,4,0,1
5045547,0.0,0,M,Y,N,2,225000.0,State servant,Higher education,Married,With parents,-10937,-1539,High skill tech staff,4,3,1
5045550,0.0,0,M,Y,N,2,225000.0,State servant,Higher education,Married,With parents,-10937,-1539,High skill tech staff,4,3,1
5045551,0.0,X,M,Y,N,1,180000.0,State servant,Secondary / secondary special,Married,House / apartment,-14759,-991,Drivers,3,2,1
5045554,0.0,0,M,Y,N,1,180000.0,State servant,Secondary / secondary special,Married,House / apartment,-14759,-991,Drivers,3,4,1
5045555,0.0,C,M,Y,N,1,180000.0,State servant,Secondary / secondary special,Married,House / apartment,-14759,-991,Drivers,3,2,1
5045568,0.0,C,F,N,Y,0,99000.0,Working,Secondary / secondary special,Married,House / apartment,-18976,-3730,Sales staff,2,2,0
5045569,0.0,0,F,N,Y,0,99000.0,Working,Secondary / secondary special,Married,House / apartment,-18976,-3730,Sales staff,2,4,0
5045571,0.0,X,F,N,Y,0,99000.0,Working,Secondary / secondary special,Married,House / apartment,-18976,-3730,Sales staff,2,4,0
5045582,0.0,C,F,N,Y,3,157500.0,Working,Secondary / secondary special,Separated,House / apartment,-10313,-991,Cooking staff,4,4,1
5045583,0.0,0,F,N,Y,3,157500.0,Working,Secondary / secondary special,Separated,House / apartment,-10313,-991,Cooking staff,4,4,1
5045615,0.0,C,M,Y,Y,1,360000.0,Working,Higher education,Married,House / apartment,-15556,-1327,Drivers,3,0,2
5045618,0.0,C,M,Y,Y,1,360000.0,Working,Higher education,Married,House / apartment,-15556,-1327,Drivers,3,0,2
5045622,0.0,C,F,N,Y,1,270000.0,State servant,Secondary / secondary special,Married,House / apartment,-14400,-2512,Medicine staff,3,1,1
5045624,0.0,C,F,N,Y,1,270000.0,State servant,Secondary / secondary special,Married,House / apartment,-14400,-2512,Medicine staff,3,1,1
5045632,0.0,C,F,N,Y,1,270000.0,State servant,Secondary / secondary special,Married,House / apartment,-14400,-2512,Medicine staff,3,1,1
5045635,0.0,C,F,N,Y,1,157500.0,Working,Incomplete higher,Married,House / apartment,-10508,-139,Core staff,3,0,1
5045636,0.0,C,M,Y,Y,1,139500.0,Working,Secondary / secondary special,Married,House / apartment,-14355,-5557,Laborers,3,2,1
5045637,0.0,0,M,Y,Y,1,139500.0,Working,Secondary / secondary special,Married,House / apartment,-14355,-5557,Laborers,3,2,1
5045638,0.0,C,M,Y,Y,1,139500.0,Working,Secondary / secondary special,Married,House / apartment,-14355,-5557,Laborers,3,2,1
5045639,0.0,C,M,Y,Y,1,139500.0,Working,Secondary / secondary special,Married,House / apartment,-14355,-5557,Laborers,3,2,1
5045640,0.0,C,M,Y,Y,1,139500.0,Working,Secondary / secondary special,Married,House / apartment,-14355,-5557,Laborers,3,2,1
5045641,0.0,C,M,Y,Y,1,139500.0,Working,Secondary / secondary special,Married,House / apartment,-14355,-5557,Laborers,3,2,1
5045642,0.0,C,M,Y,Y,1,139500.0,Working,Secondary / secondary special,Married,House / apartment,-14355,-5557,Laborers,3,2,1
5045643,0.0,C,M,Y,Y,1,139500.0,Working,Secondary / secondary special,Married,House / apartment,-14355,-5557,Laborers,3,2,1
5045644,0.0,0,M,Y,Y,1,139500.0,Working,Secondary / secondary special,Married,House / apartment,-14355,-5557,Laborers,3,2,1
5045660,0.0,X,M,Y,Y,0,180000.0,State servant,Higher education,Single / not married,House / apartment,-8507,-1082,Core staff,1,3,0
5045662,0.0,0,F,N,Y,0,180000.0,Working,Secondary / secondary special,Married,House / apartment,-14530,-4675,Managers,2,4,0
5045669,0.0,X,F,N,Y,0,180000.0,Working,Secondary / secondary special,Married,House / apartment,-14530,-4675,Managers,2,4,0
5045670,0.0,C,F,N,Y,0,180000.0,Working,Secondary / secondary special,Married,House / apartment,-14530,-4675,Managers,2,2,0
5045672,0.0,C,F,N,Y,1,270000.0,State servant,Secondary / secondary special,Civil marriage,House / apartment,-12721,-5252,Medicine staff,3,1,1
5045675,0.0,0,F,N,Y,1,270000.0,State servant,Secondary / secondary special,Civil marriage,House / apartment,-12721,-5252,Medicine staff,3,1,1
5045676,0.0,X,F,N,Y,1,270000.0,State servant,Secondary / secondary special,Civil marriage,House / apartment,-12721,-5252,Medicine staff,3,1,1
5045677,0.0,C,F,N,Y,1,270000.0,State servant,Secondary / secondary special,Civil marriage,House / apartment,-12721,-5252,Medicine staff,3,1,1
5045678,0.0,C,F,N,Y,1,270000.0,State servant,Secondary / secondary special,Civil marriage,House / apartment,-12721,-5252,Medicine staff,3,1,1
5045681,0.0,0,F,N,Y,1,270000.0,Working,Higher education,Married,House / apartment,-13749,-2877,Managers,3,1,1
5045682,0.0,X,F,N,Y,1,270000.0,Working,Higher education,Married,House / apartment,-13749,-2877,Managers,3,1,1
5045684,0.0,0,F,N,Y,1,270000.0,Working,Higher education,Married,House / apartment,-13749,-2877,Managers,3,1,1
5045685,0.0,0,F,N,Y,1,270000.0,Working,Higher education,Married,House / apartment,-13749,-2877,Managers,3,1,1
5045687,0.0,C,F,N,Y,0,247500.0,Commercial associate,Higher education,Single / not married,House / apartment,-13788,-3822,Laborers,1,3,0
5045689,0.0,C,F,N,Y,0,247500.0,Commercial associate,Higher education,Single / not married,House / apartment,-13788,-3822,Laborers,1,3,0
5045690,0.0,C,F,N,Y,0,247500.0,Commercial associate,Higher education,Single / not married,House / apartment,-13788,-3822,Laborers,1,3,0
5045692,0.0,C,F,N,Y,0,247500.0,Commercial associate,Higher education,Single / not married,House / apartment,-13788,-3822,Laborers,1,3,0
5045693,0.0,X,F,N,Y,0,247500.0,Commercial associate,Higher education,Single / not married,House / apartment,-13788,-3822,Laborers,1,3,0
5045694,0.0,C,F,N,Y,0,247500.0,Commercial associate,Higher education,Single / not married,House / apartment,-13788,-3822,Laborers,1,3,0
5045695,0.0,C,F,N,Y,0,247500.0,Commercial associate,Higher education,Single / not married,House / apartment,-13788,-3822,Laborers,1,3,0
5045696,0.0,C,F,N,Y,1,135000.0,Commercial associate,Secondary / secondary special,Married,House / apartment,-10872,-1051,Laborers,3,1,1
5045698,0.0,0,F,N,Y,1,135000.0,Commercial associate,Secondary / secondary special,Married,House / apartment,-10872,-1051,Laborers,3,1,1
5045699,0.0,C,F,N,Y,1,135000.0,Commercial associate,Secondary / secondary special,Married,House / apartment,-10872,-1051,Laborers,3,1,1
5045700,0.0,C,F,N,Y,0,126000.0,Commercial associate,Higher education,Separated,House / apartment,-16236,-3000,Managers,1,3,0
5045701,0.0,C,F,N,Y,0,126000.0,Commercial associate,Higher education,Separated,House / apartment,-16236,-3000,Managers,1,3,0
5045704,0.0,0,F,N,Y,0,126000.0,Commercial associate,Higher education,Separated,House / apartment,-16236,-3000,Managers,1,3,0
5045708,0.0,C,M,N,Y,0,180000.0,Commercial associate,Higher education,Separated,House / apartment,-10282,-108,Core staff,1,3,0
5045709,0.0,C,M,N,Y,0,180000.0,Commercial associate,Higher education,Separated,House / apartment,-10282,-108,Core staff,1,3,0
5045710,0.0,X,M,N,Y,0,180000.0,Commercial associate,Higher education,Separated,House / apartment,-10282,-108,Core staff,1,3,0
5045711,0.0,X,M,N,Y,0,180000.0,Commercial associate,Higher education,Separated,House / apartment,-10282,-108,Core staff,1,3,0
5045712,0.0,0,F,Y,Y,1,202500.0,Working,Secondary / secondary special,Married,House / apartment,-16499,-2391,Laborers,3,4,1
5045713,0.0,0,F,Y,Y,1,202500.0,Working,Secondary / secondary special,Married,House / apartment,-16499,-2391,Laborers,3,4,1
5045714,0.0,C,F,Y,Y,1,202500.0,Working,Secondary / secondary special,Married,House / apartment,-16499,-2391,Laborers,3,2,1
5045717,0.0,C,M,Y,Y,1,225000.0,Working,Higher education,Married,House / apartment,-12607,-2177,High skill tech staff,3,0,1
5045718,0.0,X,M,Y,Y,1,225000.0,Working,Higher education,Married,House / apartment,-12607,-2177,High skill tech staff,3,0,1
5045721,0.0,C,M,N,N,1,216000.0,Commercial associate,Higher education,Separated,House / apartment,-10776,-1174,Laborers,2,3,0
5045723,0.0,C,M,N,N,1,216000.0,Commercial associate,Higher education,Separated,House / apartment,-10776,-1174,Laborers,2,3,0
5045725,0.0,X,M,N,N,1,216000.0,Commercial associate,Higher education,Separated,House / apartment,-10776,-1174,Laborers,2,3,0
5045734,0.0,C,M,Y,N,0,292500.0,Working,Higher education,Single / not married,House / apartment,-10460,-231,Drivers,1,0,2
5045735,0.0,0,M,Y,N,0,292500.0,Working,Higher education,Single / not married,House / apartment,-10460,-231,Drivers,1,1,2
5045739,0.0,C,M,N,N,0,225000.0,Commercial associate,Incomplete higher,Single / not married,House / apartment,-9448,-1022,Drivers,1,0,0
5045745,0.0,X,M,Y,Y,0,202500.0,Commercial associate,Secondary / secondary special,Married,House / apartment,-14893,-2604,Laborers,2,2,0
5045748,0.0,C,M,Y,Y,0,202500.0,Commercial associate,Secondary / secondary special,Married,House / apartment,-14893,-2604,Laborers,2,0,0
5045754,0.0,C,M,Y,Y,0,202500.0,Commercial associate,Secondary / secondary special,Married,House / apartment,-14893,-2604,Laborers,2,0,0
5045755,0.0,C,M,Y,Y,0,202500.0,Commercial associate,Secondary / secondary special,Married,House / apartment,-14893,-2604,Laborers,2,0,0
5045756,0.0,C,F,Y,N,2,405000.0,Commercial associate,Higher education,Separated,House / apartment,-14098,-1843,Core staff,3,3,2
5045758,0.0,0,F,Y,N,0,270000.0,Working,Higher education,Married,House / apartment,-19963,-1235,Medicine staff,2,1,2
5045759,0.0,C,F,Y,N,0,270000.0,Working,Higher education,Married,House / apartment,-19963,-1235,Medicine staff,2,0,2
5045761,0.0,C,F,Y,N,0,270000.0,Working,Higher education,Married,House / apartment,-19963,-1235,Medicine staff,2,0,2
5045762,0.0,X,F,Y,N,0,270000.0,Working,Higher education,Married,House / apartment,-19963,-1235,Medicine staff,2,0,2
5045763,0.0,0,F,N,N,0,450000.0,Commercial associate,Higher education,Married,House / apartment,-13720,-1934,Sales staff,2,3,2
5045765,0.0,C,F,N,N,0,450000.0,Commercial associate,Higher education,Married,House / apartment,-13720,-1934,Sales staff,2,3,2
5045766,0.0,X,F,N,N,0,450000.0,Commercial associate,Higher education,Married,House / apartment,-13720,-1934,Sales staff,2,3,2
5045775,0.0,0,M,N,Y,1,180000.0,Working,Higher education,Married,House / apartment,-9441,-1235,Managers,3,1,1
5045778,0.0,C,M,N,Y,1,180000.0,Working,Higher education,Married,House / apartment,-9441,-1235,Managers,3,0,1
5045783,0.0,C,F,Y,N,0,292500.0,State servant,Higher education,Civil marriage,House / apartment,-10316,-1631,High skill tech staff,2,3,2
5045784,0.0,C,F,Y,N,0,292500.0,State servant,Higher education,Civil marriage,House / apartment,-10316,-1631,High skill tech staff,2,3,2
5045785,0.0,X,M,Y,N,0,225000.0,Commercial associate,Higher education,Civil marriage,House / apartment,-13348,-170,Managers,2,3,0
5045786,0.0,X,M,Y,N,0,225000.0,Commercial associate,Higher education,Civil marriage,House / apartment,-13348,-170,Managers,2,3,0
5045796,0.0,X,F,Y,N,0,202500.0,Working,Higher education,Married,House / apartment,-9242,-139,Accountants,2,0,0
5045798,0.0,0,F,Y,N,0,202500.0,Working,Higher education,Married,House / apartment,-9242,-139,Accountants,2,1,0
5045799,0.0,0,F,Y,N,0,202500.0,Working,Higher education,Married,House / apartment,-9242,-139,Accountants,2,1,0
5045800,0.0,0,M,Y,Y,1,427500.0,Working,Secondary / secondary special,Married,House / apartment,-11892,-2543,Drivers,3,2,2
5045829,0.0,C,F,N,Y,0,67500.0,Working,Secondary / secondary special,Married,House / apartment,-13668,-808,Laborers,2,2,0
5045830,0.0,C,F,N,Y,0,67500.0,Working,Secondary / secondary special,Married,House / apartment,-13668,-808,Laborers,2,2,0
5045831,0.0,C,F,N,Y,0,67500.0,Working,Secondary / secondary special,Married,House / apartment,-13668,-808,Laborers,2,2,0
5045832,0.0,C,F,N,N,1,270000.0,Working,Secondary / secondary special,Separated,House / apartment,-16517,-991,Core staff,2,4,0
5045833,0.0,C,F,N,N,1,270000.0,Working,Secondary / secondary special,Separated,House / apartment,-16517,-991,Core staff,2,4,0
5045834,0.0,C,F,N,N,1,270000.0,Working,Secondary / secondary special,Separated,House / apartment,-16517,-991,Core staff,2,4,0
5045835,0.0,C,F,N,N,1,270000.0,Working,Secondary / secondary special,Separated,House / apartment,-16517,-991,Core staff,2,4,0
5045838,0.0,C,F,N,N,1,270000.0,Working,Secondary / secondary special,Separated,House / apartment,-16517,-991,Core staff,2,4,0
5045839,0.0,C,F,N,N,1,270000.0,Working,Secondary / secondary special,Separated,House / apartment,-16517,-991,Core staff,2,4,0
5045850,0.0,0,F,Y,Y,2,315000.0,Commercial associate,Higher education,Married,With parents,-12621,-1327,Managers,4,3,1
5045852,0.0,C,F,Y,Y,2,315000.0,Commercial associate,Higher education,Married,With parents,-12621,-1327,Managers,4,3,1
5045853,0.0,C,F,Y,Y,2,315000.0,Commercial associate,Higher education,Married,With parents,-12621,-1327,Managers,4,3,1
5045854,0.0,X,F,Y,Y,2,315000.0,Commercial associate,Higher education,Married,With parents,-12621,-1327,Managers,4,3,1
5045855,0.0,0,F,Y,Y,2,315000.0,Commercial associate,Higher education,Married,With parents,-12621,-1327,Managers,4,3,1
5045856,0.0,C,F,Y,Y,2,315000.0,Commercial associate,Higher education,Married,With parents,-12621,-1327,Managers,4,3,1
5045857,0.0,0,F,Y,Y,2,315000.0,Commercial associate,Higher education,Married,With parents,-12621,-1327,Managers,4,3,1
5045858,0.0,C,F,Y,Y,2,315000.0,Commercial associate,Higher education,Married,With parents,-12621,-1327,Managers,4,3,1
5045866,0.0,C,F,Y,Y,1,315000.0,Commercial associate,Higher education,Married,House / apartment,-16710,-3092,Managers,3,3,2
5045867,0.0,C,F,Y,Y,1,315000.0,Commercial associate,Higher education,Married,House / apartment,-16710,-3092,Managers,3,3,2
5045868,0.0,C,F,Y,Y,1,315000.0,Commercial associate,Higher education,Married,House / apartment,-16710,-3092,Managers,3,3,2
5045869,0.0,C,F,Y,Y,1,315000.0,Commercial associate,Higher education,Married,House / apartment,-16710,-3092,Managers,3,3,2
5045876,0.0,X,M,Y,N,1,157500.0,Working,Secondary / secondary special,Married,House / apartment,-9725,-139,Drivers,3,2,1
5045877,0.0,C,M,Y,N,1,157500.0,Working,Secondary / secondary special,Married,House / apartment,-9725,-139,Drivers,3,2,1
5045878,0.0,C,M,Y,N,1,157500.0,Working,Secondary / secondary special,Married,House / apartment,-9725,-139,Drivers,3,2,1
5045879,0.0,C,M,Y,N,1,157500.0,Working,Secondary / secondary special,Married,House / apartment,-9725,-139,Drivers,3,2,1
5045903,0.0,C,F,N,N,0,90000.0,Commercial associate,Secondary / secondary special,Single / not married,Municipal apartment,-8541,-565,High skill tech staff,1,1,0
5045904,0.0,C,F,N,Y,2,292500.0,Working,Higher education,Married,House / apartment,-12079,-1569,Managers,4,0,1
5045905,0.0,C,M,Y,Y,0,315000.0,Commercial associate,Secondary / secondary special,Married,Rented apartment,-16990,-2026,Drivers,2,0,2
5045910,0.0,X,M,Y,Y,0,315000.0,Commercial associate,Secondary / secondary special,Married,Rented apartment,-16990,-2026,Drivers,2,1,2
5045912,0.0,C,M,Y,Y,0,315000.0,Commercial associate,Secondary / secondary special,Married,Rented apartment,-16990,-2026,Drivers,2,0,2
5045914,0.0,C,M,Y,Y,0,315000.0,Commercial associate,Secondary / secondary special,Married,Rented apartment,-16990,-2026,Drivers,2,0,2
5045915,0.0,C,M,Y,Y,0,315000.0,Commercial associate,Secondary / secondary special,Married,Rented apartment,-16990,-2026,Drivers,2,0,2
5045917,0.0,C,M,Y,Y,0,315000.0,Commercial associate,Secondary / secondary special,Married,Rented apartment,-16990,-2026,Drivers,2,0,2
5045928,0.0,C,M,N,N,0,247500.0,State servant,Secondary / secondary special,Single / not married,House / apartment,-15037,-2208,Laborers,1,2,0
5045930,0.0,C,M,N,N,0,247500.0,State servant,Secondary / secondary special,Single / not married,House / apartment,-15037,-2208,Laborers,1,2,0
5045932,0.0,C,M,N,N,0,247500.0,State servant,Secondary / secondary special,Single / not married,House / apartment,-15037,-2208,Laborers,1,2,0
5045934,0.0,C,M,N,N,0,247500.0,State servant,Secondary / secondary special,Single / not married,House / apartment,-15037,-2208,Laborers,1,2,0
5045938,0.0,C,F,Y,N,1,387000.0,Working,Higher education,Married,House / apartment,-13168,-2574,Managers,3,0,2
5045940,0.0,X,F,Y,N,1,387000.0,Working,Higher education,Married,House / apartment,-13168,-2574,Managers,3,0,2
5045943,0.0,0,F,Y,N,1,387000.0,Working,Higher education,Married,House / apartment,-13168,-2574,Managers,3,1,2
5045944,0.0,C,F,Y,N,1,387000.0,Working,Higher education,Married,House / apartment,-13168,-2574,Managers,3,0,2
5045945,0.0,C,F,Y,N,1,387000.0,Working,Higher education,Married,House / apartment,-13168,-2574,Managers,3,0,2
5045946,0.0,C,F,Y,N,1,387000.0,Working,Higher education,Married,House / apartment,-13168,-2574,Managers,3,0,2
5045948,0.0,C,F,Y,N,1,387000.0,Working,Higher education,Married,House / apartment,-13168,-2574,Managers,3,0,2
5045949,0.0,C,F,Y,N,1,387000.0,Working,Higher education,Married,House / apartment,-13168,-2574,Managers,3,0,2
5045951,0.0,X,F,Y,N,1,387000.0,Working,Higher education,Married,House / apartment,-13168,-2574,Managers,3,0,2
5045962,0.0,C,M,N,Y,1,270000.0,Commercial associate,Secondary / secondary special,Married,House / apartment,-15646,-4614,Laborers,3,2,2
5045963,0.0,0,M,N,Y,1,270000.0,Commercial associate,Secondary / secondary special,Married,House / apartment,-15646,-4614,Laborers,3,1,2
5045964,0.0,0,M,N,Y,1,270000.0,Commercial associate,Secondary / secondary special,Married,House / apartment,-15646,-4614,Laborers,3,1,2
5045966,0.0,C,M,Y,N,1,90000.0,Working,Secondary / secondary special,Married,With parents,-9087,-1051,Laborers,3,2,1
5045967,0.0,0,M,Y,N,1,90000.0,Working,Secondary / secondary special,Married,With parents,-9087,-1051,Laborers,3,2,1
5045968,0.0,0,M,Y,N,1,90000.0,Working,Secondary / secondary special,Married,With parents,-9087,-1051,Laborers,3,2,1
5045969,0.0,0,M,Y,N,1,90000.0,Working,Secondary / secondary special,Married,With parents,-9087,-1051,Laborers,3,2,1
5045970,0.0,0,M,Y,N,1,90000.0,Working,Secondary / secondary special,Married,With parents,-9087,-1051,Laborers,3,2,1
5045971,0.0,C,M,Y,N,1,90000.0,Working,Secondary / secondary special,Married,With parents,-9087,-1051,Laborers,3,2,1
5045972,0.0,0,M,Y,N,1,90000.0,Working,Secondary / secondary special,Married,With parents,-9087,-1051,Laborers,3,2,1
5045973,0.0,C,M,Y,N,1,90000.0,Working,Secondary / secondary special,Married,With parents,-9087,-1051,Laborers,3,2,1
5045974,0.0,C,M,Y,Y,1,360000.0,Working,Higher education,Married,House / apartment,-11767,-3883,Managers,3,0,2
5045975,0.0,X,M,Y,Y,1,360000.0,Working,Higher education,Married,House / apartment,-11767,-3883,Managers,3,0,2
5045978,0.0,C,F,N,Y,0,225000.0,Working,Secondary / secondary special,Married,House / apartment,-21144,-1692,Sales staff,2,2,0
5045980,0.0,C,F,N,Y,0,225000.0,Working,Secondary / secondary special,Married,House / apartment,-21144,-1692,Sales staff,2,2,0
5045981,0.0,C,F,N,Y,0,225000.0,Working,Secondary / secondary special,Married,House / apartment,-21144,-1692,Sales staff,2,2,0
5045982,0.0,C,F,N,Y,0,225000.0,Working,Secondary / secondary special,Married,House / apartment,-21144,-1692,Sales staff,2,2,0
5045983,0.0,C,F,N,Y,0,225000.0,Working,Secondary / secondary special,Married,House / apartment,-21144,-1692,Sales staff,2,2,0
5045985,0.0,0,F,N,N,0,117000.0,Commercial associate,Secondary / secondary special,Single / not married,Municipal apartment,-17257,-777,Laborers,1,1,0
5045986,0.0,C,F,N,N,0,117000.0,Commercial associate,Secondary / secondary special,Single / not married,Municipal apartment,-17257,-777,Laborers,1,1,0
5045987,0.0,C,F,N,N,0,117000.0,Commercial associate,Secondary / secondary special,Single / not married,Municipal apartment,-17257,-777,Laborers,1,1,0
5045991,0.0,0,F,N,Y,0,157500.0,Commercial associate,Secondary / secondary special,Married,House / apartment,-15256,-4491,Laborers,2,1,0
5045992,0.0,0,F,N,Y,0,157500.0,Commercial associate,Secondary / secondary special,Married,House / apartment,-15256,-4491,Laborers,2,1,0
5045993,0.0,X,F,N,Y,0,157500.0,Commercial associate,Secondary / secondary special,Married,House / apartment,-15256,-4491,Laborers,2,1,0
5045994,0.0,X,M,Y,N,0,180000.0,Commercial associate,Higher education,Single / not married,House / apartment,-9679,-2512,Sales staff,1,3,0
5045995,0.0,X,M,Y,N,0,180000.0,Commercial associate,Higher education,Single / not married,House / apartment,-9679,-2512,Sales staff,1,3,0
5045996,0.0,X,M,Y,N,0,180000.0,Commercial associate,Higher education,Single / not married,House / apartment,-9679,-2512,Sales staff,1,3,0
5045997,0.0,X,M,Y,N,0,180000.0,Commercial associate,Higher education,Single / not married,House / apartment,-9679,-2512,Sales staff,1,3,0
5045999,0.0,C,F,N,Y,1,225000.0,Working,Secondary / secondary special,Single / not married,House / apartment,-15039,-3334,Private service staff,2,4,0
5046003,0.0,C,F,N,Y,1,225000.0,Working,Secondary / secondary special,Single / not married,House / apartment,-15039,-3334,Private service staff,2,4,0
5046004,0.0,X,F,N,Y,1,225000.0,Working,Secondary / secondary special,Single / not married,House / apartment,-15039,-3334,Private service staff,2,4,0
5046006,0.0,C,F,N,Y,0,103500.0,State servant,Secondary / secondary special,Civil marriage,House / apartment,-10961,-473,Cooking staff,2,1,0
5046008,0.0,0,F,N,Y,0,103500.0,State servant,Secondary / secondary special,Civil marriage,House / apartment,-10961,-473,Cooking staff,2,1,0
5046016,0.0,C,F,N,Y,0,103500.0,State servant,Secondary / secondary special,Civil marriage,House / apartment,-10961,-473,Cooking staff,2,1,0
5046017,0.0,C,F,N,Y,0,103500.0,State servant,Secondary / secondary special,Civil marriage,House / apartment,-10961,-473,Cooking staff,2,1,0
5046018,0.0,C,M,Y,Y,1,247500.0,State servant,Secondary / secondary special,Married,House / apartment,-11992,-3579,Managers,3,0,1
5046019,0.0,C,M,Y,Y,1,247500.0,State servant,Secondary / secondary special,Married,House / apartment,-11992,-3579,Managers,3,0,1
5046021,0.0,C,M,Y,Y,1,247500.0,State servant,Secondary / secondary special,Married,House / apartment,-11992,-3579,Managers,3,0,1
5046022,0.0,C,M,Y,Y,1,247500.0,State servant,Secondary / secondary special,Married,House / apartment,-11992,-3579,Managers,3,0,1
5046023,0.0,C,M,Y,Y,1,247500.0,State servant,Secondary / secondary special,Married,House / apartment,-11992,-3579,Managers,3,0,1
5046025,0.0,0,M,Y,Y,1,247500.0,State servant,Secondary / secondary special,Married,House / apartment,-11992,-3579,Managers,3,1,1
5046026,0.0,C,M,Y,Y,1,247500.0,State servant,Secondary / secondary special,Married,House / apartment,-11992,-3579,Managers,3,0,1
5046027,0.0,0,M,Y,Y,1,247500.0,State servant,Secondary / secondary special,Married,House / apartment,-11992,-3579,Managers,3,1,1
5046028,0.0,X,M,Y,Y,1,247500.0,State servant,Secondary / secondary special,Married,House / apartment,-11992,-3579,Managers,3,0,1
5046029,0.0,C,F,Y,Y,1,90000.0,Working,Secondary / secondary special,Civil marriage,House / apartment,-17069,-200,Sales staff,3,2,1
5046030,0.0,0,F,Y,Y,1,90000.0,Working,Secondary / secondary special,Civil marriage,House / apartment,-17069,-200,Sales staff,3,4,1
5046037,0.0,C,F,N,Y,0,180000.0,Working,Secondary / secondary special,Married,House / apartment,-18374,-320,Sales staff,2,2,0
5046038,0.0,0,F,N,Y,0,180000.0,Working,Secondary / secondary special,Married,House / apartment,-18374,-320,Sales staff,2,4,0
5046039,0.0,0,F,N,Y,0,180000.0,Working,Secondary / secondary special,Married,House / apartment,-18374,-320,Sales staff,2,4,0
5046041,0.0,C,F,N,Y,0,139500.0,State servant,Higher education,Married,House / apartment,-17801,-8479,Managers,2,3,0
5046042,0.0,C,F,N,Y,0,139500.0,State servant,Higher education,Married,House / apartment,-17801,-8479,Managers,2,3,0
5046043,0.0,C,F,N,Y,0,139500.0,State servant,Higher education,Married,House / apartment,-17801,-8479,Managers,2,3,0
5046048,0.0,C,F,N,Y,0,139500.0,State servant,Higher education,Married,House / apartment,-17801,-8479,Managers,2,3,0
5046049,0.0,X,F,N,Y,0,139500.0,State servant,Higher education,Married,House / apartment,-17801,-8479,Managers,2,3,0
5046050,0.0,C,F,N,Y,0,139500.0,State servant,Higher education,Married,House / apartment,-17801,-8479,Managers,2,3,0
5046051,0.0,0,F,N,Y,0,139500.0,State servant,Higher education,Married,House / apartment,-17801,-8479,Managers,2,3,0
5046060,0.0,0,F,N,Y,0,202500.0,Commercial associate,Higher education,Married,House / apartment,-12972,-2208,Managers,2,3,0
5046061,0.0,C,F,N,Y,0,202500.0,Commercial associate,Higher education,Married,House / apartment,-12972,-2208,Managers,2,3,0
5046075,0.0,C,F,Y,Y,2,112500.0,State servant,Lower secondary,Married,House / apartment,-14234,-5710,Medicine staff,4,0,1
5046077,0.0,C,F,Y,Y,2,112500.0,State servant,Lower secondary,Married,House / apartment,-14234,-5710,Medicine staff,4,0,1
5046079,0.0,C,F,Y,Y,2,112500.0,State servant,Lower secondary,Married,House / apartment,-14234,-5710,Medicine staff,4,0,1
5046080,0.0,C,F,Y,Y,2,112500.0,State servant,Lower secondary,Married,House / apartment,-14234,-5710,Medicine staff,4,0,1
5046081,0.0,C,F,Y,Y,2,112500.0,State servant,Lower secondary,Married,House / apartment,-14234,-5710,Medicine staff,4,0,1
5046105,0.0,0,F,N,Y,2,202500.0,Working,Secondary / secondary special,Civil marriage,House / apartment,-13643,-3883,Cleaning staff,4,4,1
5046107,0.0,0,F,N,Y,2,202500.0,Working,Secondary / secondary special,Civil marriage,House / apartment,-13643,-3883,Cleaning staff,4,4,1
5046108,0.0,0,F,N,Y,2,202500.0,Working,Secondary / secondary special,Civil marriage,House / apartment,-13643,-3883,Cleaning staff,4,4,1
5046109,0.0,0,F,N,Y,2,202500.0,Working,Secondary / secondary special,Civil marriage,House / apartment,-13643,-3883,Cleaning staff,4,4,1
5046110,0.0,C,M,N,N,0,126000.0,Working,Higher education,Single / not married,House / apartment,-12616,-1904,Core staff,1,0,0
5046112,0.0,C,M,N,N,0,126000.0,Working,Higher education,Single / not married,House / apartment,-12616,-1904,Core staff,1,0,0
5046113,0.0,C,M,N,N,0,126000.0,Working,Higher education,Single / not married,House / apartment,-12616,-1904,Core staff,1,0,0
5046114,0.0,C,M,N,N,0,126000.0,Working,Higher education,Single / not married,House / apartment,-12616,-1904,Core staff,1,0,0
5046115,0.0,C,M,N,N,0,126000.0,Working,Higher education,Single / not married,House / apartment,-12616,-1904,Core staff,1,0,0
5046117,0.0,C,F,N,Y,0,135000.0,Working,Secondary / secondary special,Married,House / apartment,-20301,-3092,Managers,2,2,0
5046120,0.0,0,F,N,Y,0,135000.0,Working,Secondary / secondary special,Married,House / apartment,-20301,-3092,Managers,2,4,0
5046125,0.0,C,F,N,Y,0,135000.0,Working,Secondary / secondary special,Married,House / apartment,-20301,-3092,Managers,2,2,0
5046126,0.0,C,F,N,Y,0,135000.0,Working,Secondary / secondary special,Married,House / apartment,-20301,-3092,Managers,2,2,0
5046128,0.0,0,F,N,Y,0,135000.0,Working,Secondary / secondary special,Married,House / apartment,-20301,-3092,Managers,2,4,0
5046130,0.0,C,M,N,Y,1,117000.0,Working,Secondary / secondary special,Civil marriage,House / apartment,-15335,-1569,Laborers,3,2,1
5046131,0.0,0,M,N,Y,1,117000.0,Working,Secondary / secondary special,Civil marriage,House / apartment,-15335,-1569,Laborers,3,4,1
5046133,0.0,0,M,N,Y,1,117000.0,Working,Secondary / secondary special,Civil marriage,House / apartment,-15335,-1569,Laborers,3,4,1
5046135,0.0,C,M,N,N,0,225000.0,Commercial associate,Secondary / secondary special,Separated,Rented apartment,-17755,-4338,Drivers,1,1,0
5046137,0.0,C,M,N,N,0,225000.0,Commercial associate,Secondary / secondary special,Separated,Rented apartment,-17755,-4338,Drivers,1,1,0
5046138,0.0,0,M,N,N,0,225000.0,Commercial associate,Secondary / secondary special,Separated,Rented apartment,-17755,-4338,Drivers,1,1,0
5046141,0.0,C,F,N,Y,0,126000.0,Working,Secondary / secondary special,Civil marriage,House / apartment,-16120,-991,Sales staff,2,4,0
5046142,0.0,C,M,Y,N,0,180000.0,Working,Higher education,Married,With parents,-11043,-2087,Drivers,2,0,0
5046144,0.0,C,M,Y,N,0,180000.0,Working,Higher education,Married,With parents,-11043,-2087,Drivers,2,0,0
5046147,0.0,C,M,Y,N,0,180000.0,Working,Higher education,Married,With parents,-11043,-2087,Drivers,2,0,0
5046148,0.0,C,F,Y,Y,0,90000.0,State servant,Secondary / secondary special,Married,House / apartment,-19284,-2604,Core staff,2,0,0
5046150,0.0,C,F,Y,Y,0,90000.0,State servant,Secondary / secondary special,Married,House / apartment,-19284,-2604,Core staff,2,0,0
5046151,0.0,C,F,Y,Y,0,90000.0,State servant,Secondary / secondary special,Married,House / apartment,-19284,-2604,Core staff,2,0,0
5046152,0.0,C,F,Y,Y,0,90000.0,State servant,Secondary / secondary special,Married,House / apartment,-19284,-2604,Core staff,2,0,0
5046153,0.0,C,F,Y,Y,0,90000.0,State servant,Secondary / secondary special,Married,House / apartment,-19284,-2604,Core staff,2,0,0
5046155,0.0,C,F,Y,Y,0,90000.0,State servant,Secondary / secondary special,Married,House / apartment,-19284,-2604,Core staff,2,0,0
5046165,0.0,C,M,Y,Y,0,225000.0,Commercial associate,Higher education,Married,House / apartment,-14560,-2422,Laborers,2,0,0
5046169,0.0,X,M,N,Y,0,180000.0,Working,Secondary / secondary special,Married,House / apartment,-19991,-1692,Security staff,2,4,0
5046170,0.0,0,M,Y,N,0,180000.0,Working,Secondary / secondary special,Single / not married,House / apartment,-20142,-108,High skill tech staff,1,4,0
5046171,0.0,X,M,Y,N,0,180000.0,Working,Secondary / secondary special,Single / not married,House / apartment,-20142,-108,High skill tech staff,1,4,0
5046177,0.0,C,F,N,N,1,202500.0,Commercial associate,Secondary / secondary special,Married,House / apartment,-11447,-3030,Laborers,3,1,1
5046178,0.0,C,F,N,N,1,202500.0,Commercial associate,Secondary / secondary special,Married,House / apartment,-11447,-3030,Laborers,3,1,1
5046179,0.0,C,F,N,N,1,202500.0,Commercial associate,Secondary / secondary special,Married,House / apartment,-11447,-3030,Laborers,3,1,1
5046180,0.0,C,F,N,N,1,202500.0,Commercial associate,Secondary / secondary special,Married,House / apartment,-11447,-3030,Laborers,3,1,1
5046181,0.0,C,F,N,N,1,202500.0,Commercial associate,Secondary / secondary special,Married,House / apartment,-11447,-3030,Laborers,3,1,1
5046183,0.0,C,F,N,Y,2,115200.0,Commercial associate,Secondary / secondary special,Married,House / apartment,-14876,-716,Laborers,4,1,1
5046184,0.0,C,F,N,Y,2,115200.0,Commercial associate,Secondary / secondary special,Married,House / apartment,-14876,-716,Laborers,4,1,1
5046190,0.0,X,M,Y,Y,2,270000.0,Commercial associate,Higher education,Married,House / apartment,-17280,-565,Managers,4,3,1
5046191,0.0,0,M,Y,Y,2,270000.0,Commercial associate,Higher education,Married,House / apartment,-17280,-565,Managers,4,3,1
5046192,0.0,C,M,Y,Y,2,270000.0,Commercial associate,Higher education,Married,House / apartment,-17280,-565,Managers,4,0,1
5046208,0.0,C,M,N,Y,1,157500.0,Working,Secondary / secondary special,Married,House / apartment,-12078,-2727,Security staff,3,2,1
5046232,0.0,X,M,Y,Y,0,112500.0,Working,Secondary / secondary special,Single / not married,House / apartment,-10475,-2757,Drivers,1,2,0
5046233,0.0,C,M,Y,Y,0,112500.0,Working,Secondary / secondary special,Single / not married,House / apartment,-10475,-2757,Drivers,1,2,0
5046235,0.0,C,M,Y,Y,0,112500.0,Working,Secondary / secondary special,Single / not married,House / apartment,-10475,-2757,Drivers,1,2,0
5046236,0.0,X,F,N,Y,1,180000.0,Working,Higher education,Married,House / apartment,-19240,-3457,Managers,3,1,1
5046237,0.0,X,F,N,Y,1,180000.0,Working,Higher education,Married,House / apartment,-19240,-3457,Managers,3,1,1
5046243,0.0,0,M,Y,N,2,292500.0,Commercial associate,Secondary / secondary special,Married,House / apartment,-13195,-1266,Laborers,4,1,1
5046244,0.0,0,M,Y,N,2,292500.0,Commercial associate,Secondary / secondary special,Married,House / apartment,-13195,-1266,Laborers,4,1,1
5046268,0.0,X,F,Y,Y,1,157500.0,Working,Secondary / secondary special,Single / not married,House / apartment,-10671,-1266,Private service staff,2,4,0
5046269,0.0,X,F,Y,Y,1,157500.0,Working,Secondary / secondary special,Single / not married,House / apartment,-10671,-1266,Private service staff,2,4,0
5046271,0.0,X,F,Y,Y,1,157500.0,Working,Secondary / secondary special,Single / not married,House / apartment,-10671,-1266,Private service staff,2,4,0
5046276,0.0,C,F,N,N,1,99000.0,Working,Secondary / secondary special,Civil marriage,Municipal apartment,-16243,-3273,Accountants,3,4,1
5046277,0.0,C,F,N,N,1,99000.0,Working,Secondary / secondary special,Civil marriage,Municipal apartment,-16243,-3273,Accountants,3,4,1
5046278,0.0,C,F,N,N,1,99000.0,Working,Secondary / secondary special,Civil marriage,Municipal apartment,-16243,-3273,Accountants,3,4,1
5046281,0.0,C,F,Y,Y,0,90000.0,Commercial associate,Secondary / secondary special,Married,House / apartment,-11160,-1904,Sales staff,2,0,0
5046296,0.0,C,F,Y,Y,1,72000.0,Working,Secondary / secondary special,Married,House / apartment,-17136,-1266,Sales staff,3,2,1
5046297,0.0,X,F,Y,Y,1,72000.0,Working,Secondary / secondary special,Married,House / apartment,-17136,-1266,Sales staff,3,4,1
5046298,0.0,C,F,Y,Y,1,72000.0,Working,Secondary / secondary special,Married,House / apartment,-17136,-1266,Sales staff,3,2,1
5046299,0.0,0,F,Y,Y,1,72000.0,Working,Secondary / secondary special,Married,House / apartment,-17136,-1266,Sales staff,3,4,1
5046310,0.0,0,M,N,Y,0,157500.0,Working,Secondary / secondary special,Single / not married,House / apartment,-11859,-1022,Managers,1,4,0
5046311,0.0,C,M,N,Y,0,157500.0,Working,Secondary / secondary special,Single / not married,House / apartment,-11859,-1022,Managers,1,2,0
5046314,0.0,C,M,Y,Y,0,315000.0,Commercial associate,Secondary / secondary special,Married,House / apartment,-21601,-1600,Managers,2,0,2
5046315,0.0,X,M,Y,Y,0,315000.0,Commercial associate,Secondary / secondary special,Married,House / apartment,-21601,-1600,Managers,2,1,2
5046316,0.0,0,M,Y,Y,0,315000.0,Commercial associate,Secondary / secondary special,Married,House / apartment,-21601,-1600,Managers,2,1,2
5046325,0.0,C,F,N,Y,1,157500.0,Commercial associate,Secondary / secondary special,Married,House / apartment,-15466,-2269,Low-skill Laborers,3,1,1
5046326,0.0,0,F,N,Y,1,157500.0,Commercial associate,Secondary / secondary special,Married,House / apartment,-15466,-2269,Low-skill Laborers,3,1,1
5046327,0.0,C,F,N,Y,1,157500.0,Commercial associate,Secondary / secondary special,Married,House / apartment,-15466,-2269,Low-skill Laborers,3,1,1
5046333,0.0,0,F,Y,Y,1,112500.0,Commercial associate,Secondary / secondary special,Married,House / apartment,-13448,-2422,Laborers,3,1,1
5046336,0.0,X,F,N,N,1,85500.0,Working,Secondary / secondary special,Civil marriage,House / apartment,-10217,-900,Accountants,3,4,1
5046349,0.0,X,M,Y,N,0,202500.0,Commercial associate,Secondary / secondary special,Married,House / apartment,-16224,-2574,Security staff,2,1,0
5046350,0.0,X,M,Y,N,0,202500.0,Commercial associate,Secondary / secondary special,Married,House / apartment,-16224,-2574,Security staff,2,1,0
5046359,0.0,C,M,Y,N,0,202500.0,Commercial associate,Secondary / secondary special,Married,House / apartment,-16224,-2574,Security staff,2,0,0
5046364,0.0,X,F,N,N,0,139500.0,Working,Secondary / secondary special,Civil marriage,House / apartment,-15021,-1235,Sales staff,2,4,0
5046369,0.0,C,F,N,Y,0,120150.0,Commercial associate,Secondary / secondary special,Single / not married,House / apartment,-22220,-930,Security staff,1,1,0
5046370,0.0,C,F,N,Y,0,120150.0,Commercial associate,Secondary / secondary special,Single / not married,House / apartment,-22220,-930,Security staff,1,1,0
5046371,0.0,C,F,N,Y,0,120150.0,Commercial associate,Secondary / secondary special,Single / not married,House / apartment,-22220,-930,Security staff,1,1,0
5046372,0.0,C,F,N,Y,0,120150.0,Commercial associate,Secondary / secondary special,Single / not married,House / apartment,-22220,-930,Security staff,1,1,0
5046374,0.0,C,F,N,N,0,180000.0,Working,Incomplete higher,Married,House / apartment,-19558,-1904,Laborers,2,2,0
5046377,0.0,0,F,N,N,0,180000.0,Working,Incomplete higher,Married,House / apartment,-19558,-1904,Laborers,2,4,0
5046378,0.0,0,F,N,N,0,180000.0,Working,Incomplete higher,Married,House / apartment,-19558,-1904,Laborers,2,4,0
5046379,0.0,C,F,N,N,0,180000.0,Working,Incomplete higher,Married,House / apartment,-19558,-1904,Laborers,2,2,0
5046381,0.0,0,F,N,N,0,180000.0,Working,Incomplete higher,Married,House / apartment,-19558,-1904,Laborers,2,4,0
5046382,0.0,0,F,N,N,0,180000.0,Working,Incomplete higher,Married,House / apartment,-19558,-1904,Laborers,2,4,0
5046383,0.0,X,F,N,N,0,180000.0,Working,Incomplete higher,Married,House / apartment,-19558,-1904,Laborers,2,4,0
5046406,0.0,C,M,Y,Y,0,382500.0,Working,Secondary / secondary special,Married,House / apartment,-21748,-1388,Security staff,2,2,2
5046407,0.0,C,M,Y,Y,0,382500.0,Working,Secondary / secondary special,Married,House / apartment,-21748,-1388,Security staff,2,2,2
5046408,0.0,0,M,Y,Y,0,382500.0,Working,Secondary / secondary special,Married,House / apartment,-21748,-1388,Security staff,2,2,2
5046424,0.0,C,M,Y,Y,0,225000.0,Working,Secondary / secondary special,Married,House / apartment,-10911,-535,Laborers,2,2,0
5046427,0.0,0,M,Y,Y,0,225000.0,Working,Secondary / secondary special,Married,House / apartment,-10911,-535,Laborers,2,2,0
5046428,0.0,C,M,Y,Y,0,225000.0,Working,Secondary / secondary special,Married,House / apartment,-10911,-535,Laborers,2,2,0
5046429,0.0,C,M,Y,Y,0,225000.0,Working,Secondary / secondary special,Married,House / apartment,-10911,-535,Laborers,2,2,0
5046430,0.0,0,M,Y,Y,0,225000.0,Working,Secondary / secondary special,Married,House / apartment,-10911,-535,Laborers,2,2,0
5046431,0.0,C,M,Y,Y,0,225000.0,Working,Secondary / secondary special,Married,House / apartment,-10911,-535,Laborers,2,2,0
5046432,0.0,0,F,N,Y,1,157500.0,Commercial associate,Higher education,Married,House / apartment,-14110,-4979,Laborers,3,3,1
5046434,0.0,C,F,N,Y,1,157500.0,Commercial associate,Higher education,Married,House / apartment,-14110,-4979,Laborers,3,3,1
5046440,0.0,X,M,Y,Y,0,157500.0,State servant,Higher education,Married,House / apartment,-16783,-473,Core staff,2,3,0
5046443,0.0,C,M,Y,Y,0,157500.0,State servant,Higher education,Married,House / apartment,-16783,-473,Core staff,2,0,0
5046444,0.0,C,F,N,N,0,67500.0,Working,Secondary / secondary special,Married,With parents,-16366,-108,Cleaning staff,2,2,0
5046445,0.0,C,F,N,N,0,67500.0,Working,Secondary / secondary special,Married,With parents,-16366,-108,Cleaning staff,2,2,0
5046446,0.0,C,F,N,N,0,67500.0,Working,Secondary / secondary special,Married,With parents,-16366,-108,Cleaning staff,2,2,0
5046447,0.0,C,F,N,N,0,67500.0,Working,Secondary / secondary special,Married,With parents,-16366,-108,Cleaning staff,2,2,0
5046448,0.0,X,M,Y,N,1,405000.0,Commercial associate,Higher education,Married,House / apartment,-12179,-535,Managers,3,3,2
5046449,0.0,X,M,Y,N,1,405000.0,Commercial associate,Higher education,Married,House / apartment,-12179,-535,Managers,3,3,2
5046450,0.0,0,M,Y,N,1,405000.0,Commercial associate,Higher education,Married,House / apartment,-12179,-535,Managers,3,3,2
5046451,0.0,X,M,Y,N,1,405000.0,Commercial associate,Higher education,Married,House / apartment,-12179,-535,Managers,3,3,2
5046452,0.0,X,M,Y,N,1,405000.0,Commercial associate,Higher education,Married,House / apartment,-12179,-535,Managers,3,3,2
5046453,0.0,0,M,Y,N,1,405000.0,Commercial associate,Higher education,Married,House / apartment,-12179,-535,Managers,3,3,2
5046455,0.0,C,M,Y,N,1,405000.0,Commercial associate,Higher education,Married,House / apartment,-12179,-535,Managers,3,0,2
5046457,0.0,X,M,Y,N,1,405000.0,Commercial associate,Higher education,Married,House / apartment,-12179,-535,Managers,3,3,2
5046478,0.0,C,F,N,Y,0,216000.0,State servant,Higher education,Married,House / apartment,-19949,-4644,Core staff,2,3,0
5046480,0.0,C,M,Y,Y,0,292500.0,Commercial associate,Secondary / secondary special,Married,With parents,-9980,-351,Drivers,2,0,2
5046481,0.0,C,M,Y,Y,0,292500.0,Commercial associate,Secondary / secondary special,Married,With parents,-9980,-351,Drivers,2,0,2
5046484,0.0,X,F,N,Y,1,67500.0,Working,Higher education,Married,House / apartment,-11140,-991,Managers,3,1,1
5046486,0.0,X,F,N,Y,1,67500.0,Working,Higher education,Married,House / apartment,-11140,-991,Managers,3,1,1
5046487,0.0,0,M,Y,N,3,180000.0,Commercial associate,Secondary / secondary special,Married,House / apartment,-15752,-878,Drivers,5,1,1
5046488,0.0,0,F,Y,N,2,135000.0,Commercial associate,Secondary / secondary special,Separated,House / apartment,-10625,-1701,Security staff,3,1,1
5046490,0.0,0,M,N,Y,0,112500.0,Working,Secondary / secondary special,Single / not married,House / apartment,-8718,-756,Laborers,1,4,0
5046491,0.0,X,M,N,Y,0,112500.0,Working,Secondary / secondary special,Single / not married,House / apartment,-8718,-756,Laborers,1,4,0
5046492,0.0,X,M,N,Y,0,112500.0,Working,Secondary / secondary special,Single / not married,House / apartment,-8718,-756,Laborers,1,4,0
5046497,0.0,C,F,Y,Y,1,135000.0,Commercial associate,Secondary / secondary special,Married,House / apartment,-14687,-786,Sales staff,3,0,1
5046498,0.0,X,F,Y,Y,1,135000.0,Commercial associate,Secondary / secondary special,Married,House / apartment,-14687,-786,Sales staff,3,1,1
5046499,0.0,X,F,Y,Y,1,135000.0,Commercial associate,Secondary / secondary special,Married,House / apartment,-14687,-786,Sales staff,3,1,1
5046500,0.0,C,F,N,Y,0,256500.0,Commercial associate,Higher education,Separated,House / apartment,-19604,-970,Managers,1,3,0
5046501,0.0,C,F,N,Y,0,256500.0,Commercial associate,Higher education,Separated,House / apartment,-19604,-970,Managers,1,3,0
5046503,0.0,C,F,N,Y,0,256500.0,Commercial associate,Higher education,Separated,House / apartment,-19604,-970,Managers,1,3,0
5046505,0.0,C,F,N,Y,0,256500.0,Commercial associate,Higher education,Separated,House / apartment,-19604,-970,Managers,1,3,0
5046506,0.0,C,F,N,Y,0,256500.0,Commercial associate,Higher education,Separated,House / apartment,-19604,-970,Managers,1,3,0
5046508,0.0,X,F,N,Y,0,256500.0,Commercial associate,Higher education,Separated,House / apartment,-19604,-970,Managers,1,3,0
5046510,0.0,C,M,N,Y,1,157500.0,Working,Secondary / secondary special,Civil marriage,House / apartment,-13314,-544,Drivers,3,2,1
5046511,0.0,X,M,N,Y,1,157500.0,Working,Secondary / secondary special,Civil marriage,House / apartment,-13314,-544,Drivers,3,4,1
5046513,0.0,C,M,N,Y,1,157500.0,Working,Secondary / secondary special,Civil marriage,House / apartment,-13314,-544,Drivers,3,2,1
5046514,0.0,X,M,N,Y,1,157500.0,Working,Secondary / secondary special,Civil marriage,House / apartment,-13314,-544,Drivers,3,4,1
5046523,0.0,X,F,N,Y,1,81000.0,Working,Secondary / secondary special,Married,House / apartment,-15039,-1456,Core staff,3,4,1
5046524,0.0,X,F,N,Y,1,81000.0,Working,Secondary / secondary special,Married,House / apartment,-15039,-1456,Core staff,3,4,1
5046526,0.0,C,F,Y,Y,0,67500.0,Working,Secondary / secondary special,Married,House / apartment,-19433,-3892,Sales staff,2,2,0
5046528,0.0,C,F,Y,Y,0,67500.0,Working,Secondary / secondary special,Married,House / apartment,-19433,-3892,Sales staff,2,2,0
5046539,0.0,C,M,Y,Y,1,373500.0,State servant,Higher education,Married,Office apartment,-13001,-1213,Core staff,3,0,2
5046540,0.0,C,M,Y,Y,1,373500.0,State servant,Higher education,Married,Office apartment,-13001,-1213,Core staff,3,0,2
5046541,0.0,0,M,Y,Y,1,373500.0,State servant,Higher education,Married,Office apartment,-13001,-1213,Core staff,3,3,2
5046542,0.0,0,M,Y,Y,1,373500.0,State servant,Higher education,Married,Office apartment,-13001,-1213,Core staff,3,3,2
5046543,0.0,C,F,N,Y,1,148500.0,Working,Secondary / secondary special,Married,House / apartment,-15083,-847,High skill tech staff,3,2,1
5046545,0.0,C,F,N,Y,1,148500.0,Working,Secondary / secondary special,Married,House / apartment,-15083,-847,High skill tech staff,3,2,1
5046547,0.0,C,F,N,Y,1,148500.0,Working,Secondary / secondary special,Married,House / apartment,-15083,-847,High skill tech staff,3,2,1
5046548,0.0,C,F,N,Y,1,148500.0,Working,Secondary / secondary special,Married,House / apartment,-15083,-847,High skill tech staff,3,2,1
5046550,0.0,C,F,N,Y,0,90000.0,Working,Higher education,Separated,House / apartment,-18130,-666,Laborers,1,0,0
5046551,0.0,C,F,N,Y,0,90000.0,Working,Higher education,Separated,House / apartment,-18130,-666,Laborers,1,0,0
5046552,0.0,C,F,N,Y,0,90000.0,Working,Higher education,Separated,House / apartment,-18130,-666,Laborers,1,0,0
5046553,0.0,C,F,N,Y,0,90000.0,Working,Higher education,Separated,House / apartment,-18130,-666,Laborers,1,0,0
5046555,0.0,C,M,Y,Y,0,360000.0,Working,Higher education,Married,House / apartment,-17255,-4865,Laborers,2,0,2
5046556,0.0,C,M,Y,Y,0,360000.0,Working,Higher education,Married,House / apartment,-17255,-4865,Laborers,2,0,2
5046558,0.0,C,F,Y,Y,0,256500.0,Commercial associate,Higher education,Civil marriage,House / apartment,-14131,-2674,Accountants,2,3,2
5046559,0.0,C,F,Y,Y,0,256500.0,Commercial associate,Higher education,Civil marriage,House / apartment,-14131,-2674,Accountants,2,3,2
5046560,0.0,C,F,Y,Y,0,256500.0,Commercial associate,Higher education,Civil marriage,House / apartment,-14131,-2674,Accountants,2,3,2
5046566,0.0,0,M,N,N,1,337500.0,Commercial associate,Higher education,Married,House / apartment,-17593,-2370,Managers,3,3,2
5047637,0.0,0,F,N,Y,3,202500.0,State servant,Higher education,Married,House / apartment,-12904,-1404,Core staff,5,3,1
5047638,0.0,X,F,N,Y,3,202500.0,State servant,Higher education,Married,House / apartment,-12904,-1404,Core staff,5,3,1
5047648,0.0,0,F,N,Y,1,247500.0,Commercial associate,Higher education,Married,House / apartment,-11232,-461,Accountants,3,3,1
5047651,0.0,C,F,Y,N,1,162000.0,Working,Secondary / secondary special,Separated,House / apartment,-14786,-4601,Sales staff,2,2,0
5047652,0.0,X,F,Y,N,1,162000.0,Working,Secondary / secondary special,Separated,House / apartment,-14786,-4601,Sales staff,2,4,0
5047654,0.0,X,F,Y,N,1,162000.0,Working,Secondary / secondary special,Separated,House / apartment,-14786,-4601,Sales staff,2,4,0
5047658,0.0,C,F,Y,N,1,162000.0,Working,Secondary / secondary special,Separated,House / apartment,-14786,-4601,Sales staff,2,2,0
5047659,0.0,C,F,Y,N,1,162000.0,Working,Secondary / secondary special,Separated,House / apartment,-14786,-4601,Sales staff,2,2,0
5047665,0.0,C,F,N,Y,1,67500.0,Commercial associate,Secondary / secondary special,Married,House / apartment,-18880,-4114,Accountants,3,1,1
5047668,0.0,C,F,N,N,1,180000.0,State servant,Higher education,Married,House / apartment,-14069,-2500,Core staff,3,3,1
5047669,0.0,0,F,N,N,1,180000.0,State servant,Higher education,Married,House / apartment,-14069,-2500,Core staff,3,3,1
5047670,0.0,C,F,N,N,1,180000.0,State servant,Higher education,Married,House / apartment,-14069,-2500,Core staff,3,3,1
5047671,0.0,C,F,N,N,1,180000.0,State servant,Higher education,Married,House / apartment,-14069,-2500,Core staff,3,3,1
5047673,0.0,0,F,N,N,1,180000.0,State servant,Higher education,Married,House / apartment,-14069,-2500,Core staff,3,3,1
5047675,0.0,0,F,N,N,1,180000.0,State servant,Higher education,Married,House / apartment,-14069,-2500,Core staff,3,3,1
5047676,0.0,0,F,N,N,1,180000.0,State servant,Higher education,Married,House / apartment,-14069,-2500,Core staff,3,3,1
5047677,0.0,C,F,N,N,1,180000.0,State servant,Higher education,Married,House / apartment,-14069,-2500,Core staff,3,3,1
5047678,0.0,0,F,N,N,1,180000.0,State servant,Higher education,Married,House / apartment,-14069,-2500,Core staff,3,3,1
5047679,0.0,0,M,Y,Y,0,135000.0,Working,Higher education,Married,House / apartment,-9075,-614,Sales staff,2,0,0
5047681,0.0,X,M,Y,Y,0,135000.0,Working,Higher education,Married,House / apartment,-9075,-614,Sales staff,2,0,0
5047683,0.0,0,M,Y,Y,0,135000.0,Working,Higher education,Married,House / apartment,-9075,-614,Sales staff,2,0,0
5047684,0.0,C,M,Y,Y,0,135000.0,Working,Higher education,Married,House / apartment,-9075,-614,Sales staff,2,0,0
5047688,0.0,X,F,N,Y,0,99000.0,Commercial associate,Secondary / secondary special,Married,House / apartment,-19298,-4813,Accountants,2,1,0
5047689,0.0,C,F,N,Y,0,99000.0,Commercial associate,Secondary / secondary special,Married,House / apartment,-19298,-4813,Accountants,2,1,0
5047690,0.0,0,F,N,Y,3,103500.0,Working,Secondary / secondary special,Married,House / apartment,-15491,-2957,Cleaning staff,5,4,1
5047691,0.0,X,F,N,Y,3,103500.0,Working,Secondary / secondary special,Married,House / apartment,-15491,-2957,Cleaning staff,5,4,1
5047692,0.0,0,M,Y,Y,0,157500.0,Working,Higher education,Married,House / apartment,-21873,-4691,Laborers,2,0,0
5047693,0.0,0,M,Y,Y,0,157500.0,Working,Higher education,Married,House / apartment,-21873,-4691,Laborers,2,0,0
5047695,0.0,C,F,N,N,0,202500.0,Commercial associate,Higher education,Civil marriage,House / apartment,-9278,-339,Sales staff,2,3,0
5047696,0.0,C,F,N,N,0,202500.0,Commercial associate,Higher education,Civil marriage,House / apartment,-9278,-339,Sales staff,2,3,0
5047708,0.0,C,F,N,Y,0,76500.0,Working,Secondary / secondary special,Married,House / apartment,-17782,-3291,Managers,2,2,0
5047709,0.0,C,F,N,Y,0,76500.0,Working,Secondary / secondary special,Married,House / apartment,-17782,-3291,Managers,2,2,0
5047710,0.0,C,F,N,Y,0,76500.0,Working,Secondary / secondary special,Married,House / apartment,-17782,-3291,Managers,2,2,0
5047716,0.0,C,F,N,Y,0,76500.0,Working,Secondary / secondary special,Married,House / apartment,-17782,-3291,Managers,2,2,0
5047723,0.0,C,F,N,N,0,85500.0,Working,Higher education,Married,House / apartment,-14414,-1253,Accountants,2,0,0
5047730,0.0,0,F,N,Y,1,112500.0,State servant,Incomplete higher,Married,House / apartment,-14423,-4571,Accountants,3,1,1
5047737,0.0,0,M,Y,Y,0,135000.0,Commercial associate,Secondary / secondary special,Single / not married,House / apartment,-8737,-369,Sales staff,1,1,0
5047738,0.0,C,M,Y,Y,0,135000.0,Commercial associate,Secondary / secondary special,Single / not married,House / apartment,-8737,-369,Sales staff,1,0,0
5047746,0.0,C,F,N,Y,2,157500.0,Commercial associate,Secondary / secondary special,Married,House / apartment,-10086,-1679,Sales staff,4,1,1
5047747,0.0,C,F,N,Y,2,157500.0,Commercial associate,Secondary / secondary special,Married,House / apartment,-10086,-1679,Sales staff,4,1,1
5047760,0.0,X,M,N,Y,2,135000.0,Commercial associate,Higher education,Married,House / apartment,-12932,-583,Laborers,4,3,1
5047762,0.0,C,F,N,N,0,135000.0,Commercial associate,Secondary / secondary special,Married,House / apartment,-16008,-157,Cooking staff,2,1,0
5047763,0.0,C,F,N,N,0,135000.0,Commercial associate,Secondary / secondary special,Married,House / apartment,-16008,-157,Cooking staff,2,1,0
5047764,0.0,C,F,N,N,0,135000.0,Commercial associate,Secondary / secondary special,Married,House / apartment,-16008,-157,Cooking staff,2,1,0
5047771,0.0,0,F,N,Y,0,157500.0,Working,Secondary / secondary special,Single / not married,House / apartment,-14325,-277,Sales staff,1,4,0
5047775,0.0,C,F,N,Y,0,225000.0,Commercial associate,Secondary / secondary special,Separated,House / apartment,-19733,-3901,Private service staff,1,1,0
5047778,0.0,0,F,N,Y,1,157500.0,Working,Secondary / secondary special,Married,House / apartment,-14760,-218,Sales staff,3,4,1
5047779,0.0,0,F,N,Y,1,157500.0,Working,Secondary / secondary special,Married,House / apartment,-14760,-218,Sales staff,3,4,1
5047780,0.0,0,F,N,Y,1,157500.0,Working,Secondary / secondary special,Married,House / apartment,-14760,-218,Sales staff,3,4,1
5047784,0.0,X,F,Y,Y,0,225000.0,Commercial associate,Higher education,Civil marriage,House / apartment,-11879,-308,Sales staff,2,3,0
5047796,0.0,0,F,N,Y,1,112500.0,Student,Secondary / secondary special,Civil marriage,House / apartment,-12127,-795,Laborers,3,4,1
5047798,0.0,0,F,N,Y,1,112500.0,Student,Secondary / secondary special,Civil marriage,House / apartment,-12127,-795,Laborers,3,4,1
5047804,0.0,0,M,N,Y,0,135000.0,Working,Secondary / secondary special,Single / not married,House / apartment,-17137,-614,Laborers,1,4,0
5047805,0.0,0,M,N,Y,0,135000.0,Working,Secondary / secondary special,Single / not married,House / apartment,-17137,-614,Laborers,1,4,0
5047808,0.0,C,F,Y,N,0,103500.0,Working,Higher education,Married,House / apartment,-14276,-2561,Sales staff,2,0,0
5047809,0.0,1,F,Y,N,0,103500.0,Working,Higher education,Married,House / apartment,-14276,-2561,Sales staff,2,1,0
5047811,0.0,C,F,Y,N,0,103500.0,Working,Higher education,Married,House / apartment,-14276,-2561,Sales staff,2,0,0
5047812,0.0,C,F,Y,N,0,103500.0,Working,Higher education,Married,House / apartment,-14276,-2561,Sales staff,2,0,0
5047813,0.0,C,F,Y,N,0,103500.0,Working,Higher education,Married,House / apartment,-14276,-2561,Sales staff,2,0,0
5047816,0.0,X,F,Y,N,0,135000.0,Commercial associate,Secondary / secondary special,Married,House / apartment,-10445,-249,Laborers,2,1,0
5047818,0.0,C,F,Y,N,0,135000.0,Commercial associate,Secondary / secondary special,Married,House / apartment,-10445,-249,Laborers,2,0,0
5047819,0.0,C,F,Y,N,0,135000.0,Commercial associate,Secondary / secondary special,Married,House / apartment,-10445,-249,Laborers,2,0,0
5047821,0.0,0,F,Y,N,0,135000.0,Commercial associate,Secondary / secondary special,Married,House / apartment,-10445,-249,Laborers,2,1,0
5047822,0.0,C,F,Y,N,0,135000.0,Commercial associate,Secondary / secondary special,Married,House / apartment,-10445,-249,Laborers,2,0,0
5047823,0.0,C,F,Y,N,0,135000.0,Commercial associate,Secondary / secondary special,Married,House / apartment,-10445,-249,Laborers,2,0,0
5047824,0.0,X,F,Y,N,0,135000.0,Commercial associate,Secondary / secondary special,Married,House / apartment,-10445,-249,Laborers,2,1,0
5047825,0.0,X,F,Y,N,0,135000.0,Commercial associate,Secondary / secondary special,Married,House / apartment,-10445,-249,Laborers,2,1,0
5047827,0.0,C,F,Y,N,0,135000.0,Commercial associate,Secondary / secondary special,Married,House / apartment,-10445,-249,Laborers,2,0,0
5047829,0.0,C,F,Y,N,0,135000.0,Commercial associate,Secondary / secondary special,Married,House / apartment,-10445,-249,Laborers,2,0,0
5047830,0.0,0,F,Y,N,0,135000.0,Commercial associate,Secondary / secondary special,Married,House / apartment,-10445,-249,Laborers,2,1,0
5047831,0.0,0,F,Y,N,0,135000.0,Commercial associate,Secondary / secondary special,Married,House / apartment,-10445,-249,Laborers,2,1,0
5047836,0.0,C,M,Y,Y,0,315000.0,Commercial associate,Secondary / secondary special,Married,House / apartment,-21871,-979,Drivers,2,0,2
5047840,0.0,C,M,Y,Y,0,315000.0,Commercial associate,Secondary / secondary special,Married,House / apartment,-21871,-979,Drivers,2,0,2
5047844,0.0,C,M,Y,Y,0,315000.0,Commercial associate,Secondary / secondary special,Married,House / apartment,-21871,-979,Drivers,2,0,2
5047847,0.0,C,M,Y,Y,0,315000.0,Commercial associate,Secondary / secondary special,Married,House / apartment,-21871,-979,Drivers,2,0,2
5047848,0.0,X,M,Y,Y,0,315000.0,Commercial associate,Secondary / secondary special,Married,House / apartment,-21871,-979,Drivers,2,1,2
5047849,0.0,X,M,Y,Y,0,315000.0,Commercial associate,Secondary / secondary special,Married,House / apartment,-21871,-979,Drivers,2,1,2
5047850,0.0,0,M,Y,Y,0,315000.0,Commercial associate,Secondary / secondary special,Married,House / apartment,-21871,-979,Drivers,2,1,2
5047877,0.0,0,F,N,Y,2,405000.0,State servant,Secondary / secondary special,Married,House / apartment,-18459,-4145,Medicine staff,4,1,2
5047879,0.0,0,F,N,Y,2,405000.0,State servant,Secondary / secondary special,Married,House / apartment,-18459,-4145,Medicine staff,4,1,2
5047881,0.0,X,F,N,Y,2,405000.0,State servant,Secondary / secondary special,Married,House / apartment,-18459,-4145,Medicine staff,4,1,2
5047884,0.0,C,F,Y,Y,1,76500.0,Working,Secondary / secondary special,Civil marriage,House / apartment,-14429,-2592,Core staff,3,2,1
5047887,0.0,C,M,Y,Y,2,225000.0,Working,Secondary / secondary special,Married,House / apartment,-13532,-3870,Laborers,4,2,1
5047892,0.0,X,M,N,N,0,135000.0,Commercial associate,Secondary / secondary special,Separated,House / apartment,-18975,-1618,Laborers,1,1,0
5047898,0.0,C,F,N,Y,0,202500.0,Working,Secondary / secondary special,Married,House / apartment,-18381,-734,Medicine staff,2,2,0
5047899,0.0,C,F,N,Y,0,202500.0,Working,Secondary / secondary special,Married,House / apartment,-18381,-734,Medicine staff,2,2,0
5047900,0.0,C,F,N,Y,0,202500.0,Working,Secondary / secondary special,Married,House / apartment,-18381,-734,Medicine staff,2,2,0
5047901,0.0,0,F,N,Y,0,202500.0,Working,Secondary / secondary special,Married,House / apartment,-18381,-734,Medicine staff,2,4,0
5047904,0.0,C,F,N,Y,0,202500.0,Working,Secondary / secondary special,Married,House / apartment,-18381,-734,Medicine staff,2,2,0
5047905,0.0,C,F,N,Y,2,202500.0,Working,Secondary / secondary special,Married,Municipal apartment,-11468,-4448,Laborers,4,2,1
5047907,0.0,C,F,N,Y,2,202500.0,Working,Secondary / secondary special,Married,Municipal apartment,-11468,-4448,Laborers,4,2,1
5047908,0.0,C,F,N,Y,2,202500.0,Working,Secondary / secondary special,Married,Municipal apartment,-11468,-4448,Laborers,4,2,1
5047912,0.0,X,F,N,Y,0,135000.0,Working,Secondary / secondary special,Married,House / apartment,-19844,-2440,Laborers,2,4,0
5047913,0.0,X,F,N,Y,0,135000.0,Working,Secondary / secondary special,Married,House / apartment,-19844,-2440,Laborers,2,4,0
5047914,0.0,X,F,N,Y,0,135000.0,Working,Secondary / secondary special,Married,House / apartment,-19844,-2440,Laborers,2,4,0
5047915,0.0,C,F,N,Y,2,180000.0,Working,Secondary / secondary special,Married,House / apartment,-12899,-157,Laborers,4,2,1
5047918,0.0,C,F,N,Y,2,180000.0,Working,Secondary / secondary special,Married,House / apartment,-12899,-157,Laborers,4,2,1
5047920,0.0,C,F,N,Y,2,180000.0,Working,Secondary / secondary special,Married,House / apartment,-12899,-157,Laborers,4,2,1
5047923,0.0,C,M,Y,Y,0,202500.0,Commercial associate,Secondary / secondary special,Married,House / apartment,-17850,-2014,Cooking staff,2,0,0
5047924,0.0,C,M,Y,Y,0,202500.0,Commercial associate,Secondary / secondary special,Married,House / apartment,-17850,-2014,Cooking staff,2,0,0
5047926,0.0,C,M,Y,Y,0,202500.0,Commercial associate,Secondary / secondary special,Married,House / apartment,-17850,-2014,Cooking staff,2,0,0
5047927,0.0,0,M,Y,Y,0,202500.0,Commercial associate,Secondary / secondary special,Married,House / apartment,-17850,-2014,Cooking staff,2,1,0
5047928,0.0,0,M,Y,Y,0,202500.0,Commercial associate,Secondary / secondary special,Married,House / apartment,-17850,-2014,Cooking staff,2,1,0
5047929,0.0,C,M,Y,N,0,292500.0,Working,Secondary / secondary special,Single / not married,House / apartment,-13999,-1526,Drivers,1,2,0
5047930,0.0,0,M,Y,N,0,292500.0,Working,Secondary / secondary special,Single / not married,House / apartment,-13999,-1526,Drivers,1,4,0
5047931,0.0,0,M,Y,N,0,292500.0,Working,Secondary / secondary special,Single / not married,House / apartment,-13999,-1526,Drivers,1,4,0
5047932,0.0,0,M,Y,N,0,292500.0,Working,Secondary / secondary special,Single / not married,House / apartment,-13999,-1526,Drivers,1,4,0
5047934,0.0,C,M,Y,Y,1,270000.0,Commercial associate,Incomplete higher,Married,House / apartment,-16570,-2806,Managers,3,0,2
5047935,0.0,0,M,Y,Y,1,270000.0,Commercial associate,Incomplete higher,Married,House / apartment,-16570,-2806,Managers,3,3,2
5047948,0.0,C,F,Y,Y,1,90000.0,State servant,Secondary / secondary special,Married,House / apartment,-13639,-188,Cooking staff,3,0,1
5047949,0.0,X,F,Y,Y,1,90000.0,State servant,Secondary / secondary special,Married,House / apartment,-13639,-188,Cooking staff,3,1,1
5047953,0.0,C,M,N,N,0,146250.0,Working,Secondary / secondary special,Single / not married,Rented apartment,-9225,-522,Laborers,1,2,0
5047954,0.0,C,M,N,N,0,146250.0,Working,Secondary / secondary special,Single / not married,Rented apartment,-9225,-522,Laborers,1,2,0
5047955,0.0,0,M,N,Y,0,144000.0,Working,Secondary / secondary special,Civil marriage,House / apartment,-16979,-1830,Security staff,2,4,0
5047958,0.0,0,M,N,Y,0,144000.0,Working,Secondary / secondary special,Civil marriage,House / apartment,-16979,-1830,Security staff,2,4,0
5047962,0.0,C,F,Y,Y,0,112500.0,Working,Secondary / secondary special,Married,House / apartment,-12078,-673,Laborers,2,2,0
5047963,0.0,C,F,Y,Y,0,112500.0,Working,Secondary / secondary special,Married,House / apartment,-12078,-673,Laborers,2,2,0
5047964,0.0,C,F,Y,Y,0,112500.0,Working,Secondary / secondary special,Married,House / apartment,-12078,-673,Laborers,2,2,0
5047965,0.0,C,F,Y,Y,0,112500.0,Working,Secondary / secondary special,Married,House / apartment,-12078,-673,Laborers,2,2,0
5047968,0.0,C,F,Y,Y,0,112500.0,Working,Secondary / secondary special,Married,House / apartment,-12078,-673,Laborers,2,2,0
5047969,0.0,C,F,Y,Y,0,112500.0,Working,Secondary / secondary special,Married,House / apartment,-12078,-673,Laborers,2,2,0
5047970,0.0,C,F,Y,Y,0,112500.0,Working,Secondary / secondary special,Married,House / apartment,-12078,-673,Laborers,2,2,0
5047971,0.0,C,F,Y,Y,0,112500.0,Working,Secondary / secondary special,Married,House / apartment,-12078,-673,Laborers,2,2,0
5047972,0.0,0,F,Y,Y,0,112500.0,Working,Secondary / secondary special,Married,House / apartment,-12078,-673,Laborers,2,4,0
5047973,0.0,C,M,Y,Y,1,157500.0,Working,Higher education,Married,House / apartment,-9599,-2987,Laborers,3,0,1
5047974,0.0,C,M,Y,Y,1,157500.0,Working,Higher education,Married,House / apartment,-9599,-2987,Laborers,3,0,1
5047980,0.0,C,F,N,N,0,180000.0,Working,Secondary / secondary special,Widow,Municipal apartment,-21413,-461,Cleaning staff,1,4,0
5047981,0.0,C,F,N,N,0,180000.0,Working,Secondary / secondary special,Widow,Municipal apartment,-21413,-461,Cleaning staff,1,4,0
5047986,0.0,0,F,N,Y,0,180000.0,State servant,Secondary / secondary special,Married,House / apartment,-19783,-3992,Managers,2,1,0
5047987,0.0,C,F,N,Y,0,180000.0,State servant,Secondary / secondary special,Married,House / apartment,-19783,-3992,Managers,2,0,0
5047990,0.0,C,F,N,Y,0,180000.0,State servant,Secondary / secondary special,Married,House / apartment,-19783,-3992,Managers,2,0,0
5047993,0.0,C,F,N,Y,0,180000.0,State servant,Secondary / secondary special,Married,House / apartment,-19783,-3992,Managers,2,0,0
5047994,0.0,0,F,N,Y,0,180000.0,State servant,Secondary / secondary special,Married,House / apartment,-19783,-3992,Managers,2,1,0
5047995,0.0,X,F,N,Y,0,112500.0,Working,Secondary / secondary special,Widow,House / apartment,-19393,-583,Cooking staff,1,4,0
5047996,0.0,X,F,N,Y,0,112500.0,Working,Secondary / secondary special,Widow,House / apartment,-19393,-583,Cooking staff,1,4,0
5047997,0.0,X,F,N,Y,0,112500.0,Working,Secondary / secondary special,Widow,House / apartment,-19393,-583,Cooking staff,1,4,0
5047999,0.0,X,F,N,Y,0,112500.0,Working,Secondary / secondary special,Widow,House / apartment,-19393,-583,Cooking staff,1,4,0
5048000,0.0,X,F,N,N,0,162000.0,Commercial associate,Secondary / secondary special,Married,House / apartment,-20008,-6578,Core staff,2,1,0
5048001,0.0,0,F,N,N,0,162000.0,Commercial associate,Secondary / secondary special,Married,House / apartment,-20008,-6578,Core staff,2,1,0
5048002,0.0,0,F,N,N,0,162000.0,Commercial associate,Secondary / secondary special,Married,House / apartment,-20008,-6578,Core staff,2,1,0
5048006,0.0,0,M,Y,Y,0,247500.0,Working,Secondary / secondary special,Married,House / apartment,-14122,-3383,Managers,2,2,0
5048008,0.0,X,M,Y,Y,0,247500.0,Working,Secondary / secondary special,Married,House / apartment,-14122,-3383,Managers,2,2,0
5048009,0.0,0,M,Y,Y,0,247500.0,Working,Secondary / secondary special,Married,House / apartment,-14122,-3383,Managers,2,2,0
5048012,0.0,X,M,Y,Y,0,247500.0,Working,Secondary / secondary special,Married,House / apartment,-14122,-3383,Managers,2,2,0
5048016,0.0,X,M,Y,Y,2,180000.0,Working,Secondary / secondary special,Civil marriage,House / apartment,-13059,-4813,Laborers,4,2,1
5048018,0.0,C,M,Y,Y,2,180000.0,Working,Secondary / secondary special,Civil marriage,House / apartment,-13059,-4813,Laborers,4,2,1
5048019,0.0,X,M,Y,Y,2,180000.0,Working,Secondary / secondary special,Civil marriage,House / apartment,-13059,-4813,Laborers,4,2,1
5048020,0.0,X,M,Y,Y,2,180000.0,Working,Secondary / secondary special,Civil marriage,House / apartment,-13059,-4813,Laborers,4,2,1
5048021,0.0,X,M,Y,Y,2,180000.0,Working,Secondary / secondary special,Civil marriage,House / apartment,-13059,-4813,Laborers,4,2,1
5048023,0.0,X,M,Y,Y,2,180000.0,Working,Secondary / secondary special,Civil marriage,House / apartment,-13059,-4813,Laborers,4,2,1
5048025,0.0,X,M,Y,Y,2,180000.0,Working,Secondary / secondary special,Civil marriage,House / apartment,-13059,-4813,Laborers,4,2,1
5048027,0.0,X,M,Y,Y,2,180000.0,Working,Secondary / secondary special,Civil marriage,House / apartment,-13059,-4813,Laborers,4,2,1
5048031,0.0,X,M,Y,Y,2,180000.0,Working,Secondary / secondary special,Civil marriage,House / apartment,-13059,-4813,Laborers,4,2,1
5048032,0.0,X,M,Y,Y,2,180000.0,Working,Secondary / secondary special,Civil marriage,House / apartment,-13059,-4813,Laborers,4,2,1
5048033,0.0,C,M,Y,Y,2,180000.0,Working,Secondary / secondary special,Civil marriage,House / apartment,-13059,-4813,Laborers,4,2,1
5048034,0.0,C,M,Y,Y,2,180000.0,Working,Secondary / secondary special,Civil marriage,House / apartment,-13059,-4813,Laborers,4,2,1
5048036,0.0,X,M,Y,Y,2,180000.0,Working,Secondary / secondary special,Civil marriage,House / apartment,-13059,-4813,Laborers,4,2,1
5048037,0.0,X,M,Y,Y,2,180000.0,Working,Secondary / secondary special,Civil marriage,House / apartment,-13059,-4813,Laborers,4,2,1
5048042,0.0,C,F,N,Y,0,121500.0,Commercial associate,Higher education,Civil marriage,House / apartment,-11157,-277,Accountants,2,3,0
5048043,0.0,C,F,N,Y,0,121500.0,Commercial associate,Higher education,Civil marriage,House / apartment,-11157,-277,Accountants,2,3,0
5048044,0.0,C,F,N,Y,0,121500.0,Commercial associate,Higher education,Civil marriage,House / apartment,-11157,-277,Accountants,2,3,0
5048045,0.0,C,F,N,Y,0,121500.0,Commercial associate,Higher education,Civil marriage,House / apartment,-11157,-277,Accountants,2,3,0
5048046,0.0,0,F,N,Y,0,121500.0,Commercial associate,Higher education,Civil marriage,House / apartment,-11157,-277,Accountants,2,3,0
5048049,0.0,C,F,N,Y,0,121500.0,Commercial associate,Higher education,Civil marriage,House / apartment,-11157,-277,Accountants,2,3,0
5048050,0.0,C,F,N,Y,0,121500.0,Commercial associate,Higher education,Civil marriage,House / apartment,-11157,-277,Accountants,2,3,0
5048060,0.0,X,M,N,Y,0,292500.0,Commercial associate,Higher education,Married,House / apartment,-16280,-887,Laborers,2,3,2
5048061,0.0,X,M,N,Y,0,292500.0,Commercial associate,Higher education,Married,House / apartment,-16280,-887,Laborers,2,3,2
5048064,0.0,C,F,N,Y,0,193500.0,Working,Higher education,Single / not married,House / apartment,-17081,-4783,Laborers,1,0,0
5048066,0.0,0,F,N,Y,0,193500.0,Working,Higher education,Single / not married,House / apartment,-17081,-4783,Laborers,1,1,0
5048068,0.0,0,F,N,Y,0,193500.0,Working,Higher education,Single / not married,House / apartment,-17081,-4783,Laborers,1,1,0
5048071,0.0,0,F,N,Y,0,193500.0,Working,Higher education,Single / not married,House / apartment,-17081,-4783,Laborers,1,1,0
5048072,0.0,0,F,N,Y,0,193500.0,Working,Higher education,Single / not married,House / apartment,-17081,-4783,Laborers,1,1,0
5048073,0.0,0,F,N,Y,0,225000.0,Working,Higher education,Widow,House / apartment,-21450,-13245,Core staff,1,1,0
5048074,0.0,0,F,N,Y,0,225000.0,Working,Higher education,Widow,House / apartment,-21450,-13245,Core staff,1,1,0
5048076,0.0,C,F,N,Y,0,225000.0,Working,Higher education,Widow,House / apartment,-21450,-13245,Core staff,1,0,0
5048091,0.0,C,M,Y,Y,3,315000.0,Working,Secondary / secondary special,Married,House / apartment,-15391,-5787,Managers,5,2,1
5048093,0.0,C,M,Y,Y,3,315000.0,Working,Secondary / secondary special,Married,House / apartment,-15391,-5787,Managers,5,2,1
5048096,0.0,C,F,N,Y,0,144000.0,Working,Secondary / secondary special,Single / not married,House / apartment,-15138,-1769,Laborers,1,4,0
5048097,0.0,C,F,N,Y,0,144000.0,Working,Secondary / secondary special,Single / not married,House / apartment,-15138,-1769,Laborers,1,4,0
5048098,0.0,C,F,N,Y,0,90000.0,Commercial associate,Secondary / secondary special,Married,House / apartment,-14960,-2865,Laborers,2,1,0
5048099,0.0,C,F,N,Y,0,90000.0,Commercial associate,Secondary / secondary special,Married,House / apartment,-14960,-2865,Laborers,2,1,0
5048100,0.0,C,F,N,Y,0,90000.0,Commercial associate,Secondary / secondary special,Married,House / apartment,-14960,-2865,Laborers,2,1,0
5048101,0.0,C,F,Y,Y,1,157500.0,Working,Lower secondary,Married,House / apartment,-14400,-1435,Sales staff,3,0,1
5048104,0.0,C,F,Y,Y,1,157500.0,Working,Lower secondary,Married,House / apartment,-14400,-1435,Sales staff,3,0,1
5048106,0.0,C,F,Y,Y,1,157500.0,Working,Lower secondary,Married,House / apartment,-14400,-1435,Sales staff,3,0,1
5048107,0.0,0,F,Y,Y,1,157500.0,Working,Lower secondary,Married,House / apartment,-14400,-1435,Sales staff,3,1,1
5048111,0.0,1,M,N,N,1,225000.0,Commercial associate,Higher education,Married,House / apartment,-10565,-2348,Laborers,3,1,0
5048115,0.0,X,M,Y,Y,1,225000.0,Working,Higher education,Married,House / apartment,-12203,-1314,Managers,3,0,1
5048117,0.0,C,M,Y,Y,1,225000.0,Working,Higher education,Married,House / apartment,-12203,-1314,Managers,3,0,1
5048142,0.0,0,M,Y,Y,0,135000.0,Commercial associate,Secondary / secondary special,Married,House / apartment,-18103,-3840,Laborers,2,1,0
5048144,0.0,0,M,Y,Y,0,135000.0,Commercial associate,Secondary / secondary special,Married,House / apartment,-18103,-3840,Laborers,2,1,0
5048145,0.0,0,M,Y,Y,0,135000.0,Commercial associate,Secondary / secondary special,Married,House / apartment,-18103,-3840,Laborers,2,1,0
5048148,0.0,C,M,Y,Y,0,135000.0,Commercial associate,Secondary / secondary special,Married,House / apartment,-18103,-3840,Laborers,2,0,0
5048149,0.0,C,M,Y,Y,0,135000.0,Commercial associate,Secondary / secondary special,Married,House / apartment,-18103,-3840,Laborers,2,0,0
5048150,0.0,0,M,Y,Y,0,135000.0,Commercial associate,Secondary / secondary special,Married,House / apartment,-18103,-3840,Laborers,2,1,0
5048152,0.0,C,M,Y,Y,0,135000.0,Commercial associate,Secondary / secondary special,Married,House / apartment,-18103,-3840,Laborers,2,0,0
5048154,0.0,X,F,Y,N,2,135000.0,Working,Secondary / secondary special,Married,With parents,-10018,-704,Laborers,4,2,1
5048155,0.0,0,F,N,Y,2,121500.0,Working,Secondary / secondary special,Civil marriage,House / apartment,-10625,-1800,Sales staff,4,4,1
5048175,0.0,X,M,Y,N,0,148500.0,Working,Secondary / secondary special,Civil marriage,House / apartment,-10986,-3595,Laborers,2,2,0
5048177,0.0,C,M,Y,N,0,148500.0,Working,Secondary / secondary special,Civil marriage,House / apartment,-10986,-3595,Laborers,2,2,0
5048178,0.0,0,M,Y,N,0,148500.0,Working,Secondary / secondary special,Civil marriage,House / apartment,-10986,-3595,Laborers,2,4,0
5048179,0.0,0,M,Y,N,0,148500.0,Working,Secondary / secondary special,Civil marriage,House / apartment,-10986,-3595,Laborers,2,4,0
5048188,0.0,C,M,Y,Y,0,247500.0,State servant,Higher education,Single / not married,House / apartment,-10012,-826,High skill tech staff,1,0,0
5048194,0.0,C,M,Y,Y,0,247500.0,State servant,Higher education,Single / not married,House / apartment,-10012,-826,High skill tech staff,1,0,0
5048196,0.0,C,M,Y,Y,0,247500.0,State servant,Higher education,Single / not married,House / apartment,-10012,-826,High skill tech staff,1,0,0
5048197,0.0,X,M,Y,Y,0,247500.0,State servant,Higher education,Single / not married,House / apartment,-10012,-826,High skill tech staff,1,3,0
5048198,0.0,0,M,Y,Y,0,247500.0,State servant,Higher education,Single / not married,House / apartment,-10012,-826,High skill tech staff,1,3,0
5048214,0.0,X,M,Y,Y,1,270000.0,Commercial associate,Secondary / secondary special,Married,House / apartment,-12250,-857,Laborers,3,2,1
5048215,0.0,X,M,Y,Y,1,270000.0,Commercial associate,Secondary / secondary special,Married,House / apartment,-12250,-857,Laborers,3,2,1
5048216,0.0,0,M,Y,Y,1,270000.0,Commercial associate,Secondary / secondary special,Married,House / apartment,-12250,-857,Laborers,3,1,1
5048217,0.0,X,M,Y,Y,1,270000.0,Commercial associate,Secondary / secondary special,Married,House / apartment,-12250,-857,Laborers,3,2,1
5048218,0.0,C,M,N,Y,0,90000.0,Working,Secondary / secondary special,Separated,Rented apartment,-9327,-96,Laborers,1,2,0
5048219,0.0,C,M,N,Y,0,90000.0,Working,Secondary / secondary special,Separated,Rented apartment,-9327,-96,Laborers,1,2,0
5048220,0.0,0,M,N,Y,0,90000.0,Working,Secondary / secondary special,Separated,Rented apartment,-9327,-96,Laborers,1,4,0
5048221,0.0,X,F,N,Y,0,130500.0,Commercial associate,Secondary / secondary special,Married,Municipal apartment,-18232,-3505,Sales staff,2,1,0
5048228,0.0,C,F,N,N,0,90000.0,Working,Secondary / secondary special,Separated,House / apartment,-18764,-9866,Laborers,1,2,0
5048229,0.0,C,F,N,N,0,90000.0,Working,Secondary / secondary special,Separated,House / apartment,-18764,-9866,Laborers,1,2,0
5048230,0.0,X,F,N,N,0,90000.0,Working,Secondary / secondary special,Separated,House / apartment,-18764,-9866,Laborers,1,4,0
5048233,0.0,0,F,Y,Y,0,144000.0,Commercial associate,Secondary / secondary special,Married,House / apartment,-12116,-2714,Drivers,2,1,0
5048235,0.0,0,F,Y,Y,0,144000.0,Commercial associate,Secondary / secondary special,Married,House / apartment,-12116,-2714,Drivers,2,1,0
5048236,0.0,0,F,Y,Y,0,144000.0,Commercial associate,Secondary / secondary special,Married,House / apartment,-12116,-2714,Drivers,2,1,0
5048237,0.0,X,F,Y,Y,0,144000.0,Commercial associate,Secondary / secondary special,Married,House / apartment,-12116,-2714,Drivers,2,1,0
5048238,0.0,C,F,Y,Y,0,144000.0,Commercial associate,Secondary / secondary special,Married,House / apartment,-12116,-2714,Drivers,2,0,0
5048239,0.0,0,F,Y,Y,0,144000.0,Commercial associate,Secondary / secondary special,Married,House / apartment,-12116,-2714,Drivers,2,1,0
5048240,0.0,0,F,Y,Y,0,144000.0,Commercial associate,Secondary / secondary special,Married,House / apartment,-12116,-2714,Drivers,2,1,0
5048241,0.0,C,F,Y,Y,0,144000.0,Commercial associate,Secondary / secondary special,Married,House / apartment,-12116,-2714,Drivers,2,0,0
5048245,0.0,C,M,Y,Y,0,112500.0,Working,Secondary / secondary special,Married,House / apartment,-13440,-6639,Core staff,2,2,0
5048246,0.0,C,M,Y,Y,0,112500.0,Working,Secondary / secondary special,Married,House / apartment,-13440,-6639,Core staff,2,2,0
5048248,0.0,C,M,Y,Y,0,112500.0,Working,Secondary / secondary special,Married,House / apartment,-13440,-6639,Core staff,2,2,0
5048249,0.0,C,M,Y,Y,0,112500.0,Working,Secondary / secondary special,Married,House / apartment,-13440,-6639,Core staff,2,2,0
5048250,0.0,C,M,Y,Y,0,112500.0,Working,Secondary / secondary special,Married,House / apartment,-13440,-6639,Core staff,2,2,0
5048252,0.0,X,F,Y,Y,0,225000.0,Working,Secondary / secondary special,Married,House / apartment,-15798,-887,Managers,2,2,0
5048271,0.0,C,F,Y,N,1,112500.0,Working,Higher education,Single / not married,House / apartment,-10028,-1618,Core staff,2,0,0
5048272,0.0,C,F,Y,N,1,112500.0,Working,Higher education,Single / not married,House / apartment,-10028,-1618,Core staff,2,0,0
5048273,0.0,X,F,Y,N,1,112500.0,Working,Higher education,Single / not married,House / apartment,-10028,-1618,Core staff,2,1,0
5048274,0.0,C,F,Y,N,1,112500.0,Working,Higher education,Single / not married,House / apartment,-10028,-1618,Core staff,2,0,0
5048276,0.0,C,F,Y,N,1,112500.0,Working,Higher education,Single / not married,House / apartment,-10028,-1618,Core staff,2,0,0
5048278,0.0,X,F,N,Y,0,270000.0,Working,Higher education,Widow,House / apartment,-19301,-2622,Managers,1,1,0
5048279,0.0,C,F,N,Y,0,270000.0,Working,Higher education,Widow,House / apartment,-19301,-2622,Managers,1,0,0
5048282,0.0,X,F,N,Y,0,270000.0,Working,Higher education,Widow,House / apartment,-19301,-2622,Managers,1,1,0
5048285,0.0,0,F,N,Y,0,270000.0,Working,Higher education,Widow,House / apartment,-19301,-2622,Managers,1,1,0
5048302,0.0,X,F,N,Y,0,85500.0,Working,Secondary / secondary special,Married,House / apartment,-20119,-10657,Core staff,2,4,0
5048303,0.0,C,F,N,N,0,90000.0,Working,Higher education,Separated,House / apartment,-21887,-1526,Core staff,1,0,0
5048304,0.0,X,F,N,N,0,90000.0,Working,Higher education,Separated,House / apartment,-21887,-1526,Core staff,1,1,0
5048305,0.0,C,F,N,N,0,90000.0,Working,Higher education,Separated,House / apartment,-21887,-1526,Core staff,1,0,0
5048318,0.0,X,F,N,N,0,90000.0,Working,Higher education,Separated,House / apartment,-21887,-1526,Core staff,1,1,0
5048319,0.0,C,F,N,N,0,90000.0,Working,Higher education,Separated,House / apartment,-21887,-1526,Core staff,1,0,0
5048320,0.0,C,F,N,N,0,90000.0,Working,Higher education,Separated,House / apartment,-21887,-1526,Core staff,1,0,0
5048321,0.0,0,M,Y,Y,1,270000.0,Working,Secondary / secondary special,Married,House / apartment,-18383,-3870,Drivers,3,2,2
5048322,0.0,0,M,Y,Y,1,270000.0,Working,Secondary / secondary special,Married,House / apartment,-18383,-3870,Drivers,3,2,2
5048323,0.0,0,M,Y,Y,1,270000.0,Working,Secondary / secondary special,Married,House / apartment,-18383,-3870,Drivers,3,2,2
5048324,0.0,0,M,N,Y,0,135000.0,Working,Secondary / secondary special,Single / not married,House / apartment,-9530,-430,Security staff,1,4,0
5048327,0.0,X,M,N,Y,0,135000.0,Working,Secondary / secondary special,Single / not married,House / apartment,-9530,-430,Security staff,1,4,0
5048328,0.0,0,M,N,Y,0,135000.0,Working,Secondary / secondary special,Single / not married,House / apartment,-9530,-430,Security staff,1,4,0
5048341,0.0,C,F,N,N,0,157500.0,Working,Higher education,Married,House / apartment,-19657,-1710,Sales staff,2,0,0
5048343,0.0,C,F,N,N,0,157500.0,Working,Higher education,Married,House / apartment,-19657,-1710,Sales staff,2,0,0
5048345,0.0,C,F,N,N,0,157500.0,Working,Higher education,Married,House / apartment,-19657,-1710,Sales staff,2,0,0
5048346,0.0,C,F,N,N,0,157500.0,Working,Higher education,Married,House / apartment,-19657,-1710,Sales staff,2,0,0
5048348,0.0,0,F,N,Y,0,90000.0,Working,Secondary / secondary special,Widow,House / apartment,-16578,-7189,High skill tech staff,1,4,0
5048353,0.0,C,F,N,Y,0,90000.0,Working,Secondary / secondary special,Widow,House / apartment,-16578,-7189,High skill tech staff,1,4,0
5048386,0.0,0,F,Y,Y,0,202500.0,Working,Higher education,Single / not married,House / apartment,-10754,-3870,Accountants,1,1,0
5048397,0.0,X,F,N,Y,0,360000.0,Commercial associate,Higher education,Separated,House / apartment,-17965,-2775,Private service staff,1,3,2
5048399,0.0,X,F,N,Y,0,360000.0,Commercial associate,Higher education,Separated,House / apartment,-17965,-2775,Private service staff,1,3,2
5048400,0.0,X,F,N,Y,0,360000.0,Commercial associate,Higher education,Separated,House / apartment,-17965,-2775,Private service staff,1,3,2
5048401,0.0,X,F,N,Y,0,360000.0,Commercial associate,Higher education,Separated,House / apartment,-17965,-2775,Private service staff,1,3,2
5048402,0.0,X,F,N,Y,0,360000.0,Commercial associate,Higher education,Separated,House / apartment,-17965,-2775,Private service staff,1,3,2
5048412,0.0,X,F,N,Y,0,229500.0,Working,Higher education,Married,House / apartment,-16641,-1192,Core staff,2,1,0
5048413,0.0,X,F,N,Y,0,229500.0,Working,Higher education,Married,House / apartment,-16641,-1192,Core staff,2,1,0
5048414,0.0,X,F,N,Y,0,229500.0,Working,Higher education,Married,House / apartment,-16641,-1192,Core staff,2,1,0
5048416,0.0,X,F,N,Y,0,229500.0,Working,Higher education,Married,House / apartment,-16641,-1192,Core staff,2,1,0
5048426,0.0,X,F,N,Y,0,171000.0,Working,Secondary / secondary special,Single / not married,House / apartment,-19881,-8405,Accountants,1,4,0
5048427,0.0,0,F,N,Y,0,171000.0,Working,Secondary / secondary special,Single / not married,House / apartment,-19881,-8405,Accountants,1,4,0
5048428,0.0,0,F,N,Y,0,171000.0,Working,Secondary / secondary special,Single / not married,House / apartment,-19881,-8405,Accountants,1,4,0
5048429,0.0,C,F,N,Y,0,171000.0,Working,Secondary / secondary special,Single / not married,House / apartment,-19881,-8405,Accountants,1,4,0
5048430,0.0,X,F,N,Y,0,171000.0,Working,Secondary / secondary special,Single / not married,House / apartment,-19881,-8405,Accountants,1,4,0
5048467,0.0,C,F,N,Y,0,112500.0,State servant,Higher education,Married,Municipal apartment,-22339,-4540,Accountants,2,3,0
5048468,0.0,C,F,N,Y,0,112500.0,State servant,Higher education,Married,Municipal apartment,-22339,-4540,Accountants,2,3,0
5048469,0.0,X,F,N,Y,0,112500.0,State servant,Higher education,Married,Municipal apartment,-22339,-4540,Accountants,2,3,0
5048471,0.0,X,M,N,N,0,144000.0,Commercial associate,Incomplete higher,Single / not married,Rented apartment,-10337,-795,Security staff,1,1,0
5048472,0.0,0,M,Y,N,0,225000.0,Working,Secondary / secondary special,Single / not married,House / apartment,-9187,-308,Core staff,1,4,0
5048474,0.0,1,M,Y,N,0,225000.0,Working,Secondary / secondary special,Single / not married,House / apartment,-9187,-308,Core staff,1,1,0
5048475,0.0,C,M,Y,N,0,225000.0,Working,Secondary / secondary special,Single / not married,House / apartment,-9187,-308,Core staff,1,2,0
5048476,0.0,0,M,Y,N,0,225000.0,Working,Secondary / secondary special,Single / not married,House / apartment,-9187,-308,Core staff,1,4,0
5048478,0.0,0,M,Y,N,0,225000.0,Working,Secondary / secondary special,Single / not married,House / apartment,-9187,-308,Core staff,1,4,0
5048483,0.0,X,M,Y,Y,0,202500.0,Working,Secondary / secondary special,Married,House / apartment,-12992,-734,Drivers,2,2,0
5048485,0.0,X,M,Y,Y,0,202500.0,Working,Secondary / secondary special,Married,House / apartment,-12992,-734,Drivers,2,2,0
5048486,0.0,X,M,Y,Y,0,202500.0,Working,Secondary / secondary special,Married,House / apartment,-12992,-734,Drivers,2,2,0
5048487,0.0,C,M,Y,Y,0,202500.0,Working,Secondary / secondary special,Married,House / apartment,-12992,-734,Drivers,2,2,0
5048488,0.0,X,M,Y,Y,0,202500.0,Working,Secondary / secondary special,Married,House / apartment,-12992,-734,Drivers,2,2,0
5048489,0.0,C,M,Y,N,2,213750.0,State servant,Higher education,Married,House / apartment,-12569,-3748,Core staff,4,0,1
5048490,0.0,C,M,Y,N,2,213750.0,State servant,Higher education,Married,House / apartment,-12569,-3748,Core staff,4,0,1
5048493,0.0,C,M,Y,N,2,213750.0,State servant,Higher education,Married,House / apartment,-12569,-3748,Core staff,4,0,1
5048494,0.0,C,M,Y,N,2,213750.0,State servant,Higher education,Married,House / apartment,-12569,-3748,Core staff,4,0,1
5048495,0.0,C,M,Y,N,2,213750.0,State servant,Higher education,Married,House / apartment,-12569,-3748,Core staff,4,0,1
5048499,0.0,C,F,Y,Y,1,76500.0,Working,Secondary / secondary special,Married,House / apartment,-11869,-4479,Core staff,3,2,1
5048500,0.0,X,F,Y,Y,1,76500.0,Working,Secondary / secondary special,Married,House / apartment,-11869,-4479,Core staff,3,4,1
5048505,0.0,X,F,Y,Y,0,720000.0,State servant,Higher education,Widow,House / apartment,-15031,-5422,Core staff,1,3,2
5048506,0.0,C,F,Y,Y,0,720000.0,State servant,Higher education,Widow,House / apartment,-15031,-5422,Core staff,1,3,2
5048516,0.0,C,F,N,Y,0,157500.0,Working,Secondary / secondary special,Married,House / apartment,-17312,-2500,Sales staff,2,2,0
5048517,0.0,C,F,N,Y,0,157500.0,Working,Secondary / secondary special,Married,House / apartment,-17312,-2500,Sales staff,2,2,0
5048518,0.0,X,F,N,Y,0,157500.0,Working,Secondary / secondary special,Married,House / apartment,-17312,-2500,Sales staff,2,4,0
5048519,0.0,X,F,N,Y,0,157500.0,Working,Secondary / secondary special,Married,House / apartment,-17312,-2500,Sales staff,2,4,0
5048529,0.0,C,F,Y,Y,1,270000.0,Commercial associate,Academic degree,Married,House / apartment,-12155,-979,Sales staff,3,0,1
5048530,0.0,X,F,Y,Y,1,270000.0,Commercial associate,Academic degree,Married,House / apartment,-12155,-979,Sales staff,3,3,1
5048531,0.0,X,F,Y,Y,1,270000.0,Commercial associate,Academic degree,Married,House / apartment,-12155,-979,Sales staff,3,3,1
5048532,0.0,C,F,Y,Y,1,270000.0,Commercial associate,Academic degree,Married,House / apartment,-12155,-979,Sales staff,3,0,1
5048534,0.0,C,F,Y,Y,1,270000.0,Commercial associate,Academic degree,Married,House / apartment,-12155,-979,Sales staff,3,0,1
5048535,0.0,C,F,Y,Y,1,270000.0,Commercial associate,Academic degree,Married,House / apartment,-12155,-979,Sales staff,3,0,1
5048539,0.0,X,F,Y,Y,1,270000.0,Commercial associate,Academic degree,Married,House / apartment,-12155,-979,Sales staff,3,3,1
5048540,0.0,C,F,Y,Y,1,270000.0,Commercial associate,Academic degree,Married,House / apartment,-12155,-979,Sales staff,3,0,1
5048546,0.0,C,F,N,N,0,202500.0,State servant,Secondary / secondary special,Widow,House / apartment,-23306,-430,Core staff,1,1,0
5048547,0.0,C,F,N,N,0,202500.0,State servant,Secondary / secondary special,Widow,House / apartment,-23306,-430,Core staff,1,1,0
5048555,0.0,X,M,Y,Y,1,405000.0,Working,Higher education,Married,House / apartment,-10530,-2165,High skill tech staff,3,0,2
5048556,0.0,X,M,Y,Y,1,405000.0,Working,Higher education,Married,House / apartment,-10530,-2165,High skill tech staff,3,0,2
5048560,0.0,C,F,N,Y,0,126000.0,Working,Secondary / secondary special,Single / not married,House / apartment,-15927,-1039,Private service staff,1,4,0
5048565,0.0,X,M,Y,Y,0,135000.0,Working,Secondary / secondary special,Married,House / apartment,-14948,-8100,Laborers,2,2,0
5048566,0.0,C,M,Y,Y,0,135000.0,Working,Secondary / secondary special,Married,House / apartment,-14948,-8100,Laborers,2,2,0
5048567,0.0,X,M,Y,Y,0,135000.0,Working,Secondary / secondary special,Married,House / apartment,-14948,-8100,Laborers,2,2,0
5048568,0.0,C,M,Y,Y,0,135000.0,Working,Secondary / secondary special,Married,House / apartment,-14948,-8100,Laborers,2,2,0
5048571,0.0,C,M,Y,Y,0,135000.0,Working,Secondary / secondary special,Married,House / apartment,-14948,-8100,Laborers,2,2,0
5048574,0.0,0,M,Y,Y,0,135000.0,Working,Secondary / secondary special,Married,House / apartment,-14948,-8100,Laborers,2,2,0
5048588,0.0,C,F,N,Y,0,247500.0,Working,Secondary / secondary special,Separated,House / apartment,-19348,-3322,Laborers,1,2,0
5048589,0.0,C,F,N,Y,0,247500.0,Working,Secondary / secondary special,Separated,House / apartment,-19348,-3322,Laborers,1,2,0
5048590,0.0,0,F,N,Y,0,247500.0,Working,Secondary / secondary special,Separated,House / apartment,-19348,-3322,Laborers,1,4,0
5048591,0.0,X,F,N,Y,0,247500.0,Working,Secondary / secondary special,Separated,House / apartment,-19348,-3322,Laborers,1,4,0
5048592,0.0,C,F,N,Y,0,247500.0,Working,Secondary / secondary special,Separated,House / apartment,-19348,-3322,Laborers,1,2,0
5048596,0.0,C,F,N,Y,0,315000.0,Working,Secondary / secondary special,Separated,House / apartment,-15256,-3291,Laborers,1,2,2
5048597,0.0,0,F,N,Y,0,315000.0,Working,Secondary / secondary special,Separated,House / apartment,-15256,-3291,Laborers,1,4,2
5048599,0.0,0,F,N,Y,0,315000.0,Working,Secondary / secondary special,Separated,House / apartment,-15256,-3291,Laborers,1,4,2
5048601,0.0,C,F,N,Y,0,315000.0,Working,Secondary / secondary special,Separated,House / apartment,-15256,-3291,Laborers,1,2,2
5048608,0.0,X,F,N,Y,0,315000.0,Working,Secondary / secondary special,Separated,House / apartment,-15256,-3291,Laborers,1,4,2
5048610,0.0,0,F,N,Y,0,315000.0,Working,Secondary / secondary special,Separated,House / apartment,-15256,-3291,Laborers,1,4,2
5048615,0.0,C,M,Y,Y,0,315000.0,Commercial associate,Higher education,Married,Office apartment,-13630,-4387,Core staff,2,0,2
5048616,0.0,C,M,Y,Y,0,315000.0,Commercial associate,Higher education,Married,Office apartment,-13630,-4387,Core staff,2,0,2
5048619,0.0,0,M,Y,Y,0,315000.0,Commercial associate,Higher education,Married,Office apartment,-13630,-4387,Core staff,2,3,2
5048620,0.0,C,M,Y,Y,0,315000.0,Commercial associate,Higher education,Married,Office apartment,-13630,-4387,Core staff,2,0,2
5048623,0.0,0,M,Y,Y,0,315000.0,Commercial associate,Higher education,Married,Office apartment,-13630,-4387,Core staff,2,3,2
5048624,0.0,X,M,Y,Y,0,315000.0,Commercial associate,Higher education,Married,Office apartment,-13630,-4387,Core staff,2,3,2
5048630,0.0,C,M,N,N,2,135000.0,Working,Secondary / secondary special,Married,House / apartment,-13639,-430,Laborers,4,2,1
5048633,0.0,C,M,N,N,2,135000.0,Working,Secondary / secondary special,Married,House / apartment,-13639,-430,Laborers,4,2,1
5048634,0.0,C,M,N,N,2,135000.0,Working,Secondary / secondary special,Married,House / apartment,-13639,-430,Laborers,4,2,1
5048635,0.0,C,M,N,N,2,135000.0,Working,Secondary / secondary special,Married,House / apartment,-13639,-430,Laborers,4,2,1
5048636,0.0,0,M,N,N,2,135000.0,Working,Secondary / secondary special,Married,House / apartment,-13639,-430,Laborers,4,4,1
5048637,0.0,C,M,N,N,2,135000.0,Working,Secondary / secondary special,Married,House / apartment,-13639,-430,Laborers,4,2,1
5048638,0.0,C,M,N,N,2,135000.0,Working,Secondary / secondary special,Married,House / apartment,-13639,-430,Laborers,4,2,1
5048639,0.0,C,M,N,N,2,135000.0,Working,Secondary / secondary special,Married,House / apartment,-13639,-430,Laborers,4,2,1
5048640,0.0,0,M,N,N,2,135000.0,Working,Secondary / secondary special,Married,House / apartment,-13639,-430,Laborers,4,4,1
5050475,0.0,C,F,N,N,0,292500.0,Commercial associate,Secondary / secondary special,Civil marriage,House / apartment,-18698,-10758,Laborers,2,1,2
5050476,0.0,C,F,N,N,0,292500.0,Commercial associate,Secondary / secondary special,Civil marriage,House / apartment,-18698,-10758,Laborers,2,1,2
5050477,0.0,C,F,N,N,0,292500.0,Commercial associate,Secondary / secondary special,Civil marriage,House / apartment,-18698,-10758,Laborers,2,1,2
5050480,0.0,0,F,N,N,0,292500.0,Commercial associate,Secondary / secondary special,Civil marriage,House / apartment,-18698,-10758,Laborers,2,1,2
5050481,0.0,C,F,N,N,0,292500.0,Commercial associate,Secondary / secondary special,Civil marriage,House / apartment,-18698,-10758,Laborers,2,1,2
5050482,0.0,C,F,N,N,0,292500.0,Commercial associate,Secondary / secondary special,Civil marriage,House / apartment,-18698,-10758,Laborers,2,1,2
5050483,0.0,C,F,N,N,0,292500.0,Commercial associate,Secondary / secondary special,Civil marriage,House / apartment,-18698,-10758,Laborers,2,1,2
5050485,0.0,C,F,N,N,0,292500.0,Commercial associate,Secondary / secondary special,Civil marriage,House / apartment,-18698,-10758,Laborers,2,1,2
5050488,0.0,C,F,N,N,0,292500.0,Commercial associate,Secondary / secondary special,Civil marriage,House / apartment,-18698,-10758,Laborers,2,1,2
5050489,0.0,C,F,N,N,0,292500.0,Commercial associate,Secondary / secondary special,Civil marriage,House / apartment,-18698,-10758,Laborers,2,1,2
5050490,0.0,0,F,N,N,0,292500.0,Commercial associate,Secondary / secondary special,Civil marriage,House / apartment,-18698,-10758,Laborers,2,1,2
5050497,0.0,C,F,N,N,0,90000.0,Working,Secondary / secondary special,Married,House / apartment,-18945,-5340,High skill tech staff,2,2,0
5050504,0.0,C,F,N,N,2,135000.0,Commercial associate,Secondary / secondary special,Married,House / apartment,-12541,-4549,Laborers,4,1,1
5050505,0.0,X,F,N,N,2,135000.0,Commercial associate,Secondary / secondary special,Married,House / apartment,-12541,-4549,Laborers,4,1,1
5050506,0.0,X,F,N,N,2,135000.0,Commercial associate,Secondary / secondary special,Married,House / apartment,-12541,-4549,Laborers,4,1,1
5050507,0.0,0,F,N,N,2,135000.0,Commercial associate,Secondary / secondary special,Married,House / apartment,-12541,-4549,Laborers,4,1,1
5050508,0.0,X,F,N,N,2,135000.0,Commercial associate,Secondary / secondary special,Married,House / apartment,-12541,-4549,Laborers,4,1,1
5050509,0.0,X,F,N,N,2,135000.0,Commercial associate,Secondary / secondary special,Married,House / apartment,-12541,-4549,Laborers,4,1,1
5050511,0.0,C,F,N,N,0,225000.0,Commercial associate,Secondary / secondary special,Civil marriage,House / apartment,-19488,-3119,Sales staff,2,1,0
5050513,0.0,C,F,N,N,0,225000.0,Commercial associate,Secondary / secondary special,Civil marriage,House / apartment,-19488,-3119,Sales staff,2,1,0
5050514,0.0,X,F,N,N,0,225000.0,Commercial associate,Secondary / secondary special,Civil marriage,House / apartment,-19488,-3119,Sales staff,2,1,0
5050516,0.0,C,F,N,N,0,225000.0,Commercial associate,Secondary / secondary special,Civil marriage,House / apartment,-19488,-3119,Sales staff,2,1,0
5050517,0.0,X,F,N,N,0,225000.0,Commercial associate,Secondary / secondary special,Civil marriage,House / apartment,-19488,-3119,Sales staff,2,1,0
5050518,0.0,0,F,N,N,0,225000.0,Commercial associate,Secondary / secondary special,Civil marriage,House / apartment,-19488,-3119,Sales staff,2,1,0
5050519,0.0,X,F,N,N,0,225000.0,Commercial associate,Secondary / secondary special,Civil marriage,House / apartment,-19488,-3119,Sales staff,2,1,0
5050520,0.0,X,F,N,N,0,225000.0,Commercial associate,Secondary / secondary special,Civil marriage,House / apartment,-19488,-3119,Sales staff,2,1,0
5050527,0.0,C,F,Y,N,0,135000.0,Working,Secondary / secondary special,Married,House / apartment,-19071,-12462,Core staff,2,2,0
5050529,0.0,C,M,N,N,0,180000.0,Working,Secondary / secondary special,Civil marriage,House / apartment,-10304,-743,Laborers,2,2,0
5050530,0.0,X,M,N,N,0,180000.0,Working,Secondary / secondary special,Civil marriage,House / apartment,-10304,-743,Laborers,2,4,0
5050535,0.0,C,M,N,N,2,225000.0,Working,Higher education,Civil marriage,House / apartment,-16768,-3088,Laborers,4,0,1
5050544,0.0,C,M,N,N,2,225000.0,Working,Higher education,Civil marriage,House / apartment,-16768,-3088,Laborers,4,0,1
5050547,0.0,C,M,N,N,2,225000.0,Working,Higher education,Civil marriage,House / apartment,-16768,-3088,Laborers,4,0,1
5050548,0.0,C,M,N,N,2,225000.0,Working,Higher education,Civil marriage,House / apartment,-16768,-3088,Laborers,4,0,1
5050550,0.0,C,M,N,N,2,225000.0,Working,Higher education,Civil marriage,House / apartment,-16768,-3088,Laborers,4,0,1
5050551,0.0,C,M,N,N,2,225000.0,Working,Higher education,Civil marriage,House / apartment,-16768,-3088,Laborers,4,0,1
5050552,0.0,C,M,N,N,2,225000.0,Working,Higher education,Civil marriage,House / apartment,-16768,-3088,Laborers,4,0,1
5050553,0.0,C,M,N,N,2,225000.0,Working,Higher education,Civil marriage,House / apartment,-16768,-3088,Laborers,4,0,1
5050554,0.0,C,M,N,N,2,225000.0,Working,Higher education,Civil marriage,House / apartment,-16768,-3088,Laborers,4,0,1
5050555,0.0,0,M,N,N,2,225000.0,Working,Higher education,Civil marriage,House / apartment,-16768,-3088,Laborers,4,1,1
5050556,0.0,C,M,N,N,2,225000.0,Working,Higher education,Civil marriage,House / apartment,-16768,-3088,Laborers,4,0,1
5050562,0.0,C,M,N,N,2,225000.0,Working,Higher education,Civil marriage,House / apartment,-16768,-3088,Laborers,4,0,1
5050563,0.0,C,M,N,N,2,225000.0,Working,Higher education,Civil marriage,House / apartment,-16768,-3088,Laborers,4,0,1
5050564,0.0,C,M,N,N,2,225000.0,Working,Higher education,Civil marriage,House / apartment,-16768,-3088,Laborers,4,0,1
5050565,0.0,0,M,N,N,2,225000.0,Working,Higher education,Civil marriage,House / apartment,-16768,-3088,Laborers,4,1,1
5050566,0.0,C,M,N,N,2,225000.0,Working,Higher education,Civil marriage,House / apartment,-16768,-3088,Laborers,4,0,1
5050567,0.0,C,M,Y,N,1,675000.0,Working,Secondary / secondary special,Married,Municipal apartment,-17157,-4549,Managers,3,2,2
5050569,0.0,0,M,Y,N,1,675000.0,Working,Secondary / secondary special,Married,Municipal apartment,-17157,-4549,Managers,3,2,2
5050581,0.0,C,F,N,N,0,126000.0,Working,Secondary / secondary special,Married,House / apartment,-15653,-2235,Laborers,2,2,0
5050582,0.0,C,F,N,N,0,126000.0,Working,Secondary / secondary special,Married,House / apartment,-15653,-2235,Laborers,2,2,0
5050583,0.0,C,F,N,N,0,126000.0,Working,Secondary / secondary special,Married,House / apartment,-15653,-2235,Laborers,2,2,0
5050584,0.0,C,F,N,N,0,126000.0,Working,Secondary / secondary special,Married,House / apartment,-15653,-2235,Laborers,2,2,0
5050586,0.0,C,F,N,N,0,126000.0,Working,Secondary / secondary special,Married,House / apartment,-15653,-2235,Laborers,2,2,0
5050587,0.0,0,F,N,N,0,126000.0,Working,Secondary / secondary special,Married,House / apartment,-15653,-2235,Laborers,2,4,0
5050588,0.0,C,F,Y,N,0,121500.0,Working,Secondary / secondary special,Married,House / apartment,-12662,-1382,Medicine staff,2,2,0
5050589,0.0,X,F,Y,N,0,121500.0,Working,Secondary / secondary special,Married,House / apartment,-12662,-1382,Medicine staff,2,4,0
5050592,0.0,0,F,Y,N,0,121500.0,Working,Secondary / secondary special,Married,House / apartment,-12662,-1382,Medicine staff,2,4,0
5050595,0.0,0,F,Y,N,0,121500.0,Working,Secondary / secondary special,Married,House / apartment,-12662,-1382,Medicine staff,2,4,0
5050596,0.0,X,F,Y,N,0,121500.0,Working,Secondary / secondary special,Married,House / apartment,-12662,-1382,Medicine staff,2,4,0
5050599,0.0,0,F,N,N,0,315000.0,Working,Higher education,Married,House / apartment,-18507,-5857,Core staff,2,1,2
5050600,0.0,C,F,N,N,0,315000.0,Working,Higher education,Married,House / apartment,-18507,-5857,Core staff,2,0,2
5050601,0.0,0,F,N,N,0,315000.0,Working,Higher education,Married,House / apartment,-18507,-5857,Core staff,2,1,2
5050607,0.0,0,M,N,N,0,157500.0,Working,Secondary / secondary special,Married,House / apartment,-18327,-7288,Laborers,2,4,0
5050611,0.0,0,F,Y,N,2,157500.0,Working,Secondary / secondary special,Married,House / apartment,-13811,-378,Sales staff,4,4,1
5050618,0.0,0,M,Y,N,0,90000.0,Working,Secondary / secondary special,Single / not married,House / apartment,-17096,-9236,Drivers,1,4,0
5050622,0.0,C,M,Y,N,0,180000.0,Commercial associate,Secondary / secondary special,Married,House / apartment,-14632,-531,Drivers,2,0,0
5050623,0.0,C,M,Y,N,0,180000.0,Commercial associate,Secondary / secondary special,Married,House / apartment,-14632,-531,Drivers,2,0,0
5050627,0.0,X,M,Y,N,0,315000.0,Working,Secondary / secondary special,Married,House / apartment,-13062,-501,Drivers,2,2,2
5050629,0.0,X,M,Y,N,0,315000.0,Working,Secondary / secondary special,Married,House / apartment,-13062,-501,Drivers,2,2,2
5050630,0.0,0,M,Y,N,0,119250.0,Working,Secondary / secondary special,Married,House / apartment,-17577,-592,Laborers,2,2,0
5050632,0.0,0,M,Y,N,1,270000.0,Working,Secondary / secondary special,Civil marriage,House / apartment,-15987,-592,Drivers,3,4,1
5050634,0.0,0,M,Y,N,1,270000.0,Working,Secondary / secondary special,Civil marriage,House / apartment,-15987,-592,Drivers,3,4,1
5050635,0.0,C,F,N,N,0,225000.0,State servant,Secondary / secondary special,Married,House / apartment,-13556,-2966,Managers,2,0,0
5050636,0.0,0,F,N,N,0,225000.0,State servant,Secondary / secondary special,Married,House / apartment,-13556,-2966,Managers,2,1,0
5050643,0.0,C,M,Y,N,0,346500.0,Commercial associate,Secondary / secondary special,Married,House / apartment,-8990,-1566,Laborers,2,0,2
5050644,0.0,C,M,Y,N,0,346500.0,Commercial associate,Secondary / secondary special,Married,House / apartment,-8990,-1566,Laborers,2,0,2
5050646,0.0,C,M,Y,N,0,346500.0,Commercial associate,Secondary / secondary special,Married,House / apartment,-8990,-1566,Laborers,2,0,2
5050648,0.0,C,F,N,N,0,112500.0,Working,Secondary / secondary special,Married,House / apartment,-14667,-1048,Accountants,2,2,0
5050649,0.0,C,F,N,N,0,112500.0,Working,Secondary / secondary special,Married,House / apartment,-14667,-1048,Accountants,2,2,0
5050650,0.0,C,F,N,N,0,112500.0,Working,Secondary / secondary special,Married,House / apartment,-14667,-1048,Accountants,2,2,0
5050654,0.0,C,F,N,N,0,112500.0,Working,Secondary / secondary special,Married,House / apartment,-14667,-1048,Accountants,2,2,0
5050656,0.0,C,F,N,N,0,112500.0,Working,Secondary / secondary special,Married,House / apartment,-14667,-1048,Accountants,2,2,0
5050657,0.0,0,F,N,N,0,112500.0,Working,Secondary / secondary special,Married,House / apartment,-14667,-1048,Accountants,2,4,0
5050661,0.0,X,F,N,N,0,191250.0,Commercial associate,Secondary / secondary special,Married,House / apartment,-20304,-8171,Laborers,2,1,0
5050666,0.0,0,F,Y,N,0,270000.0,Working,Secondary / secondary special,Single / not married,House / apartment,-15592,-3027,Medicine staff,1,4,0
5050668,0.0,C,F,N,N,1,99000.0,Working,Secondary / secondary special,Married,House / apartment,-15448,-8140,Laborers,3,2,1
5050670,0.0,0,F,N,N,1,99000.0,Working,Secondary / secondary special,Married,House / apartment,-15448,-8140,Laborers,3,4,1
5050672,0.0,C,M,N,N,0,171000.0,Commercial associate,Incomplete higher,Single / not married,House / apartment,-11610,-166,High skill tech staff,1,3,0
5050674,0.0,0,M,Y,N,1,180000.0,Working,Secondary / secondary special,Married,House / apartment,-15889,-105,Drivers,3,2,1
5050677,0.0,C,M,Y,N,0,132372.0,Commercial associate,Secondary / secondary special,Married,With parents,-8414,-378,Sales staff,2,0,0
5050678,0.0,C,M,Y,N,0,132372.0,Commercial associate,Secondary / secondary special,Married,With parents,-8414,-378,Sales staff,2,0,0
5050679,0.0,C,M,Y,N,0,132372.0,Commercial associate,Secondary / secondary special,Married,With parents,-8414,-378,Sales staff,2,0,0
5050681,0.0,0,M,Y,N,0,180000.0,Commercial associate,Secondary / secondary special,Married,Municipal apartment,-10388,-1109,Drivers,2,1,0
5050683,0.0,C,F,N,N,0,157500.0,Working,Secondary / secondary special,Widow,House / apartment,-17963,-197,Cleaning staff,1,4,0
5050686,0.0,C,F,N,N,1,135000.0,Commercial associate,Secondary / secondary special,Single / not married,House / apartment,-14907,-2540,Sales staff,2,1,0
5050688,0.0,C,F,N,N,1,135000.0,Commercial associate,Secondary / secondary special,Single / not married,House / apartment,-14907,-2540,Sales staff,2,1,0
5050689,0.0,C,F,N,N,1,135000.0,Commercial associate,Secondary / secondary special,Single / not married,House / apartment,-14907,-2540,Sales staff,2,1,0
5050690,0.0,C,F,N,N,1,135000.0,Commercial associate,Secondary / secondary special,Single / not married,House / apartment,-14907,-2540,Sales staff,2,1,0
5050691,0.0,0,F,N,N,1,135000.0,Commercial associate,Secondary / secondary special,Single / not married,House / apartment,-14907,-2540,Sales staff,2,1,0
5050692,0.0,X,F,N,N,1,135000.0,Commercial associate,Secondary / secondary special,Single / not married,House / apartment,-14907,-2540,Sales staff,2,1,0
5050693,0.0,0,F,N,N,1,135000.0,Commercial associate,Secondary / secondary special,Single / not married,House / apartment,-14907,-2540,Sales staff,2,1,0
5050714,0.0,C,M,Y,N,0,157500.0,Commercial associate,Higher education,Married,House / apartment,-9579,-835,Laborers,2,0,0
5050715,0.0,0,M,Y,N,0,157500.0,Commercial associate,Higher education,Married,House / apartment,-9579,-835,Laborers,2,3,0
5050718,0.0,C,M,Y,N,0,157500.0,Commercial associate,Higher education,Married,House / apartment,-9579,-835,Laborers,2,0,0
5050721,0.0,0,F,Y,N,0,360000.0,Working,Higher education,Married,House / apartment,-12845,-2296,Accountants,2,1,2
5050727,0.0,C,M,N,N,0,135000.0,Working,Secondary / secondary special,Civil marriage,House / apartment,-8537,-651,Laborers,2,2,0
5050732,0.0,0,F,N,N,0,135000.0,Commercial associate,Higher education,Separated,House / apartment,-11712,-4822,HR staff,1,3,0
5050747,0.0,C,F,N,N,1,159750.0,Commercial associate,Higher education,Civil marriage,House / apartment,-9167,-317,Core staff,3,3,1
5050748,0.0,C,F,N,N,1,159750.0,Commercial associate,Higher education,Civil marriage,House / apartment,-9167,-317,Core staff,3,3,1
5050749,0.0,C,F,N,N,1,159750.0,Commercial associate,Higher education,Civil marriage,House / apartment,-9167,-317,Core staff,3,3,1
5050750,0.0,C,F,N,N,1,159750.0,Commercial associate,Higher education,Civil marriage,House / apartment,-9167,-317,Core staff,3,3,1
5050751,0.0,X,M,Y,N,0,135000.0,Working,Secondary / secondary special,Civil marriage,House / apartment,-20043,-682,Laborers,2,2,0
5050752,0.0,C,M,Y,N,0,135000.0,Working,Secondary / secondary special,Civil marriage,House / apartment,-20043,-682,Laborers,2,2,0
5050753,0.0,C,M,Y,N,0,135000.0,Working,Secondary / secondary special,Civil marriage,House / apartment,-20043,-682,Laborers,2,2,0
5050754,0.0,X,F,N,N,1,132750.0,Working,Secondary / secondary special,Single / not married,House / apartment,-9337,-531,Sales staff,2,4,0
5050756,0.0,X,M,Y,N,0,225000.0,Commercial associate,Secondary / secondary special,Married,House / apartment,-18058,-4031,Drivers,2,1,0
5050758,0.0,C,M,N,N,0,247500.0,Working,Secondary / secondary special,Married,House / apartment,-17974,-1413,Drivers,2,2,0
5050760,0.0,0,M,Y,N,0,180000.0,Working,Secondary / secondary special,Separated,Municipal apartment,-14349,-317,Laborers,1,4,0
5050761,0.0,C,M,Y,N,0,180000.0,Working,Secondary / secondary special,Separated,Municipal apartment,-14349,-317,Laborers,1,2,0
5050763,0.0,0,M,Y,N,0,180000.0,Working,Secondary / secondary special,Separated,Municipal apartment,-14349,-317,Laborers,1,4,0
5050765,0.0,X,F,N,N,2,337500.0,Working,Secondary / secondary special,Married,House / apartment,-10990,-2174,Core staff,4,4,1
5050766,0.0,0,F,N,N,2,337500.0,Working,Secondary / secondary special,Married,House / apartment,-10990,-2174,Core staff,4,4,1
5050767,0.0,0,F,N,N,2,337500.0,Working,Secondary / secondary special,Married,House / apartment,-10990,-2174,Core staff,4,4,1
5050769,0.0,X,F,N,N,2,337500.0,Working,Secondary / secondary special,Married,House / apartment,-10990,-2174,Core staff,4,4,1
5050773,0.0,X,F,N,N,0,91530.0,Working,Secondary / secondary special,Single / not married,House / apartment,-21804,-1627,Managers,1,4,0
5050777,0.0,0,F,Y,N,0,81000.0,Working,Secondary / secondary special,Married,House / apartment,-19219,-988,Sales staff,2,4,0
5050778,0.0,C,M,N,N,0,180000.0,State servant,Secondary / secondary special,Single / not married,House / apartment,-10294,-1992,Laborers,1,2,0
5050779,0.0,C,M,N,N,0,180000.0,State servant,Secondary / secondary special,Single / not married,House / apartment,-10294,-1992,Laborers,1,2,0
5050790,0.0,C,M,N,N,0,180000.0,State servant,Secondary / secondary special,Single / not married,House / apartment,-10294,-1992,Laborers,1,2,0
5050793,0.0,X,F,N,N,0,315000.0,State servant,Higher education,Married,House / apartment,-21247,-6648,Core staff,2,3,2
5050794,0.0,0,F,Y,N,1,135000.0,Working,Higher education,Civil marriage,House / apartment,-12827,-623,Sales staff,3,1,1
5050795,0.0,C,F,Y,N,1,135000.0,Working,Higher education,Civil marriage,House / apartment,-12827,-623,Sales staff,3,0,1
5050796,0.0,C,F,Y,N,1,135000.0,Working,Higher education,Civil marriage,House / apartment,-12827,-623,Sales staff,3,0,1
5050797,0.0,C,F,Y,N,1,135000.0,Working,Higher education,Civil marriage,House / apartment,-12827,-623,Sales staff,3,0,1
5050813,0.0,C,M,N,N,0,157500.0,Commercial associate,Secondary / secondary special,Married,House / apartment,-15496,-2570,Laborers,2,2,0
5050815,0.0,C,M,N,N,0,157500.0,Commercial associate,Secondary / secondary special,Married,House / apartment,-15496,-2570,Laborers,2,2,0
5050824,0.0,C,M,N,N,0,90000.0,Working,Secondary / secondary special,Married,House / apartment,-11146,-1413,Drivers,2,2,0
5050826,0.0,0,M,N,N,0,90000.0,Working,Secondary / secondary special,Married,House / apartment,-11146,-1413,Drivers,2,4,0
5050833,0.0,0,F,N,N,0,103500.0,Working,Secondary / secondary special,Married,House / apartment,-17767,-11062,Medicine staff,2,4,0
5050837,0.0,C,M,Y,N,0,90000.0,Commercial associate,Secondary / secondary special,Married,House / apartment,-22766,-227,Security staff,2,0,0
5050839,0.0,C,M,Y,N,0,90000.0,Commercial associate,Secondary / secondary special,Married,House / apartment,-22766,-227,Security staff,2,0,0
5050840,0.0,0,M,Y,N,0,90000.0,Commercial associate,Secondary / secondary special,Married,House / apartment,-22766,-227,Security staff,2,1,0
5050847,0.0,X,F,N,N,0,157500.0,Working,Secondary / secondary special,Single / not married,House / apartment,-14804,-2754,Laborers,1,4,0
5050848,0.0,C,F,N,N,0,90000.0,Working,Secondary / secondary special,Separated,House / apartment,-15300,-4700,Laborers,1,2,0
5050853,0.0,C,M,N,N,0,180000.0,Commercial associate,Higher education,Single / not married,House / apartment,-9488,-1505,High skill tech staff,1,3,0
5050855,0.0,C,M,N,N,0,180000.0,Commercial associate,Higher education,Single / not married,House / apartment,-9488,-1505,High skill tech staff,1,3,0
5050856,0.0,C,M,N,N,0,180000.0,Commercial associate,Higher education,Single / not married,House / apartment,-9488,-1505,High skill tech staff,1,3,0
5050857,0.0,C,M,N,N,0,180000.0,Commercial associate,Higher education,Single / not married,House / apartment,-9488,-1505,High skill tech staff,1,3,0
5050876,0.0,C,F,N,N,0,270000.0,Working,Secondary / secondary special,Married,House / apartment,-13101,-2204,Accountants,2,2,0
5050877,0.0,C,F,N,N,0,270000.0,Working,Secondary / secondary special,Married,House / apartment,-13101,-2204,Accountants,2,2,0
5050878,0.0,C,F,N,N,0,270000.0,Working,Secondary / secondary special,Married,House / apartment,-13101,-2204,Accountants,2,2,0
5050900,0.0,X,F,N,N,0,270000.0,Commercial associate,Higher education,Married,House / apartment,-14953,-8109,Managers,2,3,2
5050901,0.0,0,F,N,N,0,270000.0,Commercial associate,Higher education,Married,House / apartment,-14953,-8109,Managers,2,3,2
5050902,0.0,C,F,N,N,0,270000.0,Commercial associate,Higher education,Married,House / apartment,-14953,-8109,Managers,2,3,2
5050904,0.0,C,F,N,N,0,270000.0,Commercial associate,Higher education,Married,House / apartment,-14953,-8109,Managers,2,3,2
5050911,0.0,C,F,Y,N,1,180000.0,Commercial associate,Higher education,Married,House / apartment,-13809,-774,Accountants,3,3,1
5050913,0.0,C,F,Y,N,2,126000.0,Working,Higher education,Married,House / apartment,-9678,-1535,Core staff,4,0,1
5050914,0.0,C,F,Y,N,2,126000.0,Working,Higher education,Married,House / apartment,-9678,-1535,Core staff,4,0,1
5050915,0.0,X,F,N,N,0,112500.0,Working,Secondary / secondary special,Married,House / apartment,-16120,-5888,Laborers,2,4,0
5050916,0.0,0,F,N,N,0,112500.0,Working,Secondary / secondary special,Married,House / apartment,-16120,-5888,Laborers,2,4,0
5050918,0.0,0,F,N,N,0,130500.0,Working,Secondary / secondary special,Married,With parents,-8419,-1323,Core staff,2,4,0
5050920,0.0,C,F,Y,N,1,180000.0,Working,Secondary / secondary special,Married,House / apartment,-14527,-3208,Laborers,3,2,1
5050921,0.0,C,F,Y,N,1,180000.0,Working,Secondary / secondary special,Married,House / apartment,-14527,-3208,Laborers,3,2,1
5050925,0.0,C,F,Y,N,1,180000.0,Working,Secondary / secondary special,Married,House / apartment,-14527,-3208,Laborers,3,2,1
5050942,0.0,0,F,N,N,0,170302.5,Commercial associate,Higher education,Married,House / apartment,-16741,-4123,Accountants,2,3,0
5050944,0.0,0,F,N,N,0,135000.0,Commercial associate,Higher education,Married,House / apartment,-12256,-4031,Core staff,2,3,0
5050947,0.0,X,F,N,N,0,135000.0,Commercial associate,Higher education,Married,House / apartment,-12256,-4031,Core staff,2,3,0
5050948,0.0,X,F,N,N,0,135000.0,Commercial associate,Higher education,Married,House / apartment,-12256,-4031,Core staff,2,3,0
5050949,0.0,C,F,N,N,0,135000.0,Commercial associate,Higher education,Married,House / apartment,-12256,-4031,Core staff,2,3,0
5050950,0.0,0,F,N,N,0,135000.0,Commercial associate,Higher education,Married,House / apartment,-12256,-4031,Core staff,2,3,0
5050951,0.0,C,F,N,N,0,135000.0,Commercial associate,Higher education,Married,House / apartment,-12256,-4031,Core staff,2,3,0
5050957,0.0,1,M,N,N,0,180000.0,Commercial associate,Higher education,Single / not married,House / apartment,-10039,-197,Core staff,1,1,0
5050959,0.0,0,F,N,N,0,135000.0,Working,Secondary / secondary special,Married,House / apartment,-19268,-1413,Laborers,2,4,0
5050962,0.0,C,M,N,N,0,157500.0,Working,Secondary / secondary special,Married,House / apartment,-21677,-5400,Low-skill Laborers,2,2,0
5050963,0.0,C,M,N,N,0,157500.0,Working,Secondary / secondary special,Married,House / apartment,-21677,-5400,Low-skill Laborers,2,2,0
5050965,0.0,C,M,N,N,0,157500.0,Working,Secondary / secondary special,Married,House / apartment,-21677,-5400,Low-skill Laborers,2,2,0
5050966,0.0,C,M,N,N,0,157500.0,Working,Secondary / secondary special,Married,House / apartment,-21677,-5400,Low-skill Laborers,2,2,0
5050967,0.0,C,M,N,N,0,157500.0,Working,Secondary / secondary special,Married,House / apartment,-21677,-5400,Low-skill Laborers,2,2,0
5050968,0.0,C,M,N,N,0,157500.0,Working,Secondary / secondary special,Married,House / apartment,-21677,-5400,Low-skill Laborers,2,2,0
5050969,0.0,0,F,N,N,1,112500.0,State servant,Secondary / secondary special,Single / not married,House / apartment,-15964,-7591,Core staff,2,1,0
5050972,0.0,0,F,N,N,1,112500.0,State servant,Secondary / secondary special,Single / not married,House / apartment,-15964,-7591,Core staff,2,1,0
5050975,0.0,0,F,N,N,1,112500.0,State servant,Secondary / secondary special,Single / not married,House / apartment,-15964,-7591,Core staff,2,1,0
5050976,0.0,0,F,N,N,1,112500.0,State servant,Secondary / secondary special,Single / not married,House / apartment,-15964,-7591,Core staff,2,1,0
5050979,0.0,X,M,Y,N,0,54000.0,Working,Secondary / secondary special,Married,House / apartment,-21815,-13800,Laborers,2,2,0
5050982,0.0,0,F,Y,N,1,247500.0,Commercial associate,Secondary / secondary special,Single / not married,House / apartment,-15090,-6495,Sales staff,2,1,0
5050983,0.0,0,F,Y,N,1,247500.0,Commercial associate,Secondary / secondary special,Single / not married,House / apartment,-15090,-6495,Sales staff,2,1,0
5050985,0.0,0,M,N,N,0,265581.0,State servant,Higher education,Married,House / apartment,-10834,-988,Core staff,2,3,0
5051005,0.0,X,F,N,N,0,306000.0,Commercial associate,Higher education,Married,House / apartment,-10707,-1354,Managers,2,3,2
5051006,0.0,X,F,N,N,0,306000.0,Commercial associate,Higher education,Married,House / apartment,-10707,-1354,Managers,2,3,2
5051007,0.0,C,F,N,N,0,306000.0,Commercial associate,Higher education,Married,House / apartment,-10707,-1354,Managers,2,3,2
5051008,0.0,0,F,N,N,1,225000.0,Commercial associate,Secondary / secondary special,Married,House / apartment,-10448,-3392,Realty agents,3,1,1
5051009,0.0,0,F,N,N,1,225000.0,Commercial associate,Secondary / secondary special,Married,House / apartment,-10448,-3392,Realty agents,3,1,1
5051010,0.0,0,F,N,N,1,225000.0,Commercial associate,Secondary / secondary special,Married,House / apartment,-10448,-3392,Realty agents,3,1,1
5051014,0.0,C,F,N,N,1,225000.0,Commercial associate,Secondary / secondary special,Married,House / apartment,-10448,-3392,Realty agents,3,1,1
5051015,0.0,C,F,N,N,0,270000.0,Commercial associate,Secondary / secondary special,Civil marriage,House / apartment,-15381,-470,Laborers,2,1,0
5051017,0.0,C,F,N,N,0,270000.0,Commercial associate,Secondary / secondary special,Civil marriage,House / apartment,-15381,-470,Laborers,2,1,0
5051018,0.0,C,F,N,N,0,270000.0,Commercial associate,Secondary / secondary special,Civil marriage,House / apartment,-15381,-470,Laborers,2,1,0
5051019,0.0,C,F,N,N,0,270000.0,Commercial associate,Secondary / secondary special,Civil marriage,House / apartment,-15381,-470,Laborers,2,1,0
5051020,0.0,C,F,N,N,0,270000.0,Commercial associate,Secondary / secondary special,Civil marriage,House / apartment,-15381,-470,Laborers,2,1,0
5051024,0.0,X,M,N,N,2,382500.0,Commercial associate,Secondary / secondary special,Married,House / apartment,-10919,-378,Drivers,4,1,1
5051025,0.0,X,M,Y,N,0,540000.0,Commercial associate,Higher education,Married,House / apartment,-17249,-1688,Laborers,2,3,2
5051026,0.0,X,M,Y,N,0,540000.0,Commercial associate,Higher education,Married,House / apartment,-17249,-1688,Laborers,2,3,2
5051027,0.0,X,M,Y,N,0,540000.0,Commercial associate,Higher education,Married,House / apartment,-17249,-1688,Laborers,2,3,2
5051029,0.0,X,M,Y,N,0,540000.0,Commercial associate,Higher education,Married,House / apartment,-17249,-1688,Laborers,2,3,2
5051030,0.0,X,M,Y,N,0,540000.0,Commercial associate,Higher education,Married,House / apartment,-17249,-1688,Laborers,2,3,2
5051031,0.0,0,M,Y,N,0,540000.0,Commercial associate,Higher education,Married,House / apartment,-17249,-1688,Laborers,2,3,2
5051032,0.0,X,M,Y,N,0,540000.0,Commercial associate,Higher education,Married,House / apartment,-17249,-1688,Laborers,2,3,2
5051044,0.0,C,M,Y,N,0,67500.0,Working,Secondary / secondary special,Married,House / apartment,-22407,-2174,Laborers,2,2,0
5051045,0.0,C,M,Y,N,0,67500.0,Working,Secondary / secondary special,Married,House / apartment,-22407,-2174,Laborers,2,2,0
5051046,0.0,C,M,Y,N,0,67500.0,Working,Secondary / secondary special,Married,House / apartment,-22407,-2174,Laborers,2,2,0
5051047,0.0,C,M,Y,N,0,67500.0,Working,Secondary / secondary special,Married,House / apartment,-22407,-2174,Laborers,2,2,0
5051048,0.0,C,M,Y,N,0,67500.0,Working,Secondary / secondary special,Married,House / apartment,-22407,-2174,Laborers,2,2,0
5051049,0.0,C,M,Y,N,0,67500.0,Working,Secondary / secondary special,Married,House / apartment,-22407,-2174,Laborers,2,2,0
5051050,0.0,C,M,Y,N,0,67500.0,Working,Secondary / secondary special,Married,House / apartment,-22407,-2174,Laborers,2,2,0
5051051,0.0,C,M,Y,N,0,67500.0,Working,Secondary / secondary special,Married,House / apartment,-22407,-2174,Laborers,2,2,0
5051052,0.0,0,M,Y,N,0,67500.0,Working,Secondary / secondary special,Married,House / apartment,-22407,-2174,Laborers,2,2,0
5051074,0.0,0,F,N,N,0,270000.0,Commercial associate,Secondary / secondary special,Separated,Municipal apartment,-16999,-1140,Sales staff,1,1,0
5051075,0.0,C,F,N,N,0,270000.0,Commercial associate,Secondary / secondary special,Separated,Municipal apartment,-16999,-1140,Sales staff,1,1,0
5051079,0.0,C,F,N,N,0,270000.0,Commercial associate,Secondary / secondary special,Separated,Municipal apartment,-16999,-1140,Sales staff,1,1,0
5051080,0.0,X,F,N,N,0,270000.0,Commercial associate,Secondary / secondary special,Separated,Municipal apartment,-16999,-1140,Sales staff,1,1,0
5051082,0.0,0,F,N,N,0,270000.0,Commercial associate,Secondary / secondary special,Separated,Municipal apartment,-16999,-1140,Sales staff,1,1,0
5051083,0.0,0,F,N,N,0,270000.0,Commercial associate,Secondary / secondary special,Separated,Municipal apartment,-16999,-1140,Sales staff,1,1,0
5051084,0.0,C,F,N,N,0,270000.0,Commercial associate,Secondary / secondary special,Separated,Municipal apartment,-16999,-1140,Sales staff,1,1,0
5051087,0.0,X,M,Y,N,2,315000.0,Working,Secondary / secondary special,Married,House / apartment,-12037,-197,Laborers,4,2,1
5051088,0.0,0,M,Y,N,2,315000.0,Working,Secondary / secondary special,Married,House / apartment,-12037,-197,Laborers,4,2,1
5051089,0.0,0,F,N,N,0,247500.0,State servant,Higher education,Married,House / apartment,-11696,-2905,Core staff,2,3,0
5051090,0.0,X,F,N,N,0,247500.0,State servant,Higher education,Married,House / apartment,-11696,-2905,Core staff,2,3,0
5051095,0.0,C,M,Y,N,0,360000.0,Commercial associate,Incomplete higher,Married,House / apartment,-11171,-2053,Managers,2,0,2
5051098,0.0,X,F,N,N,1,112500.0,Working,Incomplete higher,Married,House / apartment,-10526,-2327,Laborers,3,4,1
5051121,0.0,C,M,N,N,0,202500.0,State servant,Higher education,Married,House / apartment,-12725,-5006,Core staff,2,0,0
5051122,0.0,C,M,N,N,0,202500.0,State servant,Higher education,Married,House / apartment,-12725,-5006,Core staff,2,0,0
5051123,0.0,C,M,N,N,0,202500.0,State servant,Higher education,Married,House / apartment,-12725,-5006,Core staff,2,0,0
5051124,0.0,X,M,N,N,0,202500.0,State servant,Higher education,Married,House / apartment,-12725,-5006,Core staff,2,3,0
5051125,0.0,C,F,N,N,0,112500.0,Working,Secondary / secondary special,Married,House / apartment,-8929,-682,Core staff,2,2,0
5051127,0.0,C,F,N,N,0,112500.0,Working,Secondary / secondary special,Married,House / apartment,-8929,-682,Core staff,2,2,0
5051130,0.0,X,F,N,N,0,450000.0,Commercial associate,Higher education,Single / not married,House / apartment,-10139,-136,Core staff,1,3,2
5051131,0.0,0,F,N,N,0,450000.0,Commercial associate,Higher education,Single / not married,House / apartment,-10139,-136,Core staff,1,3,2
5051133,0.0,0,F,N,N,0,450000.0,Commercial associate,Higher education,Single / not married,House / apartment,-10139,-136,Core staff,1,3,2
5051139,0.0,C,F,N,N,1,180000.0,State servant,Secondary / secondary special,Single / not married,House / apartment,-15517,-2023,Medicine staff,2,1,0
5051140,0.0,C,F,N,N,0,144000.0,Commercial associate,Secondary / secondary special,Single / not married,House / apartment,-15773,-2509,Managers,1,1,0
5051141,0.0,C,F,N,N,0,144000.0,Commercial associate,Secondary / secondary special,Single / not married,House / apartment,-15773,-2509,Managers,1,1,0
5051148,0.0,C,F,N,N,0,234000.0,Working,Higher education,Single / not married,House / apartment,-10621,-1931,Managers,1,0,0
5051149,0.0,X,F,N,N,0,234000.0,Working,Higher education,Single / not married,House / apartment,-10621,-1931,Managers,1,1,0
5051150,0.0,C,F,N,N,0,234000.0,Working,Higher education,Single / not married,House / apartment,-10621,-1931,Managers,1,0,0
5051151,0.0,0,F,N,N,0,234000.0,Working,Higher education,Single / not married,House / apartment,-10621,-1931,Managers,1,1,0
5051152,0.0,C,F,N,N,0,234000.0,Working,Higher education,Single / not married,House / apartment,-10621,-1931,Managers,1,0,0
5051153,0.0,C,F,N,N,0,234000.0,Working,Higher education,Single / not married,House / apartment,-10621,-1931,Managers,1,0,0
5051154,0.0,C,M,N,N,1,247500.0,Working,Higher education,Single / not married,House / apartment,-13816,-1870,Laborers,2,0,0
5051156,0.0,X,M,N,N,1,247500.0,Working,Higher education,Single / not married,House / apartment,-13816,-1870,Laborers,2,1,0
5051157,0.0,C,M,N,N,1,247500.0,Working,Higher education,Single / not married,House / apartment,-13816,-1870,Laborers,2,0,0
5051158,0.0,0,M,N,N,1,247500.0,Working,Higher education,Single / not married,House / apartment,-13816,-1870,Laborers,2,1,0
5051166,0.0,0,M,N,N,0,112500.0,Commercial associate,Secondary / secondary special,Single / not married,House / apartment,-22707,-6771,Laborers,1,1,0
5051167,0.0,0,M,N,N,0,112500.0,Commercial associate,Secondary / secondary special,Single / not married,House / apartment,-22707,-6771,Laborers,1,1,0
5051169,0.0,X,M,Y,N,0,184135.5,Working,Secondary / secondary special,Married,House / apartment,-22434,-378,Sales staff,2,2,0
5051170,0.0,X,M,Y,N,0,184135.5,Working,Secondary / secondary special,Married,House / apartment,-22434,-378,Sales staff,2,2,0
5051175,0.0,C,M,Y,N,0,292500.0,Working,Secondary / secondary special,Married,House / apartment,-18811,-1170,Laborers,2,2,2
5051176,0.0,1,M,Y,N,0,292500.0,Working,Secondary / secondary special,Married,House / apartment,-18811,-1170,Laborers,2,1,0
5051178,0.0,C,M,Y,N,1,247500.0,Working,Secondary / secondary special,Married,House / apartment,-13086,-1931,Laborers,3,2,1
5051179,0.0,0,M,Y,N,1,247500.0,Working,Secondary / secondary special,Married,House / apartment,-13086,-1931,Laborers,3,2,1
5051180,0.0,C,M,Y,N,1,247500.0,Working,Secondary / secondary special,Married,House / apartment,-13086,-1931,Laborers,3,2,1
5051182,0.0,0,F,N,N,0,202500.0,Commercial associate,Higher education,Married,House / apartment,-18672,-1505,Managers,2,3,0
5051186,0.0,C,M,Y,N,0,135000.0,Working,Secondary / secondary special,Single / not married,House / apartment,-12260,-896,Core staff,1,2,0
5051187,0.0,C,M,Y,N,0,135000.0,Working,Secondary / secondary special,Single / not married,House / apartment,-12260,-896,Core staff,1,2,0
5051190,0.0,C,M,Y,N,2,171000.0,Working,Higher education,Married,House / apartment,-9979,-957,Laborers,4,0,1
5051191,0.0,C,M,Y,N,2,171000.0,Working,Higher education,Married,House / apartment,-9979,-957,Laborers,4,0,1
5051192,0.0,0,M,N,N,0,270000.0,Working,Incomplete higher,Separated,Rented apartment,-17938,-531,Managers,1,1,0
5051208,0.0,C,F,Y,N,0,160200.0,State servant,Higher education,Married,House / apartment,-14545,-6283,Managers,2,0,0
5051210,0.0,0,M,Y,N,0,191700.0,Working,Lower secondary,Married,House / apartment,-15473,-6557,Drivers,2,2,0
5051212,0.0,C,M,Y,N,0,540000.0,Commercial associate,Higher education,Married,With parents,-13806,-5310,IT staff,2,0,2
5051216,0.0,C,M,Y,N,0,540000.0,Commercial associate,Higher education,Married,House / apartment,-17504,-6102,Managers,2,0,2
5051219,0.0,C,M,Y,N,0,540000.0,Commercial associate,Higher education,Married,House / apartment,-17504,-6102,Managers,2,0,2
5051220,0.0,X,M,Y,N,0,540000.0,Commercial associate,Higher education,Married,House / apartment,-17504,-6102,Managers,2,3,2
5051227,0.0,C,F,N,N,0,225000.0,Commercial associate,Higher education,Married,House / apartment,-21630,-2570,Sales staff,2,3,0
5051228,0.0,C,F,N,N,1,135000.0,Commercial associate,Secondary / secondary special,Civil marriage,House / apartment,-12873,-197,Sales staff,3,1,1
5051229,0.0,C,F,N,N,1,135000.0,Commercial associate,Secondary / secondary special,Civil marriage,House / apartment,-12873,-197,Sales staff,3,1,1
5051234,0.0,0,F,N,N,1,135000.0,Commercial associate,Secondary / secondary special,Civil marriage,House / apartment,-12873,-197,Sales staff,3,1,1
5051235,0.0,C,F,N,N,1,135000.0,Commercial associate,Secondary / secondary special,Civil marriage,House / apartment,-12873,-197,Sales staff,3,1,1
5051256,0.0,C,M,Y,N,0,135000.0,Working,Secondary / secondary special,Married,House / apartment,-18109,-3484,Drivers,2,2,0
5051258,0.0,X,M,Y,N,0,135000.0,Working,Secondary / secondary special,Married,House / apartment,-18109,-3484,Drivers,2,2,0
5051261,0.0,X,F,N,N,0,180000.0,Commercial associate,Secondary / secondary special,Married,House / apartment,-17935,-4245,Sales staff,2,1,0
5052582,0.0,0,M,N,N,1,135000.0,Working,Secondary / secondary special,Married,Office apartment,-15520,-2664,Security staff,3,4,1
5052584,0.0,0,M,N,N,1,135000.0,Working,Secondary / secondary special,Married,Office apartment,-15520,-2664,Security staff,3,4,1
5052585,0.0,X,M,N,N,1,135000.0,Working,Secondary / secondary special,Married,Office apartment,-15520,-2664,Security staff,3,4,1
5052603,0.0,C,F,Y,Y,0,135000.0,Working,Higher education,Married,House / apartment,-13127,-3424,Core staff,2,0,0
5052616,0.0,0,M,Y,Y,0,180000.0,Working,Secondary / secondary special,Single / not married,House / apartment,-18475,-1782,Cleaning staff,1,4,0
5052617,0.0,C,M,Y,Y,0,180000.0,Working,Secondary / secondary special,Single / not married,House / apartment,-18475,-1782,Cleaning staff,1,2,0
5052619,0.0,C,M,Y,Y,0,180000.0,Working,Secondary / secondary special,Single / not married,House / apartment,-18475,-1782,Cleaning staff,1,2,0
5052620,0.0,C,M,Y,Y,1,180000.0,Commercial associate,Secondary / secondary special,Married,House / apartment,-15988,-1994,High skill tech staff,3,0,1
5052621,0.0,C,M,Y,Y,1,180000.0,Commercial associate,Secondary / secondary special,Married,House / apartment,-15988,-1994,High skill tech staff,3,0,1
5052622,0.0,C,M,Y,Y,1,180000.0,Commercial associate,Secondary / secondary special,Married,House / apartment,-15988,-1994,High skill tech staff,3,0,1
5052623,0.0,X,M,Y,Y,1,180000.0,Commercial associate,Secondary / secondary special,Married,House / apartment,-15988,-1994,High skill tech staff,3,1,1
5052625,0.0,X,F,Y,N,0,81000.0,Working,Secondary / secondary special,Single / not married,House / apartment,-18422,-5494,Laborers,1,4,0
5052627,0.0,X,F,Y,N,0,81000.0,Working,Secondary / secondary special,Single / not married,House / apartment,-18422,-5494,Laborers,1,4,0
5052632,0.0,C,F,N,Y,0,112500.0,Commercial associate,Secondary / secondary special,Civil marriage,House / apartment,-8361,-564,Laborers,2,1,0
5052634,0.0,C,M,N,Y,0,253800.0,Commercial associate,Higher education,Married,House / apartment,-20660,-3029,Managers,2,3,2
5052635,0.0,X,M,N,Y,0,253800.0,Commercial associate,Higher education,Married,House / apartment,-20660,-3029,Managers,2,3,2
5052637,0.0,C,F,N,Y,0,225000.0,Working,Higher education,Widow,House / apartment,-20538,-5525,Sales staff,1,0,0
5052639,0.0,0,F,N,Y,0,225000.0,Working,Higher education,Widow,House / apartment,-20538,-5525,Sales staff,1,1,0
5052645,0.0,C,F,N,Y,0,225000.0,Working,Higher education,Widow,House / apartment,-20538,-5525,Sales staff,1,0,0
5052648,0.0,0,F,N,Y,0,225000.0,Working,Higher education,Widow,House / apartment,-20538,-5525,Sales staff,1,1,0
5052649,0.0,0,F,N,Y,0,225000.0,Working,Higher education,Widow,House / apartment,-20538,-5525,Sales staff,1,1,0
5052650,0.0,0,F,N,Y,0,225000.0,Working,Higher education,Widow,House / apartment,-20538,-5525,Sales staff,1,1,0
5052651,0.0,1,F,N,Y,0,103500.0,Working,Secondary / secondary special,Married,House / apartment,-10396,-564,IT staff,2,1,0
5052652,0.0,1,F,N,Y,0,103500.0,Working,Secondary / secondary special,Married,House / apartment,-10396,-564,IT staff,2,1,0
5052656,0.0,C,F,N,Y,0,103500.0,Working,Secondary / secondary special,Married,House / apartment,-10396,-564,IT staff,2,2,0
5052657,0.0,C,F,N,Y,0,103500.0,Working,Secondary / secondary special,Married,House / apartment,-10396,-564,IT staff,2,2,0
5052662,0.0,C,F,Y,N,0,247500.0,Commercial associate,Secondary / secondary special,Married,House / apartment,-15932,-4490,High skill tech staff,2,0,0
5052664,0.0,C,F,Y,N,0,247500.0,Commercial associate,Secondary / secondary special,Married,House / apartment,-15932,-4490,High skill tech staff,2,0,0
5052665,0.0,C,F,Y,N,0,247500.0,Commercial associate,Secondary / secondary special,Married,House / apartment,-15932,-4490,High skill tech staff,2,0,0
5052666,0.0,C,F,Y,N,0,247500.0,Commercial associate,Secondary / secondary special,Married,House / apartment,-15932,-4490,High skill tech staff,2,0,0
5052668,0.0,C,F,Y,N,0,247500.0,Commercial associate,Secondary / secondary special,Married,House / apartment,-15932,-4490,High skill tech staff,2,0,0
5052669,0.0,C,F,Y,N,0,247500.0,Commercial associate,Secondary / secondary special,Married,House / apartment,-15932,-4490,High skill tech staff,2,0,0
5052670,0.0,C,F,Y,N,0,247500.0,Commercial associate,Secondary / secondary special,Married,House / apartment,-15932,-4490,High skill tech staff,2,0,0
5052673,0.0,C,F,N,Y,1,135000.0,Working,Higher education,Married,House / apartment,-15624,-8172,High skill tech staff,3,0,1
5052678,0.0,C,F,N,Y,1,135000.0,Working,Higher education,Married,House / apartment,-15624,-8172,High skill tech staff,3,0,1
5052679,0.0,C,F,N,Y,1,135000.0,Working,Higher education,Married,House / apartment,-15624,-8172,High skill tech staff,3,0,1
5052690,0.0,0,F,N,N,0,90000.0,Commercial associate,Secondary / secondary special,Married,House / apartment,-11616,-3029,Laborers,2,1,0
5052691,0.0,0,F,N,N,0,90000.0,Commercial associate,Secondary / secondary special,Married,House / apartment,-11616,-3029,Laborers,2,1,0
5052694,0.0,C,M,N,Y,0,180000.0,Commercial associate,Secondary / secondary special,Married,House / apartment,-10271,-1629,Laborers,2,2,0
5052695,0.0,C,M,N,Y,0,180000.0,Commercial associate,Secondary / secondary special,Married,House / apartment,-10271,-1629,Laborers,2,2,0
5052717,0.0,C,F,N,N,0,180000.0,Working,Secondary / secondary special,Single / not married,With parents,-19047,-2454,Laborers,1,4,0
5052718,0.0,0,F,N,N,0,180000.0,Working,Secondary / secondary special,Single / not married,With parents,-19047,-2454,Laborers,1,4,0
5052723,0.0,0,F,N,Y,1,180000.0,Working,Secondary / secondary special,Single / not married,Municipal apartment,-10740,-1298,Laborers,2,4,0
5052724,0.0,C,F,N,Y,1,180000.0,Working,Secondary / secondary special,Single / not married,Municipal apartment,-10740,-1298,Laborers,2,4,0
5052727,0.0,0,F,N,Y,0,270000.0,Commercial associate,Secondary / secondary special,Single / not married,House / apartment,-16940,-1966,Cleaning staff,1,1,0
5052728,0.0,C,F,N,Y,0,270000.0,Commercial associate,Secondary / secondary special,Single / not married,House / apartment,-16940,-1966,Cleaning staff,1,1,0
5052729,0.0,0,F,N,Y,0,270000.0,Commercial associate,Secondary / secondary special,Single / not married,House / apartment,-16940,-1966,Cleaning staff,1,1,0
5052730,0.0,0,F,N,Y,0,270000.0,Working,Higher education,Married,House / apartment,-16631,-1724,Sales staff,2,1,0
5052731,0.0,C,F,N,Y,0,180000.0,Commercial associate,Secondary / secondary special,Civil marriage,House / apartment,-13812,-1114,Laborers,2,1,0
5052732,0.0,C,F,N,Y,0,180000.0,Working,Secondary / secondary special,Separated,House / apartment,-15358,-779,Cooking staff,1,4,0
5052733,0.0,C,F,N,Y,2,180000.0,Commercial associate,Secondary / secondary special,Married,House / apartment,-10454,-505,High skill tech staff,4,1,1
5052739,0.0,C,F,N,Y,2,180000.0,Commercial associate,Secondary / secondary special,Married,House / apartment,-10454,-505,High skill tech staff,4,1,1
5052740,0.0,X,F,N,Y,2,180000.0,Commercial associate,Secondary / secondary special,Married,House / apartment,-10454,-505,High skill tech staff,4,1,1
5052750,0.0,C,F,N,Y,0,252000.0,State servant,Higher education,Widow,House / apartment,-16751,-8175,Managers,1,3,0
5052753,0.0,0,F,N,Y,0,252000.0,State servant,Higher education,Widow,House / apartment,-16751,-8175,Managers,1,3,0
5052755,0.0,C,M,N,Y,0,225000.0,Working,Secondary / secondary special,Civil marriage,House / apartment,-10570,-1175,Managers,2,2,0
5052756,0.0,C,M,N,Y,0,225000.0,Working,Secondary / secondary special,Civil marriage,House / apartment,-10570,-1175,Managers,2,2,0
5052765,0.0,0,F,N,Y,0,315000.0,Working,Secondary / secondary special,Married,House / apartment,-21841,-1632,Sales staff,2,4,2
5052766,0.0,0,F,N,Y,0,315000.0,Working,Secondary / secondary special,Married,House / apartment,-21841,-1632,Sales staff,2,4,2
5052767,0.0,C,F,N,N,1,180000.0,State servant,Secondary / secondary special,Married,Municipal apartment,-16471,-293,Laborers,3,2,1
5052770,0.0,C,F,N,N,1,180000.0,State servant,Secondary / secondary special,Married,Municipal apartment,-16471,-293,Laborers,3,2,1
5052771,0.0,0,F,N,N,1,180000.0,State servant,Secondary / secondary special,Married,Municipal apartment,-16471,-293,Laborers,3,4,1
5052772,0.0,0,F,N,N,1,180000.0,State servant,Secondary / secondary special,Married,Municipal apartment,-16471,-293,Laborers,3,4,1
5052783,0.0,0,M,Y,Y,2,166500.0,Working,Secondary / secondary special,Married,House / apartment,-15883,-2697,Managers,4,2,1
5052784,0.0,C,M,Y,Y,0,112500.0,Working,Secondary / secondary special,Married,House / apartment,-12733,-3185,Drivers,2,2,0
5052786,0.0,X,M,Y,Y,0,112500.0,Working,Secondary / secondary special,Married,House / apartment,-12733,-3185,Drivers,2,2,0
5052787,0.0,0,M,Y,Y,0,112500.0,Working,Secondary / secondary special,Married,House / apartment,-12733,-3185,Drivers,2,2,0
5052794,0.0,X,M,Y,Y,0,112500.0,Working,Secondary / secondary special,Married,House / apartment,-12733,-3185,Drivers,2,2,0
5052796,0.0,X,M,Y,Y,0,112500.0,Working,Secondary / secondary special,Married,House / apartment,-12733,-3185,Drivers,2,2,0
5052797,0.0,X,M,Y,Y,0,112500.0,Working,Secondary / secondary special,Married,House / apartment,-12733,-3185,Drivers,2,2,0
5052807,0.0,C,M,Y,Y,1,180000.0,Working,Higher education,Married,House / apartment,-8362,-352,Drivers,3,0,1
5052808,0.0,0,M,Y,Y,1,180000.0,Working,Higher education,Married,House / apartment,-8362,-352,Drivers,3,0,1
5052809,0.0,0,M,Y,Y,1,180000.0,Working,Higher education,Married,House / apartment,-8362,-352,Drivers,3,0,1
5052812,0.0,0,F,N,Y,0,117000.0,Working,Secondary / secondary special,Married,House / apartment,-17189,-4523,Managers,2,4,0
5052815,0.0,C,F,N,Y,0,180000.0,Working,Secondary / secondary special,Single / not married,House / apartment,-14534,-1054,High skill tech staff,1,4,0
5052819,0.0,X,F,N,Y,0,180000.0,Working,Secondary / secondary special,Single / not married,House / apartment,-14534,-1054,High skill tech staff,1,4,0
5052823,0.0,C,F,N,Y,0,180000.0,Working,Secondary / secondary special,Single / not married,House / apartment,-14534,-1054,High skill tech staff,1,4,0
5052824,0.0,C,F,Y,Y,1,90000.0,Working,Secondary / secondary special,Married,House / apartment,-14420,-3550,Managers,3,2,1
5052825,0.0,0,F,Y,Y,1,90000.0,Working,Secondary / secondary special,Married,House / apartment,-14420,-3550,Managers,3,4,1
5052839,0.0,C,F,N,Y,0,225000.0,Working,Secondary / secondary special,Married,House / apartment,-19984,-3915,Cleaning staff,2,2,0
5052840,0.0,C,F,N,Y,0,225000.0,Working,Secondary / secondary special,Married,House / apartment,-19984,-3915,Cleaning staff,2,2,0
5052841,0.0,0,F,N,Y,0,225000.0,Working,Secondary / secondary special,Married,House / apartment,-19984,-3915,Cleaning staff,2,4,0
5052842,0.0,0,F,N,Y,0,45000.0,Commercial associate,Secondary / secondary special,Married,House / apartment,-15724,-1389,Sales staff,2,1,0
5052845,0.0,X,F,N,Y,0,45000.0,Commercial associate,Secondary / secondary special,Married,House / apartment,-15724,-1389,Sales staff,2,1,0
5052846,0.0,C,F,N,Y,0,45000.0,Commercial associate,Secondary / secondary special,Married,House / apartment,-15724,-1389,Sales staff,2,1,0
5052847,0.0,X,F,N,Y,0,45000.0,Commercial associate,Secondary / secondary special,Married,House / apartment,-15724,-1389,Sales staff,2,1,0
5052848,0.0,C,F,N,Y,0,45000.0,Commercial associate,Secondary / secondary special,Married,House / apartment,-15724,-1389,Sales staff,2,1,0
5052849,0.0,0,F,N,Y,0,45000.0,Commercial associate,Secondary / secondary special,Married,House / apartment,-15724,-1389,Sales staff,2,1,0
5052850,0.0,0,F,N,Y,0,45000.0,Commercial associate,Secondary / secondary special,Married,House / apartment,-15724,-1389,Sales staff,2,1,0
5052852,0.0,C,F,N,Y,2,270000.0,Working,Secondary / secondary special,Married,House / apartment,-14197,-1389,Sales staff,4,2,1
5052855,0.0,C,F,N,Y,2,270000.0,Working,Secondary / secondary special,Married,House / apartment,-14197,-1389,Sales staff,4,2,1
5052856,0.0,C,F,N,Y,2,270000.0,Working,Secondary / secondary special,Married,House / apartment,-14197,-1389,Sales staff,4,2,1
5052857,0.0,C,F,N,Y,2,270000.0,Working,Secondary / secondary special,Married,House / apartment,-14197,-1389,Sales staff,4,2,1
5052858,0.0,C,F,N,Y,2,270000.0,Working,Secondary / secondary special,Married,House / apartment,-14197,-1389,Sales staff,4,2,1
5052859,0.0,0,F,N,Y,2,270000.0,Working,Secondary / secondary special,Married,House / apartment,-14197,-1389,Sales staff,4,4,1
5052860,0.0,X,F,N,Y,2,270000.0,Working,Secondary / secondary special,Married,House / apartment,-14197,-1389,Sales staff,4,4,1
5052864,0.0,C,F,N,Y,0,94500.0,Commercial associate,Incomplete higher,Married,House / apartment,-13870,-3458,Sales staff,2,3,0
5052865,0.0,0,F,N,Y,0,94500.0,Commercial associate,Incomplete higher,Married,House / apartment,-13870,-3458,Sales staff,2,1,0
5052866,0.0,X,F,N,Y,0,94500.0,Commercial associate,Incomplete higher,Married,House / apartment,-13870,-3458,Sales staff,2,1,0
5052871,0.0,C,M,N,Y,0,337500.0,Working,Secondary / secondary special,Married,House / apartment,-20562,-2178,Drivers,2,2,2
5052872,0.0,C,M,N,Y,0,337500.0,Working,Secondary / secondary special,Married,House / apartment,-20562,-2178,Drivers,2,2,2
5052878,0.0,C,M,Y,Y,0,225000.0,Working,Secondary / secondary special,Married,House / apartment,-17915,-3366,Drivers,2,2,0
5052885,0.0,C,M,Y,Y,0,225000.0,Working,Secondary / secondary special,Married,House / apartment,-17915,-3366,Drivers,2,2,0
5052889,0.0,C,M,Y,Y,1,382500.0,Working,Higher education,Married,House / apartment,-16269,-2728,Managers,3,0,2
5052890,0.0,C,M,Y,Y,1,382500.0,Working,Higher education,Married,House / apartment,-16269,-2728,Managers,3,0,2
5052891,0.0,C,M,N,N,0,180000.0,Working,Secondary / secondary special,Separated,Municipal apartment,-17470,-8298,Laborers,1,2,0
5052894,0.0,0,M,Y,Y,0,139500.0,Commercial associate,Higher education,Married,House / apartment,-8723,-263,Managers,2,3,0
5052896,0.0,X,M,Y,Y,0,139500.0,Commercial associate,Higher education,Married,House / apartment,-8723,-263,Managers,2,3,0
5052898,0.0,X,M,Y,Y,0,139500.0,Commercial associate,Higher education,Married,House / apartment,-8723,-263,Managers,2,3,0
5052899,0.0,X,M,Y,Y,0,139500.0,Commercial associate,Higher education,Married,House / apartment,-8723,-263,Managers,2,3,0
5052912,0.0,C,M,N,N,0,270000.0,Commercial associate,Secondary / secondary special,Married,House / apartment,-13650,-3945,Laborers,2,2,0
5052916,0.0,X,M,N,N,0,270000.0,Commercial associate,Secondary / secondary special,Married,House / apartment,-13650,-3945,Laborers,2,1,0
5052919,0.0,0,M,N,N,0,270000.0,Commercial associate,Secondary / secondary special,Married,House / apartment,-13650,-3945,Laborers,2,4,0
5052920,0.0,X,M,N,N,0,270000.0,Commercial associate,Secondary / secondary special,Married,House / apartment,-13650,-3945,Laborers,2,1,0
5052927,0.0,C,M,Y,Y,0,247500.0,Working,Secondary / secondary special,Separated,House / apartment,-21222,-3154,Drivers,1,2,0
5052929,0.0,C,M,Y,Y,0,247500.0,Working,Secondary / secondary special,Separated,House / apartment,-21222,-3154,Drivers,1,2,0
5052930,0.0,C,M,Y,Y,0,247500.0,Working,Secondary / secondary special,Separated,House / apartment,-21222,-3154,Drivers,1,2,0
5052942,0.0,0,M,Y,Y,0,270000.0,Working,Secondary / secondary special,Single / not married,House / apartment,-17259,-1420,Drivers,1,4,0
5052943,0.0,0,M,Y,Y,0,270000.0,Working,Secondary / secondary special,Single / not married,House / apartment,-17259,-1420,Drivers,1,4,0
5052965,0.0,X,M,Y,Y,0,135000.0,Commercial associate,Secondary / secondary special,Married,House / apartment,-9984,-2606,Laborers,2,1,0
5052966,0.0,X,M,Y,Y,0,135000.0,Commercial associate,Secondary / secondary special,Married,House / apartment,-9984,-2606,Laborers,2,1,0
5052967,0.0,0,M,Y,Y,0,135000.0,Commercial associate,Secondary / secondary special,Married,House / apartment,-9984,-2606,Laborers,2,1,0
5052969,0.0,X,F,N,Y,1,157500.0,Commercial associate,Higher education,Civil marriage,House / apartment,-15218,-2150,Managers,3,3,1
5052970,0.0,0,M,Y,Y,1,360000.0,Working,Secondary / secondary special,Married,House / apartment,-16521,-1359,Laborers,3,2,2
5052971,0.0,X,M,Y,Y,1,360000.0,Working,Secondary / secondary special,Married,House / apartment,-16521,-1359,Laborers,3,2,2
5052975,0.0,X,M,Y,Y,1,360000.0,Working,Secondary / secondary special,Married,House / apartment,-16521,-1359,Laborers,3,2,2
5052978,0.0,C,M,Y,Y,1,360000.0,Working,Secondary / secondary special,Married,House / apartment,-16521,-1359,Laborers,3,2,2
5052979,0.0,X,M,Y,Y,1,360000.0,Working,Secondary / secondary special,Married,House / apartment,-16521,-1359,Laborers,3,2,2
5052987,0.0,0,M,Y,Y,0,225000.0,Working,Secondary / secondary special,Married,House / apartment,-15088,-2759,Laborers,2,2,0
5052999,0.0,0,F,Y,Y,0,90000.0,Working,Secondary / secondary special,Married,House / apartment,-14017,-2850,Managers,2,4,0
5053004,0.0,0,F,N,Y,0,180000.0,Working,Lower secondary,Married,House / apartment,-16551,-5041,Cleaning staff,2,1,0
5053005,0.0,0,F,N,Y,0,180000.0,Working,Lower secondary,Married,House / apartment,-16551,-5041,Cleaning staff,2,1,0
5053006,0.0,0,F,N,N,0,157500.0,Working,Secondary / secondary special,Single / not married,House / apartment,-19200,-11951,Medicine staff,1,4,0
5053008,0.0,X,F,N,N,0,157500.0,Working,Secondary / secondary special,Single / not married,House / apartment,-19200,-11951,Medicine staff,1,4,0
5053011,0.0,0,F,N,N,0,157500.0,Working,Secondary / secondary special,Single / not married,House / apartment,-19200,-11951,Medicine staff,1,4,0
5053012,0.0,C,F,N,N,0,157500.0,Working,Secondary / secondary special,Single / not married,House / apartment,-19200,-11951,Medicine staff,1,4,0
5053013,0.0,X,F,N,N,0,157500.0,Working,Secondary / secondary special,Single / not married,House / apartment,-19200,-11951,Medicine staff,1,4,0
5053017,0.0,C,F,N,N,0,157500.0,Working,Secondary / secondary special,Single / not married,House / apartment,-19200,-11951,Medicine staff,1,4,0
5053018,0.0,C,F,N,N,0,157500.0,Working,Secondary / secondary special,Single / not married,House / apartment,-19200,-11951,Medicine staff,1,4,0
5053026,0.0,0,F,Y,Y,0,90000.0,Working,Secondary / secondary special,Married,House / apartment,-14867,-475,Sales staff,2,4,0
5053041,0.0,0,F,N,Y,0,148500.0,Working,Secondary / secondary special,Married,House / apartment,-12279,-1844,Laborers,2,4,0
5053044,0.0,C,F,N,Y,0,148500.0,Working,Secondary / secondary special,Married,House / apartment,-12279,-1844,Laborers,2,2,0
5053045,0.0,0,F,N,Y,0,148500.0,Working,Secondary / secondary special,Married,House / apartment,-12279,-1844,Laborers,2,4,0
5053063,0.0,C,F,N,Y,0,193500.0,State servant,Secondary / secondary special,Married,Office apartment,-22168,-10155,Cooking staff,2,1,0
5053068,0.0,C,F,N,Y,0,193500.0,State servant,Secondary / secondary special,Married,Office apartment,-22168,-10155,Cooking staff,2,1,0
5053069,0.0,C,F,N,Y,0,193500.0,State servant,Secondary / secondary special,Married,Office apartment,-22168,-10155,Cooking staff,2,1,0
5053070,0.0,0,F,N,Y,0,193500.0,State servant,Secondary / secondary special,Married,Office apartment,-22168,-10155,Cooking staff,2,1,0
5053071,0.0,C,M,N,Y,1,270000.0,Working,Secondary / secondary special,Married,House / apartment,-11842,-232,Cooking staff,3,2,1
5053074,0.0,X,M,N,Y,1,270000.0,Working,Secondary / secondary special,Married,House / apartment,-11842,-232,Cooking staff,3,4,1
5053079,0.0,0,F,N,N,0,175500.0,Working,Secondary / secondary special,Single / not married,House / apartment,-18643,-658,High skill tech staff,1,4,0
5053080,0.0,X,F,N,N,0,175500.0,Working,Secondary / secondary special,Single / not married,House / apartment,-18643,-658,High skill tech staff,1,4,0
5053081,0.0,0,F,N,N,0,175500.0,Working,Secondary / secondary special,Single / not married,House / apartment,-18643,-658,High skill tech staff,1,4,0
5053082,0.0,C,F,N,N,0,175500.0,Working,Secondary / secondary special,Single / not married,House / apartment,-18643,-658,High skill tech staff,1,4,0
5053083,0.0,0,F,N,N,0,175500.0,Working,Secondary / secondary special,Single / not married,House / apartment,-18643,-658,High skill tech staff,1,4,0
5053084,0.0,C,F,N,N,0,175500.0,Working,Secondary / secondary special,Single / not married,House / apartment,-18643,-658,High skill tech staff,1,4,0
5053085,0.0,C,F,N,N,0,175500.0,Working,Secondary / secondary special,Single / not married,House / apartment,-18643,-658,High skill tech staff,1,4,0
5053088,0.0,C,F,N,N,0,175500.0,Working,Secondary / secondary special,Single / not married,House / apartment,-18643,-658,High skill tech staff,1,4,0
5053089,0.0,0,F,N,N,0,175500.0,Working,Secondary / secondary special,Single / not married,House / apartment,-18643,-658,High skill tech staff,1,4,0
5053092,0.0,C,M,N,Y,1,180000.0,Working,Secondary / secondary special,Married,House / apartment,-13706,-932,Laborers,3,2,1
5053094,0.0,0,M,N,Y,1,180000.0,Working,Secondary / secondary special,Married,House / apartment,-13706,-932,Laborers,3,4,1
5053096,0.0,C,M,N,Y,1,180000.0,Working,Secondary / secondary special,Married,House / apartment,-13706,-932,Laborers,3,2,1
5053097,0.0,X,M,N,Y,1,180000.0,Working,Secondary / secondary special,Married,House / apartment,-13706,-932,Laborers,3,2,1
5053106,0.0,0,M,Y,Y,0,315000.0,Working,Higher education,Married,House / apartment,-14513,-597,Drivers,2,0,2
5053107,0.0,C,M,Y,Y,0,315000.0,Working,Higher education,Married,House / apartment,-14513,-597,Drivers,2,0,2
5053124,0.0,C,M,Y,Y,1,234000.0,Working,Secondary / secondary special,Married,House / apartment,-11511,-3611,High skill tech staff,3,2,1
5053125,0.0,C,M,Y,Y,1,234000.0,Working,Secondary / secondary special,Married,House / apartment,-11511,-3611,High skill tech staff,3,2,1
5053128,0.0,C,M,Y,Y,1,234000.0,Working,Secondary / secondary special,Married,House / apartment,-11511,-3611,High skill tech staff,3,2,1
5053135,0.0,0,M,Y,Y,1,234000.0,Working,Secondary / secondary special,Married,House / apartment,-11511,-3611,High skill tech staff,3,2,1
5053136,0.0,C,M,Y,Y,1,234000.0,Working,Secondary / secondary special,Married,House / apartment,-11511,-3611,High skill tech staff,3,2,1
5053138,0.0,C,M,Y,Y,1,234000.0,Working,Secondary / secondary special,Married,House / apartment,-11511,-3611,High skill tech staff,3,2,1
5053139,0.0,C,M,Y,Y,1,234000.0,Working,Secondary / secondary special,Married,House / apartment,-11511,-3611,High skill tech staff,3,2,1
5053140,0.0,C,M,Y,Y,1,234000.0,Working,Secondary / secondary special,Married,House / apartment,-11511,-3611,High skill tech staff,3,2,1
5053141,0.0,C,M,Y,Y,1,234000.0,Working,Secondary / secondary special,Married,House / apartment,-11511,-3611,High skill tech staff,3,2,1
5053146,0.0,0,M,Y,Y,0,225000.0,Commercial associate,Secondary / secondary special,Married,House / apartment,-16984,-1267,Drivers,2,1,0
5053147,0.0,0,M,Y,Y,0,225000.0,Commercial associate,Secondary / secondary special,Married,House / apartment,-16984,-1267,Drivers,2,1,0
5053150,0.0,C,F,N,Y,1,90000.0,Working,Higher education,Single / not married,House / apartment,-16154,-2178,Core staff,2,0,0
5053151,0.0,C,F,N,Y,1,90000.0,Working,Higher education,Single / not married,House / apartment,-16154,-2178,Core staff,2,0,0
5053167,0.0,C,F,Y,Y,0,157500.0,Working,Secondary / secondary special,Married,House / apartment,-16712,-2393,Core staff,2,2,0
5053170,0.0,C,F,Y,Y,0,157500.0,Working,Secondary / secondary special,Married,House / apartment,-16712,-2393,Core staff,2,2,0
5053172,0.0,C,F,Y,Y,0,157500.0,Working,Secondary / secondary special,Married,House / apartment,-16712,-2393,Core staff,2,2,0
5053174,0.0,C,F,Y,Y,0,157500.0,Working,Secondary / secondary special,Married,House / apartment,-16712,-2393,Core staff,2,2,0
5053184,0.0,0,F,N,Y,0,67500.0,Working,Secondary / secondary special,Married,House / apartment,-18296,-4401,Cleaning staff,2,4,0
5053185,0.0,C,F,N,N,0,135000.0,Working,Secondary / secondary special,Single / not married,With parents,-20027,-2697,Cleaning staff,1,4,0
5053186,0.0,C,F,N,N,0,135000.0,Working,Secondary / secondary special,Single / not married,With parents,-20027,-2697,Cleaning staff,1,4,0
5053187,0.0,C,F,N,N,0,135000.0,Working,Secondary / secondary special,Single / not married,With parents,-20027,-2697,Cleaning staff,1,4,0
5053188,0.0,C,M,N,N,2,157500.0,Working,Higher education,Married,House / apartment,-11811,-4676,Laborers,4,0,1
5053192,0.0,C,F,N,Y,0,315000.0,Working,Higher education,Married,House / apartment,-15527,-3792,Accountants,2,0,2
5053197,0.0,C,F,N,Y,0,315000.0,Working,Higher education,Married,House / apartment,-15527,-3792,Accountants,2,0,2
5053198,0.0,X,F,N,Y,0,315000.0,Working,Higher education,Married,House / apartment,-15527,-3792,Accountants,2,1,2
5053199,0.0,C,F,N,Y,0,315000.0,Working,Higher education,Married,House / apartment,-15527,-3792,Accountants,2,0,2
5053200,0.0,C,F,N,Y,0,315000.0,Working,Higher education,Married,House / apartment,-15527,-3792,Accountants,2,0,2
5053201,0.0,X,F,N,Y,0,315000.0,Working,Higher education,Married,House / apartment,-15527,-3792,Accountants,2,1,2
5053205,0.0,0,F,N,Y,1,112500.0,Working,Secondary / secondary special,Single / not married,House / apartment,-9383,-689,High skill tech staff,2,4,0
5053206,0.0,0,F,N,Y,1,112500.0,Working,Secondary / secondary special,Single / not married,House / apartment,-9383,-689,High skill tech staff,2,4,0
5053207,0.0,0,F,N,Y,1,112500.0,Working,Secondary / secondary special,Single / not married,House / apartment,-9383,-689,High skill tech staff,2,4,0
5053216,0.0,0,F,N,Y,0,157500.0,Commercial associate,Secondary / secondary special,Married,House / apartment,-20193,-3154,Sales staff,2,1,0
5053220,0.0,0,F,N,Y,0,157500.0,Commercial associate,Secondary / secondary special,Married,House / apartment,-20193,-3154,Sales staff,2,1,0
5053221,0.0,C,F,N,Y,1,157500.0,Commercial associate,Incomplete higher,Civil marriage,House / apartment,-13025,-3124,Managers,3,3,1
5053222,0.0,0,F,N,Y,0,112500.0,Working,Secondary / secondary special,Married,House / apartment,-20579,-3032,Laborers,2,4,0
5053224,0.0,0,F,N,Y,0,112500.0,Working,Secondary / secondary special,Married,House / apartment,-20579,-3032,Laborers,2,4,0
5053228,0.0,C,M,N,Y,0,135000.0,Working,Secondary / secondary special,Married,House / apartment,-19785,-1571,Laborers,2,2,0
5053229,0.0,C,M,N,Y,0,135000.0,Working,Secondary / secondary special,Married,House / apartment,-19785,-1571,Laborers,2,2,0
5053232,0.0,C,M,Y,Y,0,121500.0,Working,Secondary / secondary special,Married,House / apartment,-17418,-8022,Managers,2,2,0
5053233,0.0,0,M,Y,Y,2,270000.0,Working,Secondary / secondary special,Civil marriage,House / apartment,-14477,-293,Drivers,4,4,1
5053234,0.0,C,M,Y,Y,2,270000.0,Working,Secondary / secondary special,Civil marriage,House / apartment,-14477,-293,Drivers,4,2,1
5053235,0.0,0,M,Y,Y,2,270000.0,Working,Secondary / secondary special,Civil marriage,House / apartment,-14477,-293,Drivers,4,4,1
5053239,0.0,C,M,Y,Y,2,270000.0,Working,Secondary / secondary special,Civil marriage,House / apartment,-14477,-293,Drivers,4,2,1
5053240,0.0,C,M,Y,Y,2,270000.0,Working,Secondary / secondary special,Civil marriage,House / apartment,-14477,-293,Drivers,4,2,1
5053241,0.0,C,M,Y,Y,2,270000.0,Working,Secondary / secondary special,Civil marriage,House / apartment,-14477,-293,Drivers,4,2,1
5053242,0.0,0,M,Y,Y,2,270000.0,Working,Secondary / secondary special,Civil marriage,House / apartment,-14477,-293,Drivers,4,4,1
5053243,0.0,0,M,Y,Y,2,270000.0,Working,Secondary / secondary special,Civil marriage,House / apartment,-14477,-293,Drivers,4,4,1
5053244,0.0,X,M,N,Y,1,270000.0,Commercial associate,Secondary / secondary special,Married,House / apartment,-14538,-5803,Laborers,3,1,2
5053245,0.0,0,M,N,Y,1,270000.0,Commercial associate,Secondary / secondary special,Married,House / apartment,-14538,-5803,Laborers,3,1,2
5053248,0.0,C,M,Y,Y,0,126000.0,Working,Secondary / secondary special,Married,House / apartment,-19286,-3489,Security staff,2,2,0
5053249,0.0,C,M,Y,Y,0,126000.0,Working,Secondary / secondary special,Married,House / apartment,-19286,-3489,Security staff,2,2,0
5053251,0.0,0,F,Y,Y,0,180000.0,Commercial associate,Secondary / secondary special,Married,House / apartment,-18667,-2150,Managers,2,1,0
5053254,0.0,C,F,Y,Y,0,180000.0,Commercial associate,Secondary / secondary special,Married,House / apartment,-18667,-2150,Managers,2,0,0
5053255,0.0,0,F,Y,Y,0,180000.0,Commercial associate,Secondary / secondary special,Married,House / apartment,-18667,-2150,Managers,2,1,0
5053256,0.0,C,F,Y,Y,0,180000.0,Commercial associate,Secondary / secondary special,Married,House / apartment,-18667,-2150,Managers,2,0,0
5053261,0.0,X,M,N,Y,1,135000.0,Working,Secondary / secondary special,Married,House / apartment,-17152,-1359,Drivers,3,2,1
5053262,0.0,X,M,N,Y,1,135000.0,Working,Secondary / secondary special,Married,House / apartment,-17152,-1359,Drivers,3,2,1
5053263,0.0,X,M,N,Y,1,135000.0,Working,Secondary / secondary special,Married,House / apartment,-17152,-1359,Drivers,3,2,1
5053268,0.0,X,M,N,N,0,157500.0,Working,Higher education,Single / not married,Municipal apartment,-9373,-779,Laborers,1,1,0
5053269,0.0,X,M,N,N,0,157500.0,Working,Higher education,Single / not married,Municipal apartment,-9373,-779,Laborers,1,1,0
5053270,0.0,X,M,N,N,0,157500.0,Working,Higher education,Single / not married,Municipal apartment,-9373,-779,Laborers,1,1,0
5053278,0.0,0,M,Y,Y,0,202500.0,Working,Secondary / secondary special,Married,House / apartment,-15556,-2331,Drivers,2,2,0
5053280,0.0,C,M,Y,Y,0,202500.0,Working,Secondary / secondary special,Married,House / apartment,-15556,-2331,Drivers,2,2,0
5053282,0.0,0,M,Y,Y,0,202500.0,Working,Secondary / secondary special,Married,House / apartment,-15556,-2331,Drivers,2,2,0
5053285,0.0,X,M,Y,Y,0,202500.0,Working,Secondary / secondary special,Married,House / apartment,-15556,-2331,Drivers,2,2,0
5053286,0.0,C,M,N,Y,0,148500.0,Working,Secondary / secondary special,Married,House / apartment,-11963,-3246,Laborers,2,2,0
5053289,0.0,C,M,N,Y,0,148500.0,Working,Secondary / secondary special,Married,House / apartment,-11963,-3246,Laborers,2,2,0
5053290,0.0,C,M,N,Y,0,148500.0,Working,Secondary / secondary special,Married,House / apartment,-11963,-3246,Laborers,2,2,0
5053292,0.0,X,M,N,Y,0,148500.0,Working,Secondary / secondary special,Married,House / apartment,-11963,-3246,Laborers,2,2,0
5053301,0.0,X,M,Y,N,0,157500.0,Working,Secondary / secondary special,Married,House / apartment,-16588,-3001,Laborers,2,2,0
5053306,0.0,0,M,N,N,1,135000.0,Working,Secondary / secondary special,Married,House / apartment,-20233,-1298,Drivers,3,4,1
5053325,0.0,X,F,N,Y,1,180000.0,Working,Secondary / secondary special,Married,House / apartment,-16699,-628,Security staff,3,4,1
5053332,0.0,X,M,Y,Y,0,180000.0,Working,Secondary / secondary special,Married,House / apartment,-13194,-809,Drivers,2,2,0
5053345,0.0,C,F,Y,Y,0,247500.0,Commercial associate,Secondary / secondary special,Married,House / apartment,-17958,-2515,Drivers,2,0,0
5053348,0.0,C,F,Y,Y,0,247500.0,Commercial associate,Secondary / secondary special,Married,House / apartment,-17958,-2515,Drivers,2,0,0
5053354,0.0,C,F,Y,N,0,225000.0,Working,Secondary / secondary special,Married,House / apartment,-18362,-110,Laborers,2,2,0
5053355,0.0,C,F,Y,N,0,225000.0,Working,Secondary / secondary special,Married,House / apartment,-18362,-110,Laborers,2,2,0
5053357,0.0,0,F,N,Y,0,171000.0,Commercial associate,Secondary / secondary special,Married,House / apartment,-20103,-2697,Cleaning staff,2,1,0
5053359,0.0,C,F,N,Y,0,171000.0,Commercial associate,Secondary / secondary special,Married,House / apartment,-20103,-2697,Cleaning staff,2,1,0
5053360,0.0,C,F,N,Y,0,171000.0,Commercial associate,Secondary / secondary special,Married,House / apartment,-20103,-2697,Cleaning staff,2,1,0
5053362,0.0,C,F,N,Y,0,238500.0,Working,Higher education,Married,House / apartment,-20517,-2971,Sales staff,2,0,0
5053363,0.0,C,F,N,Y,0,238500.0,Working,Higher education,Married,House / apartment,-20517,-2971,Sales staff,2,0,0
5053366,0.0,X,F,N,Y,0,238500.0,Working,Higher education,Married,House / apartment,-20517,-2971,Sales staff,2,1,0
5053367,0.0,X,F,N,Y,0,238500.0,Working,Higher education,Married,House / apartment,-20517,-2971,Sales staff,2,1,0
5053368,0.0,C,F,N,Y,0,238500.0,Working,Higher education,Married,House / apartment,-20517,-2971,Sales staff,2,0,0
5053372,0.0,C,F,N,Y,0,135000.0,Commercial associate,Secondary / secondary special,Married,House / apartment,-11084,-2697,Managers,2,1,0
5053373,0.0,C,F,N,Y,0,135000.0,Commercial associate,Secondary / secondary special,Married,House / apartment,-11084,-2697,Managers,2,1,0
5053374,0.0,C,F,N,Y,0,135000.0,Commercial associate,Secondary / secondary special,Married,House / apartment,-11084,-2697,Managers,2,1,0
5053375,0.0,C,F,Y,Y,0,180000.0,Working,Secondary / secondary special,Single / not married,House / apartment,-13926,-3062,Laborers,1,2,0
5053376,0.0,0,F,Y,Y,0,180000.0,Working,Secondary / secondary special,Single / not married,House / apartment,-13926,-3062,Laborers,1,4,0
5053380,0.0,C,F,N,Y,0,157500.0,Working,Secondary / secondary special,Civil marriage,House / apartment,-20703,-110,Laborers,2,2,0
5053382,0.0,C,F,N,Y,0,157500.0,Working,Secondary / secondary special,Civil marriage,House / apartment,-20703,-110,Laborers,2,2,0
5053384,0.0,X,M,Y,Y,2,247500.0,Working,Incomplete higher,Married,House / apartment,-13102,-962,Drivers,4,2,1
5053387,0.0,0,M,Y,Y,2,247500.0,Working,Incomplete higher,Married,House / apartment,-13102,-962,Drivers,4,2,1
5053389,0.0,0,F,N,Y,0,135000.0,Working,Secondary / secondary special,Civil marriage,House / apartment,-16300,-9698,Managers,2,4,0
5053392,0.0,C,F,N,Y,0,135000.0,Working,Secondary / secondary special,Civil marriage,House / apartment,-16300,-9698,Managers,2,2,0
5053395,0.0,C,F,N,Y,0,135000.0,Working,Secondary / secondary special,Civil marriage,House / apartment,-16300,-9698,Managers,2,2,0
5053396,0.0,C,F,N,Y,0,135000.0,Working,Secondary / secondary special,Civil marriage,House / apartment,-16300,-9698,Managers,2,2,0
5053397,0.0,0,F,N,Y,0,135000.0,Working,Secondary / secondary special,Civil marriage,House / apartment,-16300,-9698,Managers,2,4,0
5053399,0.0,C,M,N,Y,0,157500.0,Commercial associate,Higher education,Married,House / apartment,-22120,-2250,High skill tech staff,2,3,0
5053400,0.0,0,M,N,Y,0,157500.0,Commercial associate,Higher education,Married,House / apartment,-22120,-2250,High skill tech staff,2,3,0
5053402,0.0,C,F,Y,Y,0,180000.0,Working,Higher education,Married,House / apartment,-20720,-7090,Laborers,2,0,0
5053403,0.0,C,M,N,Y,0,292500.0,Commercial associate,Secondary / secondary special,Single / not married,House / apartment,-8133,-212,Laborers,1,1,0
5053404,0.0,0,M,Y,Y,0,157500.0,Working,Secondary / secondary special,Married,House / apartment,-19242,-546,Laborers,2,2,0
5053405,0.0,X,M,Y,Y,0,157500.0,Working,Secondary / secondary special,Married,House / apartment,-19242,-546,Laborers,2,2,0
5053408,0.0,C,F,N,Y,0,81000.0,Commercial associate,Secondary / secondary special,Single / not married,With parents,-8877,-303,Core staff,1,1,0
5053409,0.0,C,F,N,Y,0,81000.0,Commercial associate,Secondary / secondary special,Single / not married,With parents,-8877,-303,Core staff,1,1,0
5053410,0.0,X,F,N,Y,0,81000.0,Commercial associate,Secondary / secondary special,Single / not married,With parents,-8877,-303,Core staff,1,1,0
5053422,0.0,X,F,Y,Y,2,180000.0,Working,Secondary / secondary special,Married,House / apartment,-15692,-3649,Managers,4,2,1
5053423,0.0,0,F,Y,Y,2,180000.0,Working,Secondary / secondary special,Married,House / apartment,-15692,-3649,Managers,4,4,1
5053425,0.0,X,F,Y,Y,2,180000.0,Working,Secondary / secondary special,Married,House / apartment,-15692,-3649,Managers,4,2,1
5053426,0.0,C,F,Y,Y,2,180000.0,Working,Secondary / secondary special,Married,House / apartment,-15692,-3649,Managers,4,2,1
5053429,0.0,C,M,Y,N,1,247500.0,Working,Secondary / secondary special,Civil marriage,House / apartment,-14750,-89,Drivers,3,2,1
5053430,0.0,0,M,Y,N,1,247500.0,Working,Secondary / secondary special,Civil marriage,House / apartment,-14750,-89,Drivers,3,4,1
5053434,0.0,C,M,Y,N,1,247500.0,Working,Secondary / secondary special,Civil marriage,House / apartment,-14750,-89,Drivers,3,2,1
5053438,0.0,C,M,Y,Y,0,112500.0,Working,Secondary / secondary special,Single / not married,House / apartment,-9312,-2129,Accountants,1,2,0
5053439,0.0,C,M,Y,Y,0,112500.0,Working,Secondary / secondary special,Single / not married,House / apartment,-9312,-2129,Accountants,1,2,0
5053440,0.0,C,M,Y,Y,0,112500.0,Working,Secondary / secondary special,Single / not married,House / apartment,-9312,-2129,Accountants,1,2,0
5053441,0.0,C,M,Y,Y,0,112500.0,Working,Secondary / secondary special,Single / not married,House / apartment,-9312,-2129,Accountants,1,2,0
5053445,0.0,X,F,N,Y,1,135000.0,Commercial associate,Higher education,Separated,House / apartment,-16352,-3772,Accountants,2,3,0
5053446,0.0,C,F,N,Y,1,135000.0,Commercial associate,Higher education,Separated,House / apartment,-16352,-3772,Accountants,2,3,0
5053447,0.0,X,F,N,Y,1,135000.0,Commercial associate,Higher education,Separated,House / apartment,-16352,-3772,Accountants,2,3,0
5053461,0.0,0,M,Y,Y,0,369000.0,Working,Secondary / secondary special,Married,House / apartment,-16981,-1246,Drivers,2,2,2
5053462,0.0,C,M,Y,Y,0,369000.0,Working,Secondary / secondary special,Married,House / apartment,-16981,-1246,Drivers,2,2,2
5053463,0.0,0,M,Y,Y,0,369000.0,Working,Secondary / secondary special,Married,House / apartment,-16981,-1246,Drivers,2,2,2
5053464,0.0,X,M,Y,Y,0,369000.0,Working,Secondary / secondary special,Married,House / apartment,-16981,-1246,Drivers,2,2,2
5053468,0.0,C,M,N,Y,0,112500.0,Working,Secondary / secondary special,Married,House / apartment,-18516,-2129,Low-skill Laborers,2,2,0
5053469,0.0,C,M,N,Y,0,112500.0,Working,Secondary / secondary special,Married,House / apartment,-18516,-2129,Low-skill Laborers,2,2,0
5053470,0.0,0,M,N,Y,0,112500.0,Working,Secondary / secondary special,Married,House / apartment,-18516,-2129,Low-skill Laborers,2,4,0
5053471,0.0,X,M,N,Y,0,112500.0,Working,Secondary / secondary special,Married,House / apartment,-18516,-2129,Low-skill Laborers,2,4,0
5053472,0.0,0,M,N,Y,0,112500.0,Working,Secondary / secondary special,Married,House / apartment,-18516,-2129,Low-skill Laborers,2,4,0
5053478,0.0,0,F,N,Y,0,157500.0,State servant,Secondary / secondary special,Married,House / apartment,-18333,-7213,Medicine staff,2,1,0
5053480,0.0,0,F,N,Y,0,157500.0,State servant,Secondary / secondary special,Married,House / apartment,-18333,-7213,Medicine staff,2,1,0
5053484,0.0,0,F,N,Y,0,157500.0,State servant,Secondary / secondary special,Married,House / apartment,-18333,-7213,Medicine staff,2,1,0
5053485,0.0,C,F,N,Y,0,157500.0,State servant,Secondary / secondary special,Married,House / apartment,-18333,-7213,Medicine staff,2,1,0
5053486,0.0,C,F,N,Y,0,157500.0,State servant,Secondary / secondary special,Married,House / apartment,-18333,-7213,Medicine staff,2,1,0
5053487,0.0,C,F,N,Y,0,157500.0,State servant,Secondary / secondary special,Married,House / apartment,-18333,-7213,Medicine staff,2,1,0
5053493,0.0,0,F,Y,N,1,112500.0,Commercial associate,Secondary / secondary special,Married,Office apartment,-14499,-2860,Accountants,3,1,1
5053500,0.0,C,F,Y,N,1,112500.0,Commercial associate,Secondary / secondary special,Married,Office apartment,-14499,-2860,Accountants,3,0,1
5053501,0.0,C,F,Y,N,1,112500.0,Commercial associate,Secondary / secondary special,Married,Office apartment,-14499,-2860,Accountants,3,0,1
5053503,0.0,X,M,Y,Y,0,292500.0,Commercial associate,Higher education,Married,House / apartment,-21886,-3649,Managers,2,3,2
5053505,0.0,C,M,Y,Y,0,292500.0,Commercial associate,Higher education,Married,House / apartment,-21886,-3649,Managers,2,0,2
5053506,0.0,X,M,Y,Y,0,292500.0,Commercial associate,Higher education,Married,House / apartment,-21886,-3649,Managers,2,3,2
5053507,0.0,0,M,Y,Y,0,292500.0,Commercial associate,Higher education,Married,House / apartment,-21886,-3649,Managers,2,3,2
5053508,0.0,X,M,Y,Y,4,157500.0,Working,Higher education,Married,House / apartment,-11380,-1734,Managers,6,0,1
5053510,0.0,C,M,Y,Y,4,157500.0,Working,Higher education,Married,House / apartment,-11380,-1734,Managers,6,0,1
5053513,0.0,C,M,Y,Y,4,157500.0,Working,Higher education,Married,House / apartment,-11380,-1734,Managers,6,0,1
5053514,0.0,0,M,Y,Y,4,157500.0,Working,Higher education,Married,House / apartment,-11380,-1734,Managers,6,0,1
5053516,0.0,0,M,Y,Y,4,157500.0,Working,Higher education,Married,House / apartment,-11380,-1734,Managers,6,0,1
5053517,0.0,C,F,Y,Y,0,225000.0,Commercial associate,Secondary / secondary special,Married,Municipal apartment,-14597,-3346,Private service staff,2,0,0
5053519,0.0,0,F,Y,Y,0,225000.0,Commercial associate,Secondary / secondary special,Married,Municipal apartment,-14597,-3346,Private service staff,2,1,0
5053521,0.0,0,F,N,Y,0,112500.0,Working,Secondary / secondary special,Married,House / apartment,-14762,-2464,Managers,2,4,0
5053522,0.0,C,F,N,Y,0,112500.0,Working,Secondary / secondary special,Married,House / apartment,-14762,-2464,Managers,2,2,0
5053523,0.0,C,F,N,Y,0,112500.0,Working,Secondary / secondary special,Married,House / apartment,-14762,-2464,Managers,2,2,0
5053525,0.0,C,F,N,Y,0,112500.0,Working,Secondary / secondary special,Married,House / apartment,-14762,-2464,Managers,2,2,0
5053539,0.0,C,M,Y,N,1,157500.0,Working,Secondary / secondary special,Separated,House / apartment,-14926,-1489,Security staff,2,2,0
5053540,0.0,0,F,N,Y,0,67500.0,Working,Secondary / secondary special,Single / not married,House / apartment,-9062,-1155,Laborers,1,4,0
5053545,0.0,0,M,Y,Y,0,135000.0,Working,Secondary / secondary special,Married,House / apartment,-21065,-1458,Laborers,2,2,0
5053548,0.0,C,M,Y,Y,0,135000.0,Working,Secondary / secondary special,Married,House / apartment,-21065,-1458,Laborers,2,2,0
5053549,0.0,C,M,Y,Y,0,135000.0,Working,Secondary / secondary special,Married,House / apartment,-21065,-1458,Laborers,2,2,0
5053558,0.0,C,M,Y,Y,1,193500.0,Working,Secondary / secondary special,Married,House / apartment,-10439,-2250,Core staff,3,2,1
5053559,0.0,0,M,Y,Y,1,193500.0,Working,Secondary / secondary special,Married,House / apartment,-10439,-2250,Core staff,3,4,1
5053560,0.0,C,M,Y,Y,1,193500.0,Working,Secondary / secondary special,Married,House / apartment,-10439,-2250,Core staff,3,2,1
5053561,0.0,C,M,Y,Y,1,193500.0,Working,Secondary / secondary special,Married,House / apartment,-10439,-2250,Core staff,3,2,1
5053562,0.0,C,M,Y,Y,1,193500.0,Working,Secondary / secondary special,Married,House / apartment,-10439,-2250,Core staff,3,2,1
5053563,0.0,X,M,Y,Y,1,193500.0,Working,Secondary / secondary special,Married,House / apartment,-10439,-2250,Core staff,3,2,1
5053564,0.0,0,M,Y,Y,1,193500.0,Working,Secondary / secondary special,Married,House / apartment,-10439,-2250,Core staff,3,4,1
5053566,0.0,0,F,N,Y,2,157500.0,Commercial associate,Higher education,Married,House / apartment,-12135,-1216,High skill tech staff,4,3,1
5053568,0.0,0,F,N,Y,2,157500.0,Commercial associate,Higher education,Married,House / apartment,-12135,-1216,High skill tech staff,4,3,1
5053569,0.0,X,F,N,Y,2,157500.0,Commercial associate,Higher education,Married,House / apartment,-12135,-1216,High skill tech staff,4,3,1
5053570,0.0,0,F,N,Y,2,157500.0,Commercial associate,Higher education,Married,House / apartment,-12135,-1216,High skill tech staff,4,3,1
5053571,0.0,0,F,N,Y,2,157500.0,Commercial associate,Higher education,Married,House / apartment,-12135,-1216,High skill tech staff,4,3,1
5053573,0.0,C,F,N,Y,2,157500.0,Commercial associate,Higher education,Married,House / apartment,-12135,-1216,High skill tech staff,4,3,1
5053576,0.0,0,F,N,Y,2,157500.0,Commercial associate,Higher education,Married,House / apartment,-12135,-1216,High skill tech staff,4,3,1
5053579,0.0,0,F,N,Y,2,157500.0,Commercial associate,Higher education,Married,House / apartment,-12135,-1216,High skill tech staff,4,3,1
5053580,0.0,C,F,N,Y,2,157500.0,Commercial associate,Higher education,Married,House / apartment,-12135,-1216,High skill tech staff,4,3,1
5053581,0.0,X,F,N,Y,2,157500.0,Commercial associate,Higher education,Married,House / apartment,-12135,-1216,High skill tech staff,4,3,1
5053582,0.0,0,F,N,Y,2,157500.0,Commercial associate,Higher education,Married,House / apartment,-12135,-1216,High skill tech staff,4,3,1
5053583,0.0,C,M,Y,Y,0,405000.0,Working,Higher education,Married,House / apartment,-10772,-546,Managers,2,0,2
5053588,0.0,C,M,Y,Y,0,405000.0,Working,Higher education,Married,House / apartment,-10772,-546,Managers,2,0,2
5053590,0.0,0,M,Y,Y,0,405000.0,Working,Higher education,Married,House / apartment,-10772,-546,Managers,2,0,2
5053591,0.0,0,M,Y,Y,0,405000.0,Working,Higher education,Married,House / apartment,-10772,-546,Managers,2,0,2
5053603,0.0,C,F,N,Y,0,270000.0,Working,Secondary / secondary special,Married,Municipal apartment,-21088,-8855,Laborers,2,2,2
5053606,0.0,C,F,N,Y,0,270000.0,Working,Secondary / secondary special,Married,Municipal apartment,-21088,-8855,Laborers,2,2,2
5053607,0.0,C,F,N,Y,0,270000.0,Working,Secondary / secondary special,Married,Municipal apartment,-21088,-8855,Laborers,2,2,2
5053631,0.0,C,F,N,Y,1,112500.0,Working,Secondary / secondary special,Separated,House / apartment,-14926,-424,Sales staff,2,4,0
5053634,0.0,C,F,N,Y,1,112500.0,Working,Secondary / secondary special,Separated,House / apartment,-14926,-424,Sales staff,2,4,0
5053641,0.0,X,M,N,N,0,360000.0,Commercial associate,Higher education,Married,House / apartment,-20354,-1823,Managers,2,3,2
5053642,0.0,C,M,N,N,0,360000.0,Commercial associate,Higher education,Married,House / apartment,-20354,-1823,Managers,2,3,2
5053644,0.0,C,M,N,N,0,360000.0,Commercial associate,Higher education,Married,House / apartment,-20354,-1823,Managers,2,3,2
5053645,0.0,C,M,N,N,0,360000.0,Commercial associate,Higher education,Married,House / apartment,-20354,-1823,Managers,2,3,2
5053646,0.0,C,M,N,N,0,360000.0,Commercial associate,Higher education,Married,House / apartment,-20354,-1823,Managers,2,3,2
5053651,0.0,C,M,N,N,0,360000.0,Commercial associate,Higher education,Married,House / apartment,-20354,-1823,Managers,2,3,2
5053652,0.0,0,M,N,N,0,360000.0,Commercial associate,Higher education,Married,House / apartment,-20354,-1823,Managers,2,3,2
5053653,0.0,C,F,N,Y,2,360000.0,Commercial associate,Secondary / secondary special,Single / not married,House / apartment,-13576,-3560,Sales staff,3,1,2
5053658,0.0,C,F,N,Y,2,360000.0,Commercial associate,Secondary / secondary special,Single / not married,House / apartment,-13576,-3560,Sales staff,3,1,2
5053659,0.0,C,F,N,Y,2,360000.0,Commercial associate,Secondary / secondary special,Single / not married,House / apartment,-13576,-3560,Sales staff,3,1,2
5053667,0.0,C,F,Y,N,1,45000.0,Working,Secondary / secondary special,Married,House / apartment,-10893,-4230,Laborers,3,2,1
5053668,0.0,C,F,Y,N,1,45000.0,Working,Secondary / secondary special,Married,House / apartment,-10893,-4230,Laborers,3,2,1
5053669,0.0,C,F,Y,N,1,45000.0,Working,Secondary / secondary special,Married,House / apartment,-10893,-4230,Laborers,3,2,1
5053671,0.0,C,F,Y,Y,0,225000.0,Commercial associate,Secondary / secondary special,Single / not married,House / apartment,-12075,-1430,High skill tech staff,1,1,0
5053672,0.0,C,F,Y,Y,0,225000.0,Commercial associate,Secondary / secondary special,Single / not married,House / apartment,-12075,-1430,High skill tech staff,1,1,0
5053673,0.0,0,F,Y,Y,0,225000.0,Commercial associate,Secondary / secondary special,Single / not married,House / apartment,-12075,-1430,High skill tech staff,1,1,0
5053674,0.0,0,F,Y,Y,0,225000.0,Commercial associate,Secondary / secondary special,Single / not married,House / apartment,-12075,-1430,High skill tech staff,1,1,0
5053675,0.0,C,F,Y,Y,0,225000.0,Commercial associate,Secondary / secondary special,Single / not married,House / apartment,-12075,-1430,High skill tech staff,1,1,0
5053676,0.0,0,F,Y,Y,0,225000.0,Commercial associate,Secondary / secondary special,Single / not married,House / apartment,-12075,-1430,High skill tech staff,1,1,0
5053677,0.0,0,F,Y,Y,0,225000.0,Commercial associate,Secondary / secondary special,Single / not married,House / apartment,-12075,-1430,High skill tech staff,1,1,0
5053679,0.0,0,F,Y,Y,0,225000.0,Commercial associate,Secondary / secondary special,Single / not married,House / apartment,-12075,-1430,High skill tech staff,1,1,0
5053680,0.0,C,F,Y,Y,0,225000.0,Commercial associate,Secondary / secondary special,Single / not married,House / apartment,-12075,-1430,High skill tech staff,1,1,0
5053683,0.0,0,M,Y,Y,1,225000.0,Working,Secondary / secondary special,Married,House / apartment,-16175,-2371,Drivers,3,2,1
5053687,0.0,C,M,Y,Y,1,225000.0,Working,Secondary / secondary special,Married,House / apartment,-16175,-2371,Drivers,3,2,1
5053695,0.0,C,F,N,Y,0,180000.0,Working,Secondary / secondary special,Married,House / apartment,-17445,-2493,HR staff,2,2,0
5053696,0.0,0,F,N,Y,0,180000.0,Working,Secondary / secondary special,Married,House / apartment,-17445,-2493,HR staff,2,4,0
5053698,0.0,C,F,N,Y,0,193500.0,Working,Secondary / secondary special,Married,Municipal apartment,-17880,-9858,Cooking staff,2,2,0
5053703,0.0,C,F,N,Y,0,193500.0,Working,Secondary / secondary special,Married,Municipal apartment,-17880,-9858,Cooking staff,2,2,0
5053704,0.0,0,F,N,Y,0,225000.0,Working,Higher education,Married,House / apartment,-13767,-1093,Managers,2,1,0
5053705,0.0,C,F,N,Y,0,225000.0,Working,Higher education,Married,House / apartment,-13767,-1093,Managers,2,0,0
5053708,0.0,C,M,N,Y,1,135000.0,Working,Secondary / secondary special,Separated,House / apartment,-16728,-880,Laborers,2,2,0
5053709,0.0,C,M,N,Y,1,135000.0,Working,Secondary / secondary special,Separated,House / apartment,-16728,-880,Laborers,2,2,0
5053713,0.0,0,F,Y,Y,1,225000.0,Working,Higher education,Separated,House / apartment,-14816,-1672,Core staff,2,1,0
5053714,0.0,0,F,Y,Y,1,225000.0,Working,Higher education,Separated,House / apartment,-14816,-1672,Core staff,2,1,0
5053715,0.0,X,F,Y,Y,1,225000.0,Working,Higher education,Separated,House / apartment,-14816,-1672,Core staff,2,3,0
5053716,0.0,X,F,Y,Y,1,225000.0,Working,Higher education,Separated,House / apartment,-14816,-1672,Core staff,2,3,0
5053717,0.0,0,F,Y,Y,1,225000.0,Working,Higher education,Separated,House / apartment,-14816,-1672,Core staff,2,1,0
5053718,0.0,0,F,Y,Y,1,225000.0,Working,Higher education,Separated,House / apartment,-14816,-1672,Core staff,2,1,0
5053722,0.0,0,F,Y,Y,1,225000.0,Working,Higher education,Separated,House / apartment,-14816,-1672,Core staff,2,1,0
5053725,0.0,X,F,Y,Y,1,225000.0,Working,Higher education,Separated,House / apartment,-14816,-1672,Core staff,2,3,0
5053726,0.0,0,F,Y,Y,1,225000.0,Working,Higher education,Separated,House / apartment,-14816,-1672,Core staff,2,1,0
5053728,0.0,0,F,Y,Y,1,225000.0,Working,Higher education,Separated,House / apartment,-14816,-1672,Core staff,2,1,0
5053730,0.0,C,F,Y,Y,1,225000.0,Working,Higher education,Separated,House / apartment,-14816,-1672,Core staff,2,0,0
5053731,0.0,0,F,Y,Y,1,225000.0,Working,Higher education,Separated,House / apartment,-14816,-1672,Core staff,2,1,0
5053732,0.0,0,F,N,Y,0,103500.0,State servant,Secondary / secondary special,Widow,House / apartment,-17873,-8460,Core staff,1,1,0
5053733,0.0,0,F,N,Y,0,103500.0,State servant,Secondary / secondary special,Widow,House / apartment,-17873,-8460,Core staff,1,1,0
5053734,0.0,C,F,N,Y,0,103500.0,State servant,Secondary / secondary special,Widow,House / apartment,-17873,-8460,Core staff,1,1,0
5053740,0.0,C,F,N,Y,0,360000.0,State servant,Higher education,Married,House / apartment,-16182,-3163,Managers,2,3,2
5053742,0.0,C,F,N,Y,0,360000.0,State servant,Higher education,Married,House / apartment,-16182,-3163,Managers,2,3,2
5053743,0.0,C,F,N,Y,0,360000.0,State servant,Higher education,Married,House / apartment,-16182,-3163,Managers,2,3,2
5053744,0.0,C,F,N,Y,0,360000.0,State servant,Higher education,Married,House / apartment,-16182,-3163,Managers,2,3,2
5053749,0.0,0,F,N,Y,1,135000.0,Commercial associate,Higher education,Married,House / apartment,-10182,-971,Sales staff,3,3,1
5053750,0.0,C,F,N,Y,1,135000.0,Commercial associate,Higher education,Married,House / apartment,-10182,-971,Sales staff,3,3,1
5053752,0.0,C,F,N,Y,1,135000.0,Commercial associate,Higher education,Married,House / apartment,-10182,-971,Sales staff,3,3,1
5053753,0.0,0,F,N,Y,1,135000.0,Commercial associate,Higher education,Married,House / apartment,-10182,-971,Sales staff,3,3,1
5053754,0.0,C,F,N,Y,1,135000.0,Commercial associate,Higher education,Married,House / apartment,-10182,-971,Sales staff,3,3,1
5053755,0.0,0,F,N,Y,1,135000.0,Commercial associate,Higher education,Married,House / apartment,-10182,-971,Sales staff,3,3,1
5053757,0.0,X,F,N,Y,1,135000.0,Commercial associate,Higher education,Married,House / apartment,-10182,-971,Sales staff,3,3,1
5053760,0.0,X,F,N,Y,0,360000.0,Working,Secondary / secondary special,Married,House / apartment,-14687,-2463,Cooking staff,2,4,2
5053764,0.0,X,F,N,Y,0,360000.0,Working,Secondary / secondary special,Married,House / apartment,-14687,-2463,Cooking staff,2,4,2
5053766,0.0,X,F,N,Y,0,360000.0,Working,Secondary / secondary special,Married,House / apartment,-14687,-2463,Cooking staff,2,4,2
5053769,0.0,X,F,N,Y,0,360000.0,Working,Secondary / secondary special,Married,House / apartment,-14687,-2463,Cooking staff,2,4,2
5053770,0.0,0,F,N,Y,0,360000.0,Working,Secondary / secondary special,Married,House / apartment,-14687,-2463,Cooking staff,2,4,2
5053771,0.0,C,F,N,Y,0,360000.0,Working,Secondary / secondary special,Married,House / apartment,-14687,-2463,Cooking staff,2,2,2
5053780,0.0,C,F,Y,Y,0,157500.0,Commercial associate,Secondary / secondary special,Widow,House / apartment,-19487,-3255,Laborers,1,0,0
5053781,0.0,C,F,Y,Y,0,157500.0,Commercial associate,Secondary / secondary special,Widow,House / apartment,-19487,-3255,Laborers,1,0,0
5053785,0.0,C,F,Y,Y,0,157500.0,Commercial associate,Secondary / secondary special,Widow,House / apartment,-19487,-3255,Laborers,1,0,0
5053804,0.0,C,M,N,N,0,180000.0,Working,Higher education,Married,House / apartment,-14972,-1063,Core staff,2,0,0
5053807,0.0,C,M,N,N,0,180000.0,Working,Higher education,Married,House / apartment,-14972,-1063,Core staff,2,0,0
5053808,0.0,C,M,N,N,0,180000.0,Working,Higher education,Married,House / apartment,-14972,-1063,Core staff,2,0,0
5053809,0.0,0,M,N,N,0,180000.0,Working,Higher education,Married,House / apartment,-14972,-1063,Core staff,2,1,0
5053811,0.0,X,M,N,Y,1,90000.0,Commercial associate,Secondary / secondary special,Married,With parents,-8316,-149,Laborers,3,1,1
5053815,0.0,C,M,Y,Y,0,135000.0,Working,Secondary / secondary special,Married,House / apartment,-14521,-4351,Laborers,2,2,0
5053818,0.0,C,M,Y,Y,0,135000.0,Working,Secondary / secondary special,Married,House / apartment,-14521,-4351,Laborers,2,2,0
5053820,0.0,C,M,Y,Y,0,135000.0,Working,Secondary / secondary special,Married,House / apartment,-14521,-4351,Laborers,2,2,0
5053821,0.0,C,M,Y,Y,0,135000.0,Working,Secondary / secondary special,Married,House / apartment,-14521,-4351,Laborers,2,2,0
5053823,0.0,C,M,Y,Y,0,180000.0,Working,Incomplete higher,Single / not married,House / apartment,-10789,-1702,Laborers,1,2,0
5053824,0.0,C,M,Y,Y,0,180000.0,Working,Incomplete higher,Single / not married,House / apartment,-10789,-1702,Laborers,1,2,0
5053825,0.0,C,M,Y,Y,0,180000.0,Working,Incomplete higher,Single / not married,House / apartment,-10789,-1702,Laborers,1,2,0
5053826,0.0,C,M,Y,Y,0,180000.0,Working,Incomplete higher,Single / not married,House / apartment,-10789,-1702,Laborers,1,2,0
5053827,0.0,C,M,Y,Y,0,180000.0,Working,Incomplete higher,Single / not married,House / apartment,-10789,-1702,Laborers,1,2,0
5053831,0.0,C,F,N,Y,0,112500.0,State servant,Secondary / secondary special,Married,House / apartment,-18794,-6358,High skill tech staff,2,1,0
5053835,0.0,X,F,N,Y,0,112500.0,State servant,Secondary / secondary special,Married,House / apartment,-18794,-6358,High skill tech staff,2,1,0
5053837,0.0,X,F,N,Y,0,112500.0,State servant,Secondary / secondary special,Married,House / apartment,-18794,-6358,High skill tech staff,2,1,0
5053838,0.0,0,F,N,Y,0,112500.0,State servant,Secondary / secondary special,Married,House / apartment,-18794,-6358,High skill tech staff,2,1,0
5053839,0.0,X,F,N,Y,0,112500.0,State servant,Secondary / secondary special,Married,House / apartment,-18794,-6358,High skill tech staff,2,1,0
5053840,0.0,C,F,N,Y,0,112500.0,State servant,Secondary / secondary special,Married,House / apartment,-18794,-6358,High skill tech staff,2,1,0
5053842,0.0,C,M,Y,N,0,184500.0,Working,Secondary / secondary special,Married,Municipal apartment,-18013,-1215,Laborers,2,2,0
5053843,0.0,C,M,Y,N,0,184500.0,Working,Secondary / secondary special,Married,Municipal apartment,-18013,-1215,Laborers,2,2,0
5053844,0.0,C,M,Y,N,0,184500.0,Working,Secondary / secondary special,Married,Municipal apartment,-18013,-1215,Laborers,2,2,0
5053845,0.0,C,M,Y,N,0,184500.0,Working,Secondary / secondary special,Married,Municipal apartment,-18013,-1215,Laborers,2,2,0
5053846,0.0,C,M,Y,N,0,184500.0,Working,Secondary / secondary special,Married,Municipal apartment,-18013,-1215,Laborers,2,2,0
5053847,0.0,C,M,Y,N,0,184500.0,Working,Secondary / secondary special,Married,Municipal apartment,-18013,-1215,Laborers,2,2,0
5053848,0.0,C,M,Y,N,0,184500.0,Working,Secondary / secondary special,Married,Municipal apartment,-18013,-1215,Laborers,2,2,0
5053850,0.0,C,M,Y,N,0,184500.0,Working,Secondary / secondary special,Married,Municipal apartment,-18013,-1215,Laborers,2,2,0
5053851,0.0,C,M,Y,N,0,184500.0,Working,Secondary / secondary special,Married,Municipal apartment,-18013,-1215,Laborers,2,2,0
5053852,0.0,C,M,Y,N,0,184500.0,Working,Secondary / secondary special,Married,Municipal apartment,-18013,-1215,Laborers,2,2,0
5053853,0.0,0,M,Y,N,0,184500.0,Working,Secondary / secondary special,Married,Municipal apartment,-18013,-1215,Laborers,2,2,0
5053854,0.0,C,M,Y,N,0,184500.0,Working,Secondary / secondary special,Married,Municipal apartment,-18013,-1215,Laborers,2,2,0
5053855,0.0,C,M,Y,Y,2,121500.0,Working,Secondary / secondary special,Married,House / apartment,-10991,-637,Laborers,4,2,1
5053856,0.0,C,M,Y,Y,2,121500.0,Working,Secondary / secondary special,Married,House / apartment,-10991,-637,Laborers,4,2,1
5053858,0.0,C,M,Y,Y,2,121500.0,Working,Secondary / secondary special,Married,House / apartment,-10991,-637,Laborers,4,2,1
5053859,0.0,C,M,Y,Y,2,121500.0,Working,Secondary / secondary special,Married,House / apartment,-10991,-637,Laborers,4,2,1
5053861,0.0,C,M,Y,Y,2,121500.0,Working,Secondary / secondary special,Married,House / apartment,-10991,-637,Laborers,4,2,1
5053862,0.0,C,M,Y,Y,2,121500.0,Working,Secondary / secondary special,Married,House / apartment,-10991,-637,Laborers,4,2,1
5053864,0.0,0,F,N,N,1,157500.0,Working,Higher education,Married,House / apartment,-13167,-1641,Sales staff,3,1,1
5053865,0.0,X,F,N,N,1,157500.0,Working,Higher education,Married,House / apartment,-13167,-1641,Sales staff,3,1,1
5053866,0.0,0,F,N,N,1,157500.0,Working,Higher education,Married,House / apartment,-13167,-1641,Sales staff,3,1,1
5053867,0.0,C,F,N,Y,0,337500.0,State servant,Higher education,Single / not married,House / apartment,-15835,-392,Managers,1,3,2
5053869,0.0,0,F,N,Y,0,337500.0,State servant,Higher education,Single / not married,House / apartment,-15835,-392,Managers,1,3,2
5053874,0.0,X,M,N,Y,0,112500.0,Commercial associate,Secondary / secondary special,Civil marriage,House / apartment,-9905,-2493,Laborers,2,1,0
5053875,0.0,C,M,N,Y,0,112500.0,Commercial associate,Secondary / secondary special,Civil marriage,House / apartment,-9905,-2493,Laborers,2,1,0
5053877,0.0,0,F,Y,Y,2,157500.0,Commercial associate,Higher education,Married,House / apartment,-15801,-576,Managers,4,3,1
5053879,0.0,C,F,Y,Y,2,157500.0,Commercial associate,Higher education,Married,House / apartment,-15801,-576,Managers,4,3,1
5053880,0.0,X,F,Y,Y,2,157500.0,Commercial associate,Higher education,Married,House / apartment,-15801,-576,Managers,4,3,1
5053882,0.0,0,F,Y,Y,2,157500.0,Commercial associate,Higher education,Married,House / apartment,-15801,-576,Managers,4,3,1
5053907,0.0,X,M,Y,N,0,157500.0,Working,Secondary / secondary special,Single / not married,House / apartment,-10733,-1763,Laborers,1,2,0
5053910,0.0,C,F,Y,N,0,225000.0,Working,Higher education,Civil marriage,House / apartment,-14438,-2433,Managers,2,0,0
5053912,0.0,X,F,Y,N,0,225000.0,Working,Higher education,Civil marriage,House / apartment,-14438,-2433,Managers,2,3,0
5053913,0.0,C,F,Y,N,0,225000.0,Working,Higher education,Civil marriage,House / apartment,-14438,-2433,Managers,2,0,0
5053916,0.0,C,F,Y,N,0,225000.0,Working,Higher education,Civil marriage,House / apartment,-14438,-2433,Managers,2,0,0
5053917,0.0,C,F,Y,N,0,225000.0,Working,Higher education,Civil marriage,House / apartment,-14438,-2433,Managers,2,0,0
5053918,0.0,C,F,Y,N,0,225000.0,Working,Higher education,Civil marriage,House / apartment,-14438,-2433,Managers,2,0,0
5053919,0.0,C,F,Y,N,0,225000.0,Working,Higher education,Civil marriage,House / apartment,-14438,-2433,Managers,2,0,0
5053920,0.0,X,M,N,N,1,202500.0,Working,Lower secondary,Civil marriage,House / apartment,-14454,-1064,Drivers,3,4,1
5053921,0.0,X,M,N,N,1,202500.0,Working,Lower secondary,Civil marriage,House / apartment,-14454,-1064,Drivers,3,4,1
5053922,0.0,X,M,N,N,1,202500.0,Working,Lower secondary,Civil marriage,House / apartment,-14454,-1064,Drivers,3,4,1
5053923,0.0,0,F,N,N,0,270000.0,Working,Secondary / secondary special,Married,House / apartment,-18307,-8794,Drivers,2,4,2
5053924,0.0,C,F,N,N,0,270000.0,Working,Secondary / secondary special,Married,House / apartment,-18307,-8794,Drivers,2,2,2
5053925,0.0,C,F,N,N,0,270000.0,Working,Secondary / secondary special,Married,House / apartment,-18307,-8794,Drivers,2,2,2
5053927,0.0,C,F,N,N,0,270000.0,Working,Secondary / secondary special,Married,House / apartment,-18307,-8794,Drivers,2,2,2
5053928,0.0,C,F,N,N,0,270000.0,Working,Secondary / secondary special,Married,House / apartment,-18307,-8794,Drivers,2,2,2
5053930,0.0,C,F,N,N,0,270000.0,Working,Secondary / secondary special,Married,House / apartment,-18307,-8794,Drivers,2,2,2
5053933,0.0,C,F,N,N,0,292500.0,Commercial associate,Higher education,Married,House / apartment,-17870,-880,Accountants,2,3,2
5053936,0.0,C,F,N,N,0,292500.0,Commercial associate,Higher education,Married,House / apartment,-17870,-880,Accountants,2,3,2
5053937,0.0,X,F,N,N,0,292500.0,Commercial associate,Higher education,Married,House / apartment,-17870,-880,Accountants,2,3,2
5053952,0.0,0,F,N,N,2,85500.0,Commercial associate,Higher education,Married,House / apartment,-13708,-4625,High skill tech staff,4,3,1
5053953,0.0,X,F,N,N,2,85500.0,Commercial associate,Higher education,Married,House / apartment,-13708,-4625,High skill tech staff,4,3,1
5053954,0.0,X,F,N,N,2,85500.0,Commercial associate,Higher education,Married,House / apartment,-13708,-4625,High skill tech staff,4,3,1
5053957,0.0,0,F,N,N,2,85500.0,Commercial associate,Higher education,Married,House / apartment,-13708,-4625,High skill tech staff,4,3,1
5053960,0.0,C,F,N,N,0,270000.0,State servant,Higher education,Married,House / apartment,-13266,-2341,Core staff,2,3,0
5053961,0.0,C,F,N,N,0,270000.0,State servant,Higher education,Married,House / apartment,-13266,-2341,Core staff,2,3,0
5053962,0.0,C,F,N,N,0,270000.0,State servant,Higher education,Married,House / apartment,-13266,-2341,Core staff,2,3,0
5053963,0.0,0,F,N,N,0,270000.0,State servant,Higher education,Married,House / apartment,-13266,-2341,Core staff,2,3,0
5053965,0.0,0,F,N,N,0,270000.0,State servant,Higher education,Married,House / apartment,-13266,-2341,Core staff,2,3,0
5053966,0.0,C,F,N,N,0,270000.0,State servant,Higher education,Married,House / apartment,-13266,-2341,Core staff,2,3,0
5053967,0.0,0,M,Y,N,0,202500.0,Working,Secondary / secondary special,Single / not married,House / apartment,-11392,-758,Managers,1,4,0
5053987,0.0,C,F,Y,N,0,76500.0,Working,Secondary / secondary special,Married,House / apartment,-16099,-181,Core staff,2,2,0
5054008,0.0,C,F,Y,N,0,292500.0,Commercial associate,Secondary / secondary special,Married,House / apartment,-19939,-6298,Managers,2,0,2
5054009,0.0,C,F,Y,N,0,292500.0,Commercial associate,Secondary / secondary special,Married,House / apartment,-19939,-6298,Managers,2,0,2
5054013,0.0,C,F,Y,N,0,292500.0,Commercial associate,Secondary / secondary special,Married,House / apartment,-19939,-6298,Managers,2,0,2
5054014,0.0,X,F,Y,N,0,292500.0,Commercial associate,Secondary / secondary special,Married,House / apartment,-19939,-6298,Managers,2,1,2
5054019,0.0,C,F,N,N,0,202500.0,Working,Secondary / secondary special,Married,Office apartment,-19760,-2099,Cleaning staff,2,2,0
5054020,0.0,C,F,N,N,0,202500.0,Working,Secondary / secondary special,Married,Office apartment,-19760,-2099,Cleaning staff,2,2,0
5054025,0.0,C,F,N,N,0,202500.0,Working,Secondary / secondary special,Married,Office apartment,-19760,-2099,Cleaning staff,2,2,0
5054026,0.0,X,F,N,N,0,202500.0,Working,Secondary / secondary special,Married,Office apartment,-19760,-2099,Cleaning staff,2,4,0
5054027,0.0,C,F,N,N,0,202500.0,Working,Secondary / secondary special,Married,Office apartment,-19760,-2099,Cleaning staff,2,2,0
5054029,0.0,0,F,N,N,0,202500.0,Working,Secondary / secondary special,Married,Office apartment,-19760,-2099,Cleaning staff,2,4,0
5054030,0.0,0,F,N,N,0,202500.0,Working,Secondary / secondary special,Married,Office apartment,-19760,-2099,Cleaning staff,2,4,0
5054032,0.0,C,F,N,N,0,180000.0,Working,Secondary / secondary special,Married,House / apartment,-17701,-10773,Medicine staff,2,2,0
5054035,0.0,0,F,N,N,0,180000.0,Working,Secondary / secondary special,Married,House / apartment,-17701,-10773,Medicine staff,2,4,0
5054038,0.0,0,F,N,N,1,81000.0,Working,Secondary / secondary special,Married,House / apartment,-14290,-1308,Cooking staff,3,4,1
5054042,0.0,C,F,N,N,1,81000.0,Working,Secondary / secondary special,Married,House / apartment,-14290,-1308,Cooking staff,3,2,1
5054043,0.0,C,F,N,N,1,81000.0,Working,Secondary / secondary special,Married,House / apartment,-14290,-1308,Cooking staff,3,2,1
5054044,0.0,0,F,N,N,1,81000.0,Working,Secondary / secondary special,Married,House / apartment,-14290,-1308,Cooking staff,3,4,1
5054046,0.0,X,M,Y,N,1,112500.0,Working,Secondary / secondary special,Married,Rented apartment,-11583,-3407,Laborers,3,2,1
5054048,0.0,C,M,Y,N,1,112500.0,Working,Secondary / secondary special,Married,Rented apartment,-11583,-3407,Laborers,3,2,1
5054050,0.0,C,M,Y,N,1,112500.0,Working,Secondary / secondary special,Married,Rented apartment,-11583,-3407,Laborers,3,2,1
5054051,0.0,C,M,Y,N,1,112500.0,Working,Secondary / secondary special,Married,Rented apartment,-11583,-3407,Laborers,3,2,1
5054052,0.0,C,M,Y,N,1,112500.0,Working,Secondary / secondary special,Married,Rented apartment,-11583,-3407,Laborers,3,2,1
5054053,0.0,C,M,Y,N,1,112500.0,Working,Secondary / secondary special,Married,Rented apartment,-11583,-3407,Laborers,3,2,1
5054055,0.0,C,M,Y,N,1,112500.0,Working,Secondary / secondary special,Married,Rented apartment,-11583,-3407,Laborers,3,2,1
5054056,0.0,C,M,Y,N,1,112500.0,Working,Secondary / secondary special,Married,Rented apartment,-11583,-3407,Laborers,3,2,1
5054060,0.0,C,M,N,N,1,157500.0,Working,Secondary / secondary special,Married,House / apartment,-16424,-1458,Drivers,3,2,1
5054061,0.0,0,M,N,N,1,157500.0,Working,Secondary / secondary special,Married,House / apartment,-16424,-1458,Drivers,3,4,1
5054062,0.0,0,M,N,N,1,157500.0,Working,Secondary / secondary special,Married,House / apartment,-16424,-1458,Drivers,3,4,1
5054064,0.0,0,M,N,N,1,157500.0,Working,Secondary / secondary special,Married,House / apartment,-16424,-1458,Drivers,3,4,1
5054066,0.0,X,M,N,N,1,157500.0,Working,Secondary / secondary special,Married,House / apartment,-16424,-1458,Drivers,3,2,1
5054067,0.0,0,M,N,N,1,157500.0,Working,Secondary / secondary special,Married,House / apartment,-16424,-1458,Drivers,3,4,1
5054069,0.0,C,M,Y,N,0,270000.0,Working,Higher education,Married,House / apartment,-10292,-3529,Laborers,2,0,2
5054070,0.0,C,M,Y,N,0,270000.0,Working,Higher education,Married,House / apartment,-10292,-3529,Laborers,2,0,2
5054071,0.0,X,M,Y,N,0,270000.0,Working,Higher education,Married,House / apartment,-10292,-3529,Laborers,2,0,2
5054087,0.0,C,F,N,N,1,166500.0,Working,Higher education,Married,House / apartment,-12825,-150,Core staff,3,0,1
5054088,0.0,C,M,N,N,0,176175.0,Commercial associate,Secondary / secondary special,Married,With parents,-9073,-699,Core staff,2,0,0
5054090,0.0,C,M,N,N,0,176175.0,Commercial associate,Secondary / secondary special,Married,With parents,-9073,-699,Core staff,2,0,0
5054091,0.0,C,M,N,N,0,176175.0,Commercial associate,Secondary / secondary special,Married,With parents,-9073,-699,Core staff,2,0,0
5054092,0.0,0,M,N,N,0,176175.0,Commercial associate,Secondary / secondary special,Married,With parents,-9073,-699,Core staff,2,1,0
5054093,0.0,1,M,N,N,0,176175.0,Commercial associate,Secondary / secondary special,Married,With parents,-9073,-699,Core staff,2,1,0
5054096,0.0,C,M,Y,N,2,202500.0,Working,Higher education,Married,House / apartment,-11736,-727,Drivers,4,0,1
5054098,0.0,C,M,Y,N,2,202500.0,Working,Higher education,Married,House / apartment,-11736,-727,Drivers,4,0,1
5054099,0.0,0,M,Y,N,2,202500.0,Working,Higher education,Married,House / apartment,-11736,-727,Drivers,4,0,1
5054100,0.0,C,M,Y,N,2,202500.0,Working,Higher education,Married,House / apartment,-11736,-727,Drivers,4,0,1
5054101,0.0,0,M,Y,N,2,202500.0,Working,Higher education,Married,House / apartment,-11736,-727,Drivers,4,0,1
5054116,0.0,C,M,Y,N,0,126000.0,Working,Secondary / secondary special,Married,House / apartment,-20136,-1795,Security staff,2,2,0
5054118,0.0,0,M,Y,N,0,126000.0,Working,Secondary / secondary special,Married,House / apartment,-20136,-1795,Security staff,2,2,0
5054119,0.0,C,M,N,N,0,157500.0,Commercial associate,Secondary / secondary special,Single / not married,House / apartment,-12148,-1823,Laborers,1,1,0
5054122,0.0,C,M,Y,N,0,112500.0,Commercial associate,Incomplete higher,Married,House / apartment,-16185,-273,Laborers,2,0,0
5054123,0.0,C,M,Y,N,0,112500.0,Commercial associate,Incomplete higher,Married,House / apartment,-16185,-273,Laborers,2,0,0
5054125,0.0,C,M,Y,N,0,112500.0,Commercial associate,Incomplete higher,Married,House / apartment,-16185,-273,Laborers,2,0,0
5054126,0.0,1,M,N,N,0,190399.5,Commercial associate,Secondary / secondary special,Married,House / apartment,-10409,-1338,Core staff,2,1,0
5054127,0.0,C,M,N,N,0,190399.5,Commercial associate,Secondary / secondary special,Married,House / apartment,-10409,-1338,Core staff,2,0,0
5054130,0.0,C,M,N,N,0,190399.5,Commercial associate,Secondary / secondary special,Married,House / apartment,-10409,-1338,Core staff,2,0,0
5054131,0.0,0,M,N,N,0,190399.5,Commercial associate,Secondary / secondary special,Married,House / apartment,-10409,-1338,Core staff,2,1,0
5054141,0.0,C,F,N,N,0,135000.0,Working,Higher education,Married,House / apartment,-13202,-2646,Laborers,2,0,0
5054144,0.0,C,F,N,N,0,135000.0,Working,Higher education,Married,House / apartment,-13202,-2646,Laborers,2,0,0
5054145,0.0,0,F,N,N,0,135000.0,Working,Higher education,Married,House / apartment,-13202,-2646,Laborers,2,1,0
5054149,0.0,0,F,N,N,0,135000.0,Working,Higher education,Married,House / apartment,-13202,-2646,Laborers,2,1,0
5054150,0.0,C,F,N,N,0,135000.0,Working,Higher education,Married,House / apartment,-13202,-2646,Laborers,2,0,0
5054151,0.0,C,M,N,N,0,67500.0,Commercial associate,Secondary / secondary special,Civil marriage,House / apartment,-17395,-424,Drivers,2,1,0
5054152,0.0,0,M,N,N,0,67500.0,Commercial associate,Secondary / secondary special,Civil marriage,House / apartment,-17395,-424,Drivers,2,1,0
5054153,0.0,C,F,N,N,0,67500.0,Working,Secondary / secondary special,Single / not married,House / apartment,-20037,-4929,Laborers,1,4,0
5054154,0.0,C,F,N,N,0,67500.0,Working,Secondary / secondary special,Single / not married,House / apartment,-20037,-4929,Laborers,1,4,0
5054155,0.0,0,F,N,N,0,67500.0,Working,Secondary / secondary special,Single / not married,House / apartment,-20037,-4929,Laborers,1,4,0
5054156,0.0,C,F,N,N,0,67500.0,Working,Secondary / secondary special,Single / not married,House / apartment,-20037,-4929,Laborers,1,4,0
5054157,0.0,C,F,N,N,0,72000.0,State servant,Secondary / secondary special,Married,House / apartment,-19546,-7698,Cooking staff,2,1,0
5054159,0.0,0,F,Y,N,0,315000.0,Commercial associate,Secondary / secondary special,Civil marriage,House / apartment,-13902,-1703,High skill tech staff,2,1,2
5054161,0.0,0,F,Y,N,0,315000.0,Commercial associate,Secondary / secondary special,Civil marriage,House / apartment,-13902,-1703,High skill tech staff,2,1,2
5054162,0.0,C,F,Y,N,0,315000.0,Commercial associate,Secondary / secondary special,Civil marriage,House / apartment,-13902,-1703,High skill tech staff,2,1,2
5054163,0.0,0,F,N,N,1,67500.0,Working,Secondary / secondary special,Married,House / apartment,-11256,-362,Sales staff,3,4,1
5054166,0.0,X,F,N,N,1,67500.0,Working,Secondary / secondary special,Married,House / apartment,-11256,-362,Sales staff,3,4,1
5054167,0.0,0,F,N,N,1,67500.0,Working,Secondary / secondary special,Married,House / apartment,-11256,-362,Sales staff,3,4,1
5054168,0.0,0,F,N,N,1,67500.0,Working,Secondary / secondary special,Married,House / apartment,-11256,-362,Sales staff,3,4,1
5054169,0.0,0,F,N,N,1,67500.0,Working,Secondary / secondary special,Married,House / apartment,-11256,-362,Sales staff,3,4,1
5054173,0.0,C,F,Y,N,1,292500.0,Working,Higher education,Married,House / apartment,-17205,-1946,Accountants,3,0,2
5054174,0.0,C,M,Y,N,1,135000.0,Working,Higher education,Married,House / apartment,-12241,-1581,Managers,3,0,1
5054175,0.0,X,M,Y,N,1,135000.0,Working,Higher education,Married,House / apartment,-12241,-1581,Managers,3,0,1
5054176,0.0,C,M,Y,N,1,135000.0,Working,Higher education,Married,House / apartment,-12241,-1581,Managers,3,0,1
5054178,0.0,C,M,Y,N,1,135000.0,Working,Higher education,Married,House / apartment,-12241,-1581,Managers,3,0,1
5054180,0.0,C,M,Y,N,1,135000.0,Working,Higher education,Married,House / apartment,-12241,-1581,Managers,3,0,1
5054181,0.0,X,M,Y,N,1,135000.0,Working,Higher education,Married,House / apartment,-12241,-1581,Managers,3,0,1
5054182,0.0,X,F,N,N,0,135000.0,Working,Secondary / secondary special,Married,House / apartment,-11390,-515,Sales staff,2,4,0
5054183,0.0,X,F,N,N,0,135000.0,Working,Secondary / secondary special,Married,House / apartment,-11390,-515,Sales staff,2,4,0
5054184,0.0,X,F,N,N,0,135000.0,Working,Secondary / secondary special,Married,House / apartment,-11390,-515,Sales staff,2,4,0
5054185,0.0,0,F,N,N,0,135000.0,Working,Secondary / secondary special,Married,House / apartment,-11390,-515,Sales staff,2,4,0
5054186,0.0,X,F,N,N,0,135000.0,Working,Secondary / secondary special,Married,House / apartment,-11390,-515,Sales staff,2,4,0
5054188,0.0,C,F,N,N,0,135000.0,Working,Secondary / secondary special,Married,House / apartment,-11390,-515,Sales staff,2,2,0
5054196,0.0,X,F,N,N,0,135000.0,Working,Secondary / secondary special,Married,House / apartment,-11390,-515,Sales staff,2,4,0
5054200,0.0,C,F,N,N,0,135000.0,Working,Secondary / secondary special,Married,House / apartment,-11390,-515,Sales staff,2,2,0
5054204,0.0,0,M,Y,N,0,135000.0,Working,Higher education,Single / not married,House / apartment,-9299,-1277,Drivers,1,1,0
5054206,0.0,C,M,Y,N,2,171000.0,Working,Secondary / secondary special,Married,With parents,-11301,-2250,Laborers,4,2,1
5054208,0.0,C,M,Y,N,2,171000.0,Working,Secondary / secondary special,Married,With parents,-11301,-2250,Laborers,4,2,1
5054209,0.0,C,M,Y,N,2,171000.0,Working,Secondary / secondary special,Married,With parents,-11301,-2250,Laborers,4,2,1
5054210,0.0,C,M,Y,N,2,171000.0,Working,Secondary / secondary special,Married,With parents,-11301,-2250,Laborers,4,2,1
5054211,0.0,C,M,Y,N,2,171000.0,Working,Secondary / secondary special,Married,With parents,-11301,-2250,Laborers,4,2,1
5054212,0.0,C,M,Y,N,2,171000.0,Working,Secondary / secondary special,Married,With parents,-11301,-2250,Laborers,4,2,1
5054213,0.0,C,M,Y,N,2,171000.0,Working,Secondary / secondary special,Married,With parents,-11301,-2250,Laborers,4,2,1
5054214,0.0,C,M,Y,N,2,171000.0,Working,Secondary / secondary special,Married,With parents,-11301,-2250,Laborers,4,2,1
5054223,0.0,C,F,N,N,2,180000.0,Commercial associate,Secondary / secondary special,Married,House / apartment,-14786,-972,Sales staff,4,1,1
5054226,0.0,C,F,N,N,2,180000.0,Commercial associate,Secondary / secondary special,Married,House / apartment,-14786,-972,Sales staff,4,1,1
5054229,0.0,C,F,N,N,2,180000.0,Working,Secondary / secondary special,Married,House / apartment,-11515,-89,Managers,4,2,1
5054231,0.0,C,M,N,N,0,135000.0,Working,Secondary / secondary special,Married,House / apartment,-11684,-1611,Security staff,2,2,0
5054240,0.0,C,F,N,N,0,135000.0,Working,Secondary / secondary special,Married,House / apartment,-10573,-1185,Medicine staff,2,2,0
5054241,0.0,0,F,N,N,0,135000.0,Working,Secondary / secondary special,Married,House / apartment,-10573,-1185,Medicine staff,2,4,0
5054242,0.0,0,F,N,N,0,135000.0,Working,Secondary / secondary special,Married,House / apartment,-10573,-1185,Medicine staff,2,4,0
5054244,0.0,0,F,N,N,0,135000.0,Working,Secondary / secondary special,Married,House / apartment,-10573,-1185,Medicine staff,2,4,0
5054249,0.0,0,M,Y,N,2,157500.0,Commercial associate,Secondary / secondary special,Civil marriage,House / apartment,-17241,-4291,Sales staff,4,1,1
5054250,0.0,C,M,Y,N,2,270000.0,Commercial associate,Secondary / secondary special,Married,House / apartment,-11425,-4625,Laborers,4,0,1
5054254,0.0,X,M,N,N,0,202500.0,Working,Secondary / secondary special,Married,House / apartment,-10152,-2585,Laborers,2,2,0
5054256,0.0,0,M,N,N,0,202500.0,Working,Secondary / secondary special,Married,House / apartment,-10152,-2585,Laborers,2,4,0
5054257,0.0,C,M,N,N,0,202500.0,Working,Secondary / secondary special,Married,House / apartment,-10152,-2585,Laborers,2,2,0
5054260,0.0,X,M,N,N,0,202500.0,Working,Secondary / secondary special,Married,House / apartment,-10152,-2585,Laborers,2,2,0
5054261,0.0,0,M,N,N,0,202500.0,Working,Secondary / secondary special,Married,House / apartment,-10152,-2585,Laborers,2,4,0
5054262,0.0,X,M,N,N,0,202500.0,Working,Secondary / secondary special,Married,House / apartment,-10152,-2585,Laborers,2,2,0
5054270,0.0,C,F,N,N,0,90000.0,Working,Secondary / secondary special,Married,House / apartment,-19993,-181,Sales staff,2,2,0
5054271,0.0,C,F,N,N,0,90000.0,Working,Secondary / secondary special,Married,House / apartment,-19993,-181,Sales staff,2,2,0
5054272,0.0,X,F,N,N,0,90000.0,Working,Secondary / secondary special,Married,House / apartment,-19993,-181,Sales staff,2,4,0
5054273,0.0,X,F,N,N,0,292500.0,State servant,Secondary / secondary special,Married,House / apartment,-14434,-3680,Secretaries,2,1,2
5054275,0.0,C,F,N,N,0,292500.0,State servant,Secondary / secondary special,Married,House / apartment,-14434,-3680,Secretaries,2,1,2
5054278,0.0,X,F,N,N,0,292500.0,State servant,Secondary / secondary special,Married,House / apartment,-14434,-3680,Secretaries,2,1,2
5054281,0.0,0,F,Y,N,0,112500.0,Commercial associate,Secondary / secondary special,Married,House / apartment,-17162,-212,Cleaning staff,2,1,0
5054284,0.0,0,F,N,N,1,121500.0,Working,Secondary / secondary special,Civil marriage,House / apartment,-12716,-393,Core staff,3,4,1
5054286,0.0,0,F,N,N,1,121500.0,Working,Secondary / secondary special,Civil marriage,House / apartment,-12716,-393,Core staff,3,4,1
5054287,0.0,C,F,N,N,1,121500.0,Working,Secondary / secondary special,Civil marriage,House / apartment,-12716,-393,Core staff,3,4,1
5054290,0.0,C,F,N,N,1,121500.0,Working,Secondary / secondary special,Civil marriage,House / apartment,-12716,-393,Core staff,3,4,1
5054293,0.0,C,F,N,N,1,121500.0,Working,Secondary / secondary special,Civil marriage,House / apartment,-12716,-393,Core staff,3,4,1
5054296,0.0,C,F,N,N,1,121500.0,Working,Secondary / secondary special,Civil marriage,House / apartment,-12716,-393,Core staff,3,4,1
5054297,0.0,X,F,Y,N,0,112500.0,Working,Secondary / secondary special,Married,House / apartment,-14060,-7364,Cooking staff,2,4,0
5054298,0.0,C,F,Y,N,0,112500.0,Working,Secondary / secondary special,Married,House / apartment,-14060,-7364,Cooking staff,2,2,0
5054299,0.0,X,F,Y,N,0,112500.0,Working,Secondary / secondary special,Married,House / apartment,-14060,-7364,Cooking staff,2,4,0
5054300,0.0,0,F,Y,N,0,112500.0,Working,Secondary / secondary special,Married,House / apartment,-14060,-7364,Cooking staff,2,4,0
5054301,0.0,X,F,Y,N,0,112500.0,Working,Secondary / secondary special,Married,House / apartment,-14060,-7364,Cooking staff,2,4,0
5054303,0.0,X,F,Y,N,0,112500.0,Working,Secondary / secondary special,Married,House / apartment,-14060,-7364,Cooking staff,2,4,0
5054305,0.0,C,F,Y,N,0,112500.0,Working,Secondary / secondary special,Married,House / apartment,-14060,-7364,Cooking staff,2,2,0
5054306,0.0,C,M,N,N,1,135000.0,Working,Secondary / secondary special,Married,House / apartment,-10116,-880,Laborers,3,2,1
5054307,0.0,C,M,N,N,1,135000.0,Working,Secondary / secondary special,Married,House / apartment,-10116,-880,Laborers,3,2,1
5054309,0.0,C,M,N,N,1,135000.0,Working,Secondary / secondary special,Married,House / apartment,-10116,-880,Laborers,3,2,1
5054310,0.0,C,M,N,N,1,135000.0,Working,Secondary / secondary special,Married,House / apartment,-10116,-880,Laborers,3,2,1
5054311,0.0,C,F,N,N,0,112500.0,Commercial associate,Secondary / secondary special,Married,House / apartment,-20285,-1734,High skill tech staff,2,1,0
5054312,0.0,X,F,N,N,0,112500.0,Commercial associate,Secondary / secondary special,Married,House / apartment,-20285,-1734,High skill tech staff,2,1,0
5054313,0.0,C,F,N,N,0,112500.0,Commercial associate,Secondary / secondary special,Married,House / apartment,-20285,-1734,High skill tech staff,2,1,0
5054314,0.0,C,F,N,N,0,112500.0,Commercial associate,Secondary / secondary special,Married,House / apartment,-20285,-1734,High skill tech staff,2,1,0
5054315,0.0,C,F,N,N,0,112500.0,Commercial associate,Secondary / secondary special,Married,House / apartment,-20285,-1734,High skill tech staff,2,1,0
5054316,0.0,0,F,N,N,2,67500.0,Working,Secondary / secondary special,Civil marriage,House / apartment,-9175,-1399,Managers,4,4,1
5054317,0.0,C,M,N,N,3,121500.0,Working,Secondary / secondary special,Married,House / apartment,-13745,-212,Laborers,5,2,1
5054318,0.0,0,M,N,N,3,121500.0,Working,Secondary / secondary special,Married,House / apartment,-13745,-212,Laborers,5,4,1
5054320,0.0,0,M,N,N,3,121500.0,Working,Secondary / secondary special,Married,House / apartment,-13745,-212,Laborers,5,4,1
5054328,0.0,0,F,N,N,0,135000.0,State servant,Incomplete higher,Married,Municipal apartment,-16087,-2616,Managers,2,1,0
5054333,0.0,C,M,N,N,0,126000.0,Working,Secondary / secondary special,Married,House / apartment,-22780,-9830,Laborers,2,2,0
5054335,0.0,0,F,N,N,3,135000.0,Commercial associate,Higher education,Married,House / apartment,-13389,-150,Sales staff,5,3,1
5054336,0.0,C,F,Y,N,0,225000.0,Working,Secondary / secondary special,Married,House / apartment,-20641,-1064,Sales staff,2,2,0
5054338,0.0,C,F,Y,N,0,225000.0,Working,Secondary / secondary special,Married,House / apartment,-20641,-1064,Sales staff,2,2,0
5054339,0.0,0,F,Y,N,0,225000.0,Working,Secondary / secondary special,Married,House / apartment,-20641,-1064,Sales staff,2,4,0
5054342,0.0,C,F,Y,N,0,225000.0,Working,Secondary / secondary special,Married,House / apartment,-20641,-1064,Sales staff,2,2,0
5054343,0.0,0,F,Y,N,0,225000.0,Working,Secondary / secondary special,Married,House / apartment,-20641,-1064,Sales staff,2,4,0
5054344,0.0,0,F,Y,N,0,225000.0,Working,Secondary / secondary special,Married,House / apartment,-20641,-1064,Sales staff,2,4,0
5054347,0.0,C,F,N,N,0,103500.0,Working,Secondary / secondary special,Single / not married,House / apartment,-12348,-424,Sales staff,1,4,0
5054349,0.0,0,F,N,N,0,157500.0,Working,Higher education,Single / not married,House / apartment,-12870,-515,Sales staff,1,1,0
5054350,0.0,0,F,N,N,0,157500.0,Working,Higher education,Single / not married,House / apartment,-12870,-515,Sales staff,1,1,0
5054351,0.0,0,F,N,N,0,157500.0,Working,Higher education,Single / not married,House / apartment,-12870,-515,Sales staff,1,1,0
5054354,0.0,C,M,N,N,0,99000.0,State servant,Secondary / secondary special,Civil marriage,House / apartment,-22187,-5416,Laborers,2,2,0
5054355,0.0,C,M,N,N,0,99000.0,State servant,Secondary / secondary special,Civil marriage,House / apartment,-22187,-5416,Laborers,2,2,0
5054356,0.0,C,M,N,N,0,99000.0,State servant,Secondary / secondary special,Civil marriage,House / apartment,-22187,-5416,Laborers,2,2,0
5054357,0.0,C,M,N,N,0,99000.0,State servant,Secondary / secondary special,Civil marriage,House / apartment,-22187,-5416,Laborers,2,2,0
5054359,0.0,C,M,N,N,0,135000.0,Working,Higher education,Married,House / apartment,-10888,-1093,Laborers,2,0,0
5054362,0.0,C,M,N,N,0,135000.0,Working,Higher education,Married,House / apartment,-10888,-1093,Laborers,2,0,0
5054363,0.0,C,M,N,N,0,135000.0,Working,Higher education,Married,House / apartment,-10888,-1093,Laborers,2,0,0
5054384,0.0,C,M,Y,N,0,292500.0,Commercial associate,Higher education,Single / not married,House / apartment,-14050,-3680,Laborers,1,0,2
5054399,0.0,X,F,N,N,3,45000.0,Working,Secondary / secondary special,Married,House / apartment,-13022,-880,Laborers,5,4,1
5054404,0.0,X,M,N,N,0,225000.0,Commercial associate,Higher education,Married,With parents,-13021,-5082,Managers,2,3,0
5054406,0.0,X,M,N,N,0,225000.0,Commercial associate,Higher education,Married,With parents,-13021,-5082,Managers,2,3,0
5054407,0.0,C,M,N,N,0,225000.0,Commercial associate,Higher education,Married,With parents,-13021,-5082,Managers,2,3,0
5054410,0.0,X,M,N,N,0,225000.0,Commercial associate,Higher education,Married,With parents,-13021,-5082,Managers,2,3,0
5054411,0.0,0,M,N,N,0,225000.0,Commercial associate,Higher education,Married,With parents,-13021,-5082,Managers,2,3,0
5054415,0.0,X,M,N,N,0,225000.0,Commercial associate,Higher education,Married,With parents,-13021,-5082,Managers,2,3,0
5054420,0.0,C,M,N,N,0,225000.0,Commercial associate,Higher education,Married,With parents,-13021,-5082,Managers,2,3,0
5054426,0.0,X,F,N,Y,0,112500.0,Working,Secondary / secondary special,Married,House / apartment,-11812,-1642,Core staff,2,4,0
5054429,0.0,X,F,N,Y,0,112500.0,Working,Secondary / secondary special,Married,House / apartment,-11812,-1642,Core staff,2,4,0
5054450,0.0,X,M,Y,Y,0,315000.0,Working,Higher education,Married,House / apartment,-17914,-1155,Laborers,2,0,2
5054457,0.0,0,M,Y,N,1,135000.0,Working,Secondary / secondary special,Married,House / apartment,-18934,-1915,Laborers,3,2,1
5054459,0.0,C,M,Y,N,1,135000.0,Working,Secondary / secondary special,Married,House / apartment,-18934,-1915,Laborers,3,2,1
5054465,0.0,C,M,Y,N,1,135000.0,Working,Secondary / secondary special,Married,House / apartment,-18934,-1915,Laborers,3,2,1
5054466,0.0,0,M,Y,N,1,135000.0,Working,Secondary / secondary special,Married,House / apartment,-18934,-1915,Laborers,3,2,1
5054468,0.0,C,M,Y,Y,0,135000.0,Working,Secondary / secondary special,Single / not married,With parents,-10344,-3072,High skill tech staff,1,2,0
5054469,0.0,C,M,Y,Y,0,135000.0,Working,Secondary / secondary special,Single / not married,With parents,-10344,-3072,High skill tech staff,1,2,0
5054471,0.0,C,M,Y,Y,0,135000.0,Working,Secondary / secondary special,Single / not married,With parents,-10344,-3072,High skill tech staff,1,2,0
5054473,0.0,X,F,Y,Y,1,225000.0,Working,Secondary / secondary special,Civil marriage,House / apartment,-12564,-819,Private service staff,3,4,1
5054479,0.0,0,F,Y,Y,1,225000.0,Working,Secondary / secondary special,Civil marriage,House / apartment,-12564,-819,Private service staff,3,4,1
5054480,0.0,0,F,Y,Y,1,225000.0,Working,Secondary / secondary special,Civil marriage,House / apartment,-12564,-819,Private service staff,3,4,1
5054481,0.0,0,F,N,Y,0,103500.0,Working,Secondary / secondary special,Married,House / apartment,-15785,-1308,Medicine staff,2,4,0
5054482,0.0,C,F,N,Y,0,103500.0,Working,Secondary / secondary special,Married,House / apartment,-15785,-1308,Medicine staff,2,2,0
5054483,0.0,C,F,N,Y,0,103500.0,Working,Secondary / secondary special,Married,House / apartment,-15785,-1308,Medicine staff,2,2,0
5054484,0.0,C,F,N,Y,0,103500.0,Working,Secondary / secondary special,Married,House / apartment,-15785,-1308,Medicine staff,2,2,0
5054486,0.0,C,F,N,Y,0,103500.0,Working,Secondary / secondary special,Married,House / apartment,-15785,-1308,Medicine staff,2,2,0
5054487,0.0,0,F,N,Y,0,103500.0,Working,Secondary / secondary special,Married,House / apartment,-15785,-1308,Medicine staff,2,4,0
5054488,0.0,0,F,N,Y,0,103500.0,Working,Secondary / secondary special,Married,House / apartment,-15785,-1308,Medicine staff,2,4,0
5054489,0.0,C,F,N,Y,0,103500.0,Working,Secondary / secondary special,Married,House / apartment,-15785,-1308,Medicine staff,2,2,0
5054491,0.0,C,F,N,Y,0,103500.0,Working,Secondary / secondary special,Married,House / apartment,-15785,-1308,Medicine staff,2,2,0
5054495,0.0,C,F,Y,Y,0,225000.0,Commercial associate,Higher education,Separated,House / apartment,-12102,-1185,Waiters/barmen staff,1,3,0
5054497,0.0,X,F,Y,Y,0,225000.0,Commercial associate,Higher education,Separated,House / apartment,-12102,-1185,Waiters/barmen staff,1,3,0
5054498,0.0,C,M,Y,Y,0,225000.0,Commercial associate,Secondary / secondary special,Single / not married,House / apartment,-8345,-789,Laborers,1,0,0
5054499,0.0,C,M,Y,Y,0,225000.0,Commercial associate,Secondary / secondary special,Single / not married,House / apartment,-8345,-789,Laborers,1,0,0
5054500,0.0,C,M,Y,Y,0,225000.0,Commercial associate,Secondary / secondary special,Single / not married,House / apartment,-8345,-789,Laborers,1,0,0
5054501,0.0,C,M,Y,Y,0,225000.0,Commercial associate,Secondary / secondary special,Single / not married,House / apartment,-8345,-789,Laborers,1,0,0
5054502,0.0,0,M,N,Y,0,135000.0,Working,Secondary / secondary special,Civil marriage,House / apartment,-15884,-1003,Laborers,2,4,0
5054510,0.0,0,M,Y,Y,0,78750.0,Working,Secondary / secondary special,Single / not married,House / apartment,-8251,-181,Sales staff,1,4,0
5054511,0.0,C,M,Y,Y,0,78750.0,Working,Secondary / secondary special,Single / not married,House / apartment,-8251,-181,Sales staff,1,2,0
5054512,0.0,C,M,Y,Y,0,78750.0,Working,Secondary / secondary special,Single / not married,House / apartment,-8251,-181,Sales staff,1,2,0
5054515,0.0,0,F,N,Y,2,144000.0,Working,Secondary / secondary special,Married,House / apartment,-12393,-1854,Cooking staff,4,4,1
5054527,0.0,C,F,N,Y,2,90000.0,Commercial associate,Secondary / secondary special,Married,House / apartment,-13864,-1399,Private service staff,4,1,1
5054531,0.0,C,F,N,Y,0,189000.0,Working,Secondary / secondary special,Married,House / apartment,-15787,-2188,Accountants,2,2,0
5054533,0.0,C,F,N,Y,0,189000.0,Working,Secondary / secondary special,Married,House / apartment,-15787,-2188,Accountants,2,2,0
5054536,0.0,C,F,N,Y,0,189000.0,Working,Secondary / secondary special,Married,House / apartment,-15787,-2188,Accountants,2,2,0
5054537,0.0,C,F,N,Y,0,189000.0,Working,Secondary / secondary special,Married,House / apartment,-15787,-2188,Accountants,2,2,0
5054541,0.0,C,F,N,Y,0,189000.0,Working,Secondary / secondary special,Married,House / apartment,-15787,-2188,Accountants,2,2,0
5054542,0.0,C,F,N,Y,0,189000.0,Working,Secondary / secondary special,Married,House / apartment,-15787,-2188,Accountants,2,2,0
5054545,0.0,C,M,N,Y,1,202500.0,Commercial associate,Secondary / secondary special,Married,House / apartment,-16184,-1003,Drivers,3,0,1
5054546,0.0,C,M,N,Y,1,202500.0,Commercial associate,Secondary / secondary special,Married,House / apartment,-16184,-1003,Drivers,3,0,1
5054547,0.0,0,M,N,Y,1,202500.0,Commercial associate,Secondary / secondary special,Married,House / apartment,-16184,-1003,Drivers,3,1,1
5054558,0.0,X,M,Y,Y,3,180000.0,Working,Secondary / secondary special,Married,House / apartment,-15036,-638,Laborers,5,2,1
5054563,0.0,0,M,N,Y,1,135000.0,Working,Secondary / secondary special,Married,House / apartment,-18421,-1308,Drivers,3,4,1
5054564,0.0,0,M,N,Y,1,135000.0,Working,Secondary / secondary special,Married,House / apartment,-18421,-1308,Drivers,3,4,1
5054565,0.0,0,M,N,Y,1,135000.0,Working,Secondary / secondary special,Married,House / apartment,-18421,-1308,Drivers,3,4,1
5054566,0.0,X,F,Y,Y,2,135000.0,State servant,Secondary / secondary special,Married,House / apartment,-14683,-5355,Sales staff,4,1,1
5054570,0.0,X,F,Y,Y,2,135000.0,State servant,Secondary / secondary special,Married,House / apartment,-14683,-5355,Sales staff,4,1,1
5054571,0.0,C,F,Y,Y,2,135000.0,State servant,Secondary / secondary special,Married,House / apartment,-14683,-5355,Sales staff,4,0,1
5054572,0.0,C,F,Y,Y,2,135000.0,State servant,Secondary / secondary special,Married,House / apartment,-14683,-5355,Sales staff,4,0,1
5054578,0.0,0,F,N,Y,0,382500.0,Working,Secondary / secondary special,Widow,House / apartment,-18554,-5386,Private service staff,1,4,2
5054583,0.0,0,F,N,Y,0,382500.0,Working,Secondary / secondary special,Widow,House / apartment,-18554,-5386,Private service staff,1,4,2
5054584,0.0,0,F,N,Y,0,382500.0,Working,Secondary / secondary special,Widow,House / apartment,-18554,-5386,Private service staff,1,4,2
5054585,0.0,C,M,Y,Y,0,103500.0,Working,Secondary / secondary special,Single / not married,House / apartment,-15389,-607,Laborers,1,2,0
5054586,0.0,C,M,Y,Y,0,103500.0,Working,Secondary / secondary special,Single / not married,House / apartment,-15389,-607,Laborers,1,2,0
5054588,0.0,0,M,Y,Y,0,103500.0,Working,Secondary / secondary special,Single / not married,House / apartment,-15389,-607,Laborers,1,4,0
5054589,0.0,C,M,Y,Y,0,103500.0,Working,Secondary / secondary special,Single / not married,House / apartment,-15389,-607,Laborers,1,2,0
5054598,0.0,C,M,Y,Y,0,135000.0,Commercial associate,Secondary / secondary special,Married,House / apartment,-11325,-2433,Laborers,2,0,0
5054619,0.0,0,F,Y,N,0,180000.0,Working,Secondary / secondary special,Single / not married,Municipal apartment,-17710,-6937,Sales staff,1,4,0
5054620,0.0,X,F,N,Y,0,166500.0,Working,Higher education,Civil marriage,With parents,-11221,-393,Core staff,2,1,0
5054627,0.0,0,M,Y,Y,1,360000.0,Commercial associate,Higher education,Married,House / apartment,-14967,-2403,Managers,3,3,2
5054628,0.0,C,M,Y,Y,1,360000.0,Commercial associate,Higher education,Married,House / apartment,-14967,-2403,Managers,3,0,2
5054629,0.0,0,M,Y,Y,1,360000.0,Commercial associate,Higher education,Married,House / apartment,-14967,-2403,Managers,3,3,2
5054630,0.0,0,M,Y,Y,1,360000.0,Commercial associate,Higher education,Married,House / apartment,-14967,-2403,Managers,3,3,2
5054634,0.0,C,M,Y,Y,1,360000.0,Commercial associate,Higher education,Married,House / apartment,-14967,-2403,Managers,3,0,2
5054636,0.0,C,M,Y,Y,0,180000.0,Working,Higher education,Married,House / apartment,-15444,-393,Secretaries,2,0,0
5054637,0.0,C,M,Y,Y,0,180000.0,Working,Higher education,Married,House / apartment,-15444,-393,Secretaries,2,0,0
5054640,0.0,X,F,N,Y,2,180000.0,Working,Secondary / secondary special,Married,House / apartment,-13542,-424,Sales staff,4,4,1
5054641,0.0,0,F,N,Y,2,180000.0,Working,Secondary / secondary special,Married,House / apartment,-13542,-424,Sales staff,4,4,1
5054642,0.0,C,F,N,N,0,157500.0,Commercial associate,Secondary / secondary special,Married,House / apartment,-19453,-3680,Accountants,2,1,0
5054643,0.0,X,F,N,N,0,157500.0,Commercial associate,Secondary / secondary special,Married,House / apartment,-19453,-3680,Accountants,2,1,0
5054644,0.0,C,F,N,N,0,157500.0,Commercial associate,Secondary / secondary special,Married,House / apartment,-19453,-3680,Accountants,2,1,0
5054645,0.0,X,F,N,N,0,157500.0,Commercial associate,Secondary / secondary special,Married,House / apartment,-19453,-3680,Accountants,2,1,0
5054646,0.0,C,F,N,N,0,157500.0,Commercial associate,Secondary / secondary special,Married,House / apartment,-19453,-3680,Accountants,2,1,0
5054652,0.0,C,F,N,Y,0,202500.0,Working,Secondary / secondary special,Separated,House / apartment,-21878,-7851,Cleaning staff,1,4,0
5054653,0.0,X,F,N,Y,0,202500.0,Working,Secondary / secondary special,Separated,House / apartment,-21878,-7851,Cleaning staff,1,4,0
5054654,0.0,C,F,N,Y,0,202500.0,Working,Secondary / secondary special,Separated,House / apartment,-21878,-7851,Cleaning staff,1,4,0
5054655,0.0,X,F,N,Y,0,202500.0,Working,Secondary / secondary special,Separated,House / apartment,-21878,-7851,Cleaning staff,1,4,0
5054656,0.0,X,F,N,Y,0,202500.0,Working,Secondary / secondary special,Separated,House / apartment,-21878,-7851,Cleaning staff,1,4,0
5054663,0.0,C,M,N,N,0,103500.0,Commercial associate,Incomplete higher,Single / not married,With parents,-8412,-1033,Laborers,1,0,0
5054664,0.0,0,F,N,Y,0,135000.0,Commercial associate,Higher education,Married,House / apartment,-23122,-3621,Sales staff,2,3,0
5054665,0.0,X,F,N,Y,0,135000.0,Commercial associate,Higher education,Married,House / apartment,-23122,-3621,Sales staff,2,3,0
5054669,0.0,X,M,N,Y,0,225000.0,Commercial associate,Higher education,Single / not married,House / apartment,-10182,-2403,Sales staff,1,3,0
5054670,0.0,C,M,N,Y,0,225000.0,Commercial associate,Higher education,Single / not married,House / apartment,-10182,-2403,Sales staff,1,3,0
5054672,0.0,C,M,N,Y,0,225000.0,Commercial associate,Higher education,Single / not married,House / apartment,-10182,-2403,Sales staff,1,3,0
5054673,0.0,C,M,N,Y,0,225000.0,Commercial associate,Higher education,Single / not married,House / apartment,-10182,-2403,Sales staff,1,3,0
5054674,0.0,X,M,N,Y,0,225000.0,Commercial associate,Higher education,Single / not married,House / apartment,-10182,-2403,Sales staff,1,3,0
5054678,0.0,0,M,N,Y,0,225000.0,Commercial associate,Higher education,Single / not married,House / apartment,-10182,-2403,Sales staff,1,3,0
5054679,0.0,C,M,N,Y,0,225000.0,Commercial associate,Higher education,Single / not married,House / apartment,-10182,-2403,Sales staff,1,3,0
5054680,0.0,C,M,N,Y,0,225000.0,Commercial associate,Higher education,Single / not married,House / apartment,-10182,-2403,Sales staff,1,3,0
5054682,0.0,C,M,N,Y,0,225000.0,Commercial associate,Higher education,Single / not married,House / apartment,-10182,-2403,Sales staff,1,3,0
5054683,0.0,C,M,N,Y,0,225000.0,Commercial associate,Higher education,Single / not married,House / apartment,-10182,-2403,Sales staff,1,3,0
5054685,0.0,X,M,N,Y,0,225000.0,Commercial associate,Higher education,Single / not married,House / apartment,-10182,-2403,Sales staff,1,3,0
5054686,0.0,0,M,N,Y,0,225000.0,Commercial associate,Higher education,Single / not married,House / apartment,-10182,-2403,Sales staff,1,3,0
5054687,0.0,C,M,N,Y,0,225000.0,Commercial associate,Higher education,Single / not married,House / apartment,-10182,-2403,Sales staff,1,3,0
5054688,0.0,C,M,N,Y,0,225000.0,Commercial associate,Higher education,Single / not married,House / apartment,-10182,-2403,Sales staff,1,3,0
5054689,0.0,C,M,N,Y,0,225000.0,Commercial associate,Higher education,Single / not married,House / apartment,-10182,-2403,Sales staff,1,3,0
5054691,0.0,C,M,N,N,2,360000.0,Working,Higher education,Married,Rented apartment,-15001,-1246,Core staff,4,0,1
5054692,0.0,C,M,N,N,2,360000.0,Working,Higher education,Married,Rented apartment,-15001,-1246,Core staff,4,0,1
5054693,0.0,C,M,N,N,2,360000.0,Working,Higher education,Married,Rented apartment,-15001,-1246,Core staff,4,0,1
5054694,0.0,0,M,N,N,2,360000.0,Working,Higher education,Married,Rented apartment,-15001,-1246,Core staff,4,1,1
5054697,0.0,C,M,Y,Y,0,157500.0,Working,Higher education,Married,House / apartment,-16553,-6908,Laborers,2,0,0
5054698,0.0,C,M,Y,Y,0,157500.0,Working,Higher education,Married,House / apartment,-16553,-6908,Laborers,2,0,0
5054699,0.0,0,M,Y,Y,0,157500.0,Working,Higher education,Married,House / apartment,-16553,-6908,Laborers,2,0,0
5054706,0.0,C,F,N,N,1,58500.0,Working,Secondary / secondary special,Married,House / apartment,-14437,-2341,Core staff,3,2,1
5054707,0.0,C,F,N,Y,0,103500.0,Commercial associate,Secondary / secondary special,Married,House / apartment,-18292,-638,Laborers,2,1,0
5054709,0.0,X,F,N,Y,0,103500.0,Commercial associate,Secondary / secondary special,Married,House / apartment,-18292,-638,Laborers,2,1,0
5054710,0.0,C,F,N,Y,0,103500.0,Commercial associate,Secondary / secondary special,Married,House / apartment,-18292,-638,Laborers,2,1,0
5054712,0.0,C,F,N,Y,0,103500.0,Commercial associate,Secondary / secondary special,Married,House / apartment,-18292,-638,Laborers,2,1,0
5054713,0.0,0,F,N,Y,0,103500.0,Commercial associate,Secondary / secondary special,Married,House / apartment,-18292,-638,Laborers,2,1,0
5054714,0.0,C,F,N,Y,0,103500.0,Commercial associate,Secondary / secondary special,Married,House / apartment,-18292,-638,Laborers,2,1,0
5054716,0.0,C,F,N,Y,0,103500.0,Commercial associate,Secondary / secondary special,Married,House / apartment,-18292,-638,Laborers,2,1,0
5054717,0.0,C,F,N,Y,0,103500.0,Commercial associate,Secondary / secondary special,Married,House / apartment,-18292,-638,Laborers,2,1,0
5054718,0.0,C,M,Y,Y,2,81000.0,Working,Higher education,Single / not married,House / apartment,-11882,-181,Low-skill Laborers,3,0,1
5054719,0.0,C,M,Y,Y,2,81000.0,Working,Higher education,Single / not married,House / apartment,-11882,-181,Low-skill Laborers,3,0,1
5054726,0.0,0,F,N,Y,1,112500.0,State servant,Secondary / secondary special,Married,House / apartment,-18791,-1003,Managers,3,1,1
5054727,0.0,0,F,N,Y,1,112500.0,State servant,Secondary / secondary special,Married,House / apartment,-18791,-1003,Managers,3,1,1
5054728,0.0,C,F,N,Y,1,112500.0,State servant,Secondary / secondary special,Married,House / apartment,-18791,-1003,Managers,3,0,1
5054733,0.0,C,F,N,N,1,157500.0,Commercial associate,Higher education,Married,House / apartment,-11042,-1581,High skill tech staff,3,3,1
5054736,0.0,X,F,N,Y,0,157500.0,Working,Secondary / secondary special,Civil marriage,House / apartment,-13560,-4154,Sales staff,2,4,0
5054737,0.0,X,F,N,Y,0,247500.0,Commercial associate,Secondary / secondary special,Civil marriage,House / apartment,-17862,-212,Laborers,2,1,0
5054738,0.0,X,F,N,Y,0,247500.0,Commercial associate,Secondary / secondary special,Civil marriage,House / apartment,-17862,-212,Laborers,2,1,0
5054739,0.0,C,F,N,Y,0,247500.0,Commercial associate,Secondary / secondary special,Civil marriage,House / apartment,-17862,-212,Laborers,2,1,0
5054740,0.0,X,F,N,Y,0,247500.0,Commercial associate,Secondary / secondary special,Civil marriage,House / apartment,-17862,-212,Laborers,2,1,0
5054741,0.0,0,F,N,Y,0,247500.0,Commercial associate,Secondary / secondary special,Civil marriage,House / apartment,-17862,-212,Laborers,2,1,0
5054742,0.0,0,F,N,Y,0,247500.0,Commercial associate,Secondary / secondary special,Civil marriage,House / apartment,-17862,-212,Laborers,2,1,0
5054743,0.0,X,F,N,Y,0,247500.0,Commercial associate,Secondary / secondary special,Civil marriage,House / apartment,-17862,-212,Laborers,2,1,0
5054744,0.0,X,F,N,Y,0,247500.0,Commercial associate,Secondary / secondary special,Civil marriage,House / apartment,-17862,-212,Laborers,2,1,0
5054745,0.0,0,F,N,Y,0,247500.0,Commercial associate,Secondary / secondary special,Civil marriage,House / apartment,-17862,-212,Laborers,2,1,0
5054747,0.0,0,F,N,Y,0,247500.0,Commercial associate,Secondary / secondary special,Civil marriage,House / apartment,-17862,-212,Laborers,2,1,0
5054749,0.0,C,F,N,Y,0,247500.0,Commercial associate,Secondary / secondary special,Civil marriage,House / apartment,-17862,-212,Laborers,2,1,0
5054750,0.0,X,F,N,Y,0,247500.0,Commercial associate,Secondary / secondary special,Civil marriage,House / apartment,-17862,-212,Laborers,2,1,0
5054751,0.0,0,F,N,Y,0,247500.0,Commercial associate,Secondary / secondary special,Civil marriage,House / apartment,-17862,-212,Laborers,2,1,0
5054755,0.0,0,F,N,Y,0,45000.0,State servant,Secondary / secondary special,Married,House / apartment,-20200,-9404,Cleaning staff,2,1,0
5054756,0.0,C,F,N,Y,2,202500.0,Working,Secondary / secondary special,Married,House / apartment,-15792,-6237,Medicine staff,4,2,1
5054759,0.0,C,F,N,Y,2,202500.0,Working,Secondary / secondary special,Married,House / apartment,-15792,-6237,Medicine staff,4,2,1
5054760,0.0,C,F,N,Y,2,202500.0,Working,Secondary / secondary special,Married,House / apartment,-15792,-6237,Medicine staff,4,2,1
5054761,0.0,C,F,N,Y,2,202500.0,Working,Secondary / secondary special,Married,House / apartment,-15792,-6237,Medicine staff,4,2,1
5054763,0.0,C,F,N,Y,2,202500.0,Working,Secondary / secondary special,Married,House / apartment,-15792,-6237,Medicine staff,4,2,1
5054764,0.0,C,F,N,Y,2,202500.0,Working,Secondary / secondary special,Married,House / apartment,-15792,-6237,Medicine staff,4,2,1
5054766,0.0,C,F,N,Y,2,202500.0,Working,Secondary / secondary special,Married,House / apartment,-15792,-6237,Medicine staff,4,2,1
5054767,0.0,0,F,N,Y,2,202500.0,Working,Secondary / secondary special,Married,House / apartment,-15792,-6237,Medicine staff,4,4,1
5054768,0.0,0,M,N,Y,0,180000.0,State servant,Secondary / secondary special,Civil marriage,House / apartment,-9208,-2494,Laborers,2,4,0
5054771,0.0,0,M,N,Y,0,180000.0,State servant,Secondary / secondary special,Civil marriage,House / apartment,-9208,-2494,Laborers,2,4,0
5054772,0.0,C,M,N,Y,0,180000.0,State servant,Secondary / secondary special,Civil marriage,House / apartment,-9208,-2494,Laborers,2,2,0
5054773,0.0,C,M,N,Y,0,180000.0,State servant,Secondary / secondary special,Civil marriage,House / apartment,-9208,-2494,Laborers,2,2,0
5054775,0.0,C,M,N,Y,0,225000.0,Working,Secondary / secondary special,Married,House / apartment,-21362,-1520,Laborers,2,2,0
5054778,0.0,C,M,N,Y,0,225000.0,Working,Secondary / secondary special,Married,House / apartment,-21362,-1520,Laborers,2,2,0
5055997,0.0,0,F,N,Y,0,180000.0,Working,Higher education,Married,House / apartment,-16013,-1517,Cooking staff,2,1,0
5056002,0.0,X,F,Y,Y,0,247500.0,State servant,Higher education,Single / not married,House / apartment,-12019,-4773,Core staff,1,3,0
5056007,0.0,C,F,Y,Y,0,202500.0,State servant,Higher education,Single / not married,House / apartment,-14126,-2674,Core staff,1,3,0
5056011,0.0,C,M,N,N,3,58500.0,Working,Secondary / secondary special,Married,With parents,-16087,-1000,Laborers,5,2,1
5056015,0.0,C,M,Y,Y,2,202500.0,Commercial associate,Higher education,Married,House / apartment,-18302,-2124,Managers,4,0,1
5056017,0.0,X,M,Y,N,0,157500.0,Working,Secondary / secondary special,Married,House / apartment,-20627,-178,Drivers,2,2,0
5056019,0.0,C,F,N,Y,0,90000.0,Working,Secondary / secondary special,Separated,House / apartment,-18512,-1213,Core staff,1,4,0
5056021,0.0,C,F,N,Y,1,90000.0,Working,Higher education,Married,House / apartment,-13546,-3373,Cleaning staff,3,0,1
5056027,0.0,0,F,Y,Y,0,360000.0,Working,Secondary / secondary special,Separated,House / apartment,-10597,-574,Medicine staff,1,4,2
5056028,0.0,0,F,Y,Y,0,360000.0,Working,Secondary / secondary special,Separated,House / apartment,-10597,-574,Medicine staff,1,4,2
5056030,0.0,C,F,N,Y,0,121500.0,Working,Incomplete higher,Civil marriage,Rented apartment,-8415,-421,Sales staff,2,1,0
5056031,0.0,C,F,N,N,0,112500.0,Working,Secondary / secondary special,Civil marriage,House / apartment,-20086,-3220,Sales staff,2,4,0
5056032,0.0,C,M,Y,Y,0,225000.0,Working,Secondary / secondary special,Married,House / apartment,-17314,-574,Laborers,2,2,0
5056033,0.0,C,F,N,Y,1,90000.0,Working,Secondary / secondary special,Separated,House / apartment,-15905,-5018,Sales staff,2,4,0
5056035,0.0,C,F,N,N,0,157500.0,Working,Secondary / secondary special,Married,House / apartment,-18240,-4561,Laborers,2,2,0
5056036,0.0,0,F,N,N,0,157500.0,Working,Secondary / secondary special,Married,House / apartment,-18240,-4561,Laborers,2,4,0
5056039,0.0,C,F,N,N,0,157500.0,Working,Secondary / secondary special,Married,House / apartment,-18240,-4561,Laborers,2,2,0
5056043,0.0,0,F,Y,Y,0,225000.0,State servant,Secondary / secondary special,Single / not married,House / apartment,-16765,-5777,Laborers,1,4,0
5056045,0.0,0,F,Y,Y,1,112500.0,Working,Secondary / secondary special,Single / not married,House / apartment,-11662,-604,Laborers,2,4,0
5056047,0.0,C,F,N,N,0,126000.0,State servant,Higher education,Married,House / apartment,-15234,-7756,Core staff,2,3,0
5056048,0.0,0,F,N,N,0,126000.0,State servant,Higher education,Married,House / apartment,-15234,-7756,Core staff,2,3,0
5056051,0.0,X,F,Y,Y,0,112500.0,State servant,Secondary / secondary special,Married,House / apartment,-20732,-9582,Core staff,2,1,0
5056057,0.0,C,M,Y,Y,0,135000.0,Working,Secondary / secondary special,Married,House / apartment,-18810,-3830,Laborers,2,2,0
5056058,0.0,0,F,N,Y,1,337500.0,Commercial associate,Secondary / secondary special,Single / not married,House / apartment,-13383,-1121,Sales staff,2,1,2
5056070,0.0,C,F,N,Y,0,157500.0,Working,Secondary / secondary special,Married,House / apartment,-14065,-786,Laborers,2,2,0
5056071,0.0,C,F,N,Y,0,157500.0,Working,Secondary / secondary special,Married,House / apartment,-14065,-786,Laborers,2,2,0
5056076,0.0,0,F,Y,N,2,144000.0,Working,Secondary / secondary special,Married,House / apartment,-15155,-1943,Cooking staff,4,4,1
5056077,0.0,C,M,Y,Y,0,90000.0,Working,Secondary / secondary special,Married,House / apartment,-12154,-1547,Core staff,2,2,0
5056081,0.0,C,M,Y,Y,0,261000.0,Working,Incomplete higher,Separated,House / apartment,-21583,-5627,Drivers,1,0,2
5056082,0.0,C,F,N,N,1,180000.0,Working,Higher education,Married,House / apartment,-11630,-3769,Laborers,3,0,1
5056085,0.0,X,F,N,Y,3,180000.0,State servant,Higher education,Married,House / apartment,-16000,-7401,Core staff,5,3,1
5056087,0.0,0,F,N,Y,3,180000.0,State servant,Higher education,Married,House / apartment,-16000,-7401,Core staff,5,3,1
5056091,0.0,0,F,N,Y,3,180000.0,State servant,Higher education,Married,House / apartment,-16000,-7401,Core staff,5,3,1
5056092,0.0,0,F,N,Y,3,180000.0,State servant,Higher education,Married,House / apartment,-16000,-7401,Core staff,5,3,1
5056102,0.0,C,F,Y,N,1,405000.0,Commercial associate,Incomplete higher,Married,House / apartment,-16038,-157,Sales staff,3,0,2
5056103,0.0,C,F,N,Y,0,117000.0,State servant,Secondary / secondary special,Single / not married,With parents,-20603,-583,Core staff,1,1,0
5056107,0.0,C,F,N,Y,0,117000.0,State servant,Secondary / secondary special,Single / not married,With parents,-20603,-583,Core staff,1,1,0
5056111,0.0,C,F,N,N,2,99000.0,State servant,Secondary / secondary special,Married,House / apartment,-14360,-4660,Cleaning staff,4,1,1
5056112,0.0,C,F,N,N,2,99000.0,State servant,Secondary / secondary special,Married,House / apartment,-14360,-4660,Cleaning staff,4,1,1
5056113,0.0,X,F,N,N,2,99000.0,State servant,Secondary / secondary special,Married,House / apartment,-14360,-4660,Cleaning staff,4,1,1
5056115,0.0,X,F,N,N,2,99000.0,State servant,Secondary / secondary special,Married,House / apartment,-14360,-4660,Cleaning staff,4,1,1
5056116,0.0,X,F,N,N,2,99000.0,State servant,Secondary / secondary special,Married,House / apartment,-14360,-4660,Cleaning staff,4,1,1
5056117,0.0,C,M,Y,Y,0,270000.0,Commercial associate,Higher education,Married,House / apartment,-17702,-7128,Managers,2,0,2
5056128,0.0,C,M,N,Y,0,117000.0,Working,Secondary / secondary special,Civil marriage,House / apartment,-17569,-5148,Laborers,2,2,0
5056129,0.0,C,M,N,Y,0,117000.0,Working,Secondary / secondary special,Civil marriage,House / apartment,-17569,-5148,Laborers,2,2,0
5056131,0.0,0,F,N,Y,0,135000.0,Commercial associate,Secondary / secondary special,Single / not married,With parents,-12921,-1679,Laborers,1,1,0
5056132,0.0,0,F,Y,Y,0,108000.0,Working,Secondary / secondary special,Married,House / apartment,-20077,-11692,Low-skill Laborers,2,4,0
5056135,0.0,C,M,Y,Y,0,202500.0,Working,Incomplete higher,Married,House / apartment,-17242,-857,Security staff,2,0,0
5056137,0.0,C,M,Y,Y,0,202500.0,Working,Incomplete higher,Married,House / apartment,-17242,-857,Security staff,2,0,0
5056138,0.0,C,M,Y,Y,0,202500.0,Working,Incomplete higher,Married,House / apartment,-17242,-857,Security staff,2,0,0
5056139,0.0,0,M,Y,Y,0,202500.0,Working,Incomplete higher,Married,House / apartment,-17242,-857,Security staff,2,2,0
5056143,0.0,X,M,Y,N,0,157500.0,Working,Secondary / secondary special,Married,House / apartment,-23424,-14887,Laborers,2,2,0
5056144,0.0,X,M,Y,N,0,157500.0,Working,Secondary / secondary special,Married,House / apartment,-23424,-14887,Laborers,2,2,0
5056147,0.0,X,M,Y,N,0,157500.0,Working,Secondary / secondary special,Married,House / apartment,-23424,-14887,Laborers,2,2,0
5056152,0.0,C,M,Y,Y,0,180000.0,Commercial associate,Secondary / secondary special,Married,House / apartment,-15053,-1131,Managers,2,0,0
5056153,0.0,C,M,Y,Y,0,180000.0,Commercial associate,Secondary / secondary special,Married,House / apartment,-15053,-1131,Managers,2,0,0
5056155,0.0,C,M,Y,Y,0,180000.0,Commercial associate,Secondary / secondary special,Married,House / apartment,-15053,-1131,Managers,2,0,0
5056159,0.0,C,F,N,Y,0,216000.0,Working,Secondary / secondary special,Married,House / apartment,-18067,-6517,High skill tech staff,2,2,0
5056160,0.0,X,F,N,Y,0,216000.0,Working,Secondary / secondary special,Married,House / apartment,-18067,-6517,High skill tech staff,2,4,0
5056161,0.0,C,F,N,Y,0,216000.0,Working,Secondary / secondary special,Married,House / apartment,-18067,-6517,High skill tech staff,2,2,0
5056162,0.0,X,F,N,Y,0,216000.0,Working,Secondary / secondary special,Married,House / apartment,-18067,-6517,High skill tech staff,2,4,0
5056163,0.0,X,F,N,Y,0,216000.0,Working,Secondary / secondary special,Married,House / apartment,-18067,-6517,High skill tech staff,2,4,0
5056175,0.0,C,F,N,Y,2,85500.0,Working,Secondary / secondary special,Civil marriage,House / apartment,-10081,-249,Sales staff,4,4,1
5056176,0.0,C,F,N,Y,2,85500.0,Working,Secondary / secondary special,Civil marriage,House / apartment,-10081,-249,Sales staff,4,4,1
5056177,0.0,C,F,N,Y,2,85500.0,Working,Secondary / secondary special,Civil marriage,House / apartment,-10081,-249,Sales staff,4,4,1
5056186,0.0,C,M,N,Y,0,157500.0,Working,Secondary / secondary special,Married,House / apartment,-10032,-795,Laborers,2,2,0
5056188,0.0,C,M,N,Y,0,157500.0,Working,Secondary / secondary special,Married,House / apartment,-10032,-795,Laborers,2,2,0
5056189,0.0,X,M,N,Y,0,157500.0,Working,Secondary / secondary special,Married,House / apartment,-10032,-795,Laborers,2,2,0
5056200,0.0,C,F,Y,Y,0,157500.0,Working,Higher education,Married,House / apartment,-21884,-1496,High skill tech staff,2,0,0
5056201,0.0,X,F,Y,Y,0,157500.0,Working,Higher education,Married,House / apartment,-21884,-1496,High skill tech staff,2,0,0
5056202,0.0,0,F,Y,Y,0,157500.0,Working,Higher education,Married,House / apartment,-21884,-1496,High skill tech staff,2,1,0
5056203,0.0,0,F,Y,Y,0,157500.0,Working,Higher education,Married,House / apartment,-21884,-1496,High skill tech staff,2,1,0
5056227,0.0,C,F,N,Y,0,40500.0,Working,Secondary / secondary special,Married,House / apartment,-12729,-4936,Cleaning staff,2,2,0
5056228,0.0,C,F,N,Y,0,40500.0,Working,Secondary / secondary special,Married,House / apartment,-12729,-4936,Cleaning staff,2,2,0
5056229,0.0,C,F,N,Y,0,40500.0,Working,Secondary / secondary special,Married,House / apartment,-12729,-4936,Cleaning staff,2,2,0
5056230,0.0,C,F,N,Y,0,40500.0,Working,Secondary / secondary special,Married,House / apartment,-12729,-4936,Cleaning staff,2,2,0
5056237,0.0,C,F,N,Y,0,40500.0,Working,Secondary / secondary special,Married,House / apartment,-12729,-4936,Cleaning staff,2,2,0
5056238,0.0,0,F,N,Y,0,40500.0,Working,Secondary / secondary special,Married,House / apartment,-12729,-4936,Cleaning staff,2,4,0
5058244,0.0,X,F,N,Y,0,90000.0,State servant,Higher education,Married,House / apartment,-12849,-543,Core staff,2,3,0
5058246,0.0,C,F,N,Y,0,90000.0,State servant,Higher education,Married,House / apartment,-12849,-543,Core staff,2,3,0
5058247,0.0,C,F,N,Y,0,90000.0,State servant,Higher education,Married,House / apartment,-12849,-543,Core staff,2,3,0
5058248,0.0,C,F,N,Y,0,90000.0,State servant,Higher education,Married,House / apartment,-12849,-543,Core staff,2,3,0
5058249,0.0,C,F,N,Y,0,90000.0,State servant,Higher education,Married,House / apartment,-12849,-543,Core staff,2,3,0
5058250,0.0,0,F,N,Y,0,90000.0,State servant,Higher education,Married,House / apartment,-12849,-543,Core staff,2,3,0
5058251,0.0,0,F,N,Y,0,90000.0,State servant,Higher education,Married,House / apartment,-12849,-543,Core staff,2,3,0
5058252,0.0,0,F,N,Y,0,90000.0,State servant,Higher education,Married,House / apartment,-12849,-543,Core staff,2,3,0
5058253,0.0,C,F,N,Y,0,90000.0,State servant,Higher education,Married,House / apartment,-12849,-543,Core staff,2,3,0
5058254,0.0,C,M,N,Y,1,157500.0,Working,Secondary / secondary special,Married,House / apartment,-8565,-423,Core staff,3,2,1
5058255,0.0,C,M,N,Y,1,157500.0,Working,Secondary / secondary special,Married,House / apartment,-8565,-423,Core staff,3,2,1
5058256,0.0,C,M,N,Y,1,157500.0,Working,Secondary / secondary special,Married,House / apartment,-8565,-423,Core staff,3,2,1
5058257,0.0,X,M,N,N,1,225000.0,Commercial associate,Secondary / secondary special,Married,With parents,-17868,-1912,Drivers,3,1,1
5058258,0.0,X,M,N,N,1,225000.0,Commercial associate,Secondary / secondary special,Married,With parents,-17868,-1912,Drivers,3,1,1
5058259,0.0,C,M,N,N,1,225000.0,Commercial associate,Secondary / secondary special,Married,With parents,-17868,-1912,Drivers,3,0,1
5058260,0.0,0,M,N,N,1,225000.0,Commercial associate,Secondary / secondary special,Married,With parents,-17868,-1912,Drivers,3,1,1
5058261,0.0,0,M,N,N,1,225000.0,Commercial associate,Secondary / secondary special,Married,With parents,-17868,-1912,Drivers,3,1,1
5058262,0.0,C,M,N,N,1,225000.0,Commercial associate,Secondary / secondary special,Married,With parents,-17868,-1912,Drivers,3,0,1
5058263,0.0,X,M,N,N,1,225000.0,Commercial associate,Secondary / secondary special,Married,With parents,-17868,-1912,Drivers,3,1,1
5058264,0.0,C,M,N,N,1,225000.0,Commercial associate,Secondary / secondary special,Married,With parents,-17868,-1912,Drivers,3,0,1
5058265,0.0,0,M,N,N,1,225000.0,Commercial associate,Secondary / secondary special,Married,With parents,-17868,-1912,Drivers,3,1,1
5058266,0.0,X,M,N,N,1,225000.0,Commercial associate,Secondary / secondary special,Married,With parents,-17868,-1912,Drivers,3,1,1
5058267,0.0,C,M,N,N,1,225000.0,Commercial associate,Secondary / secondary special,Married,With parents,-17868,-1912,Drivers,3,0,1
5058268,0.0,C,M,N,N,1,225000.0,Commercial associate,Secondary / secondary special,Married,With parents,-17868,-1912,Drivers,3,0,1
5058269,0.0,C,M,N,N,1,225000.0,Commercial associate,Secondary / secondary special,Married,With parents,-17868,-1912,Drivers,3,0,1
5058270,0.0,0,F,N,Y,0,135000.0,Working,Secondary / secondary special,Married,House / apartment,-19607,-4288,Low-skill Laborers,2,4,0
5058271,0.0,0,F,N,Y,0,135000.0,Working,Secondary / secondary special,Married,House / apartment,-19607,-4288,Low-skill Laborers,2,4,0
5058272,0.0,0,F,N,Y,0,135000.0,Working,Secondary / secondary special,Married,House / apartment,-19607,-4288,Low-skill Laborers,2,4,0
5058273,0.0,C,F,N,Y,0,135000.0,Working,Secondary / secondary special,Married,House / apartment,-19607,-4288,Low-skill Laborers,2,2,0
5058290,0.0,X,F,N,Y,0,288000.0,Commercial associate,Secondary / secondary special,Widow,House / apartment,-16181,-117,Private service staff,1,1,0
5058291,0.0,C,F,N,Y,0,288000.0,Commercial associate,Secondary / secondary special,Widow,House / apartment,-16181,-117,Private service staff,1,1,0
5058292,0.0,0,F,N,Y,0,288000.0,Commercial associate,Secondary / secondary special,Widow,House / apartment,-16181,-117,Private service staff,1,1,0
5058293,0.0,C,F,N,Y,0,288000.0,Commercial associate,Secondary / secondary special,Widow,House / apartment,-16181,-117,Private service staff,1,1,0
5058294,0.0,0,F,N,Y,0,288000.0,Commercial associate,Secondary / secondary special,Widow,House / apartment,-16181,-117,Private service staff,1,1,0
5058295,0.0,C,F,N,Y,0,288000.0,Commercial associate,Secondary / secondary special,Widow,House / apartment,-16181,-117,Private service staff,1,1,0
5058296,0.0,0,F,Y,Y,0,162000.0,State servant,Higher education,Married,House / apartment,-17824,-1700,Managers,2,3,0
5058297,0.0,0,F,Y,Y,0,162000.0,State servant,Higher education,Married,House / apartment,-17824,-1700,Managers,2,3,0
5058305,0.0,C,F,N,Y,0,103500.0,Working,Secondary / secondary special,Married,House / apartment,-22466,-12870,Managers,2,2,0
5058306,0.0,C,F,N,Y,0,103500.0,Working,Secondary / secondary special,Married,House / apartment,-22466,-12870,Managers,2,2,0
5112591,0.0,C,F,N,Y,0,103500.0,Working,Secondary / secondary special,Married,House / apartment,-22466,-12870,Managers,2,2,0
5112592,0.0,C,F,N,Y,0,103500.0,Working,Secondary / secondary special,Married,House / apartment,-22466,-12870,Managers,2,2,0
5112593,0.0,C,F,N,Y,0,103500.0,Working,Secondary / secondary special,Married,House / apartment,-22466,-12870,Managers,2,2,0
5112594,0.0,C,F,N,Y,0,103500.0,Working,Secondary / secondary special,Married,House / apartment,-22466,-12870,Managers,2,2,0
5112597,0.0,0,F,N,Y,0,103500.0,Working,Secondary / secondary special,Married,House / apartment,-22466,-12870,Managers,2,4,0
5112598,0.0,X,F,N,Y,0,103500.0,Working,Secondary / secondary special,Married,House / apartment,-22466,-12870,Managers,2,4,0
5112599,0.0,0,F,N,Y,0,103500.0,Working,Secondary / secondary special,Married,House / apartment,-22466,-12870,Managers,2,4,0
5112600,0.0,1,F,N,Y,0,103500.0,Working,Secondary / secondary special,Married,House / apartment,-22466,-12870,Managers,2,1,0
5112601,0.0,1,F,N,Y,0,103500.0,Working,Secondary / secondary special,Married,House / apartment,-22466,-12870,Managers,2,1,0
5112602,0.0,C,F,N,Y,0,103500.0,Working,Secondary / secondary special,Married,House / apartment,-22466,-12870,Managers,2,2,0
5112603,0.0,C,F,N,Y,0,103500.0,Working,Secondary / secondary special,Married,House / apartment,-22466,-12870,Managers,2,2,0
5112604,0.0,C,F,N,Y,0,103500.0,Working,Secondary / secondary special,Married,House / apartment,-22466,-12870,Managers,2,2,0
5112605,0.0,C,F,N,Y,0,103500.0,Working,Secondary / secondary special,Married,House / apartment,-22466,-12870,Managers,2,2,0
5058307,0.0,X,M,Y,Y,0,202500.0,Working,Secondary / secondary special,Single / not married,House / apartment,-10002,-447,Drivers,1,2,0
5058309,0.0,C,M,Y,Y,0,202500.0,Working,Secondary / secondary special,Single / not married,House / apartment,-10002,-447,Drivers,1,2,0
5058316,0.0,C,F,N,Y,0,247500.0,Working,Secondary / secondary special,Civil marriage,House / apartment,-17158,-6809,Laborers,2,2,0
5058318,0.0,C,F,N,Y,0,247500.0,Working,Secondary / secondary special,Civil marriage,House / apartment,-17158,-6809,Laborers,2,2,0
5058320,0.0,X,F,N,Y,0,247500.0,Working,Secondary / secondary special,Civil marriage,House / apartment,-17158,-6809,Laborers,2,4,0
5058336,0.0,C,F,N,Y,0,63000.0,Working,Secondary / secondary special,Married,House / apartment,-19896,-1574,High skill tech staff,2,2,0
5058338,0.0,C,F,N,Y,0,63000.0,Working,Secondary / secondary special,Married,House / apartment,-19896,-1574,High skill tech staff,2,2,0
5058339,0.0,C,F,N,Y,0,63000.0,Working,Secondary / secondary special,Married,House / apartment,-19896,-1574,High skill tech staff,2,2,0
5058342,0.0,C,F,N,Y,0,63000.0,Working,Secondary / secondary special,Married,House / apartment,-19896,-1574,High skill tech staff,2,2,0
5058343,0.0,C,F,N,Y,0,63000.0,Working,Secondary / secondary special,Married,House / apartment,-19896,-1574,High skill tech staff,2,2,0
5058344,0.0,C,F,N,Y,0,63000.0,Working,Secondary / secondary special,Married,House / apartment,-19896,-1574,High skill tech staff,2,2,0
5058355,0.0,0,F,N,N,0,135000.0,Working,Secondary / secondary special,Civil marriage,House / apartment,-9888,-2031,Laborers,2,4,0
5058356,0.0,C,F,N,N,0,135000.0,Working,Secondary / secondary special,Civil marriage,House / apartment,-9888,-2031,Laborers,2,2,0
5058357,0.0,0,F,N,N,0,135000.0,Working,Secondary / secondary special,Civil marriage,House / apartment,-9888,-2031,Laborers,2,4,0
5058358,0.0,C,M,Y,N,0,540000.0,Commercial associate,Secondary / secondary special,Single / not married,Rented apartment,-10499,-1727,Sales staff,1,0,2
5058360,0.0,C,M,Y,N,0,540000.0,Commercial associate,Secondary / secondary special,Single / not married,Rented apartment,-10499,-1727,Sales staff,1,0,2
5058361,0.0,C,M,Y,N,0,540000.0,Commercial associate,Secondary / secondary special,Single / not married,Rented apartment,-10499,-1727,Sales staff,1,0,2
5058374,0.0,C,F,N,Y,1,225000.0,Working,Higher education,Married,House / apartment,-11549,-1086,Drivers,3,0,1
5058375,0.0,C,F,N,Y,1,225000.0,Working,Higher education,Married,House / apartment,-11549,-1086,Drivers,3,0,1
5058377,0.0,0,F,N,Y,1,225000.0,Working,Higher education,Married,House / apartment,-11549,-1086,Drivers,3,1,1
5058380,0.0,C,F,N,N,0,121500.0,Commercial associate,Secondary / secondary special,Married,House / apartment,-18026,-9152,Laborers,2,1,0
5058381,0.0,C,F,N,N,0,121500.0,Commercial associate,Secondary / secondary special,Married,House / apartment,-18026,-9152,Laborers,2,1,0
5058382,0.0,0,F,N,N,0,112500.0,Working,Higher education,Single / not married,House / apartment,-9431,-143,Core staff,1,1,0
5058406,0.0,0,M,Y,Y,0,247500.0,Working,Higher education,Married,House / apartment,-12843,-2609,Managers,2,0,2
5058407,0.0,C,M,Y,Y,0,247500.0,Working,Higher education,Married,House / apartment,-12843,-2609,Managers,2,0,2
5058408,0.0,C,M,Y,Y,0,247500.0,Working,Higher education,Married,House / apartment,-12843,-2609,Managers,2,0,2
5058409,0.0,1,M,Y,Y,0,247500.0,Working,Higher education,Married,House / apartment,-12843,-2609,Managers,2,1,0
5058416,0.0,X,F,N,Y,1,108000.0,State servant,Secondary / secondary special,Married,House / apartment,-14028,-3277,Core staff,3,1,1
5058421,0.0,X,F,N,Y,1,108000.0,State servant,Secondary / secondary special,Married,House / apartment,-14028,-3277,Core staff,3,1,1
5058422,0.0,C,F,N,Y,1,108000.0,State servant,Secondary / secondary special,Married,House / apartment,-14028,-3277,Core staff,3,1,1
5058423,0.0,X,F,N,Y,1,108000.0,State servant,Secondary / secondary special,Married,House / apartment,-14028,-3277,Core staff,3,1,1
5058433,0.0,C,F,Y,N,1,315000.0,Commercial associate,Higher education,Married,House / apartment,-14504,-2518,Accountants,3,3,2
5058434,0.0,C,F,Y,N,1,315000.0,Commercial associate,Higher education,Married,House / apartment,-14504,-2518,Accountants,3,3,2
5058435,0.0,X,F,Y,Y,0,135000.0,Commercial associate,Higher education,Married,House / apartment,-20921,-113,Sales staff,2,3,0
5058450,0.0,C,F,N,Y,0,85500.0,State servant,Secondary / secondary special,Married,House / apartment,-13894,-2457,Core staff,2,1,0
5058451,0.0,C,F,N,Y,0,157500.0,Working,Higher education,Married,House / apartment,-17366,-2426,Managers,2,0,0
5058453,0.0,C,F,N,Y,0,157500.0,Working,Higher education,Married,House / apartment,-17366,-2426,Managers,2,0,0
5058458,0.0,C,F,N,Y,0,157500.0,Working,Higher education,Married,House / apartment,-17366,-2426,Managers,2,0,0
5058459,0.0,0,F,N,Y,0,157500.0,Working,Higher education,Married,House / apartment,-17366,-2426,Managers,2,1,0
5058460,0.0,C,F,N,Y,2,225000.0,Commercial associate,Secondary / secondary special,Civil marriage,House / apartment,-12486,-1816,Laborers,4,1,1
5058461,0.0,C,F,N,Y,2,225000.0,Commercial associate,Secondary / secondary special,Civil marriage,House / apartment,-12486,-1816,Laborers,4,1,1
5058462,0.0,C,F,N,Y,2,225000.0,Commercial associate,Secondary / secondary special,Civil marriage,House / apartment,-12486,-1816,Laborers,4,1,1
5058463,0.0,C,F,N,Y,2,225000.0,Commercial associate,Secondary / secondary special,Civil marriage,House / apartment,-12486,-1816,Laborers,4,1,1
5058466,0.0,C,F,N,Y,2,225000.0,Commercial associate,Secondary / secondary special,Civil marriage,House / apartment,-12486,-1816,Laborers,4,1,1
5058467,0.0,C,F,N,Y,2,225000.0,Commercial associate,Secondary / secondary special,Civil marriage,House / apartment,-12486,-1816,Laborers,4,1,1
5058468,0.0,C,M,N,Y,1,157500.0,State servant,Secondary / secondary special,Married,House / apartment,-10209,-873,Security staff,3,2,1
5058469,0.0,C,M,N,Y,1,157500.0,State servant,Secondary / secondary special,Married,House / apartment,-10209,-873,Security staff,3,2,1
5058470,0.0,C,M,N,Y,1,157500.0,State servant,Secondary / secondary special,Married,House / apartment,-10209,-873,Security staff,3,2,1
5058471,0.0,C,M,N,Y,1,157500.0,State servant,Secondary / secondary special,Married,House / apartment,-10209,-873,Security staff,3,2,1
5058484,0.0,C,M,N,N,0,270000.0,Working,Secondary / secondary special,Single / not married,House / apartment,-15213,-1331,Drivers,1,2,0
5058485,0.0,C,M,N,N,0,270000.0,Working,Secondary / secondary special,Single / not married,House / apartment,-15213,-1331,Drivers,1,2,0
5058486,0.0,X,M,N,N,0,270000.0,Working,Secondary / secondary special,Single / not married,House / apartment,-15213,-1331,Drivers,1,4,0
5058491,0.0,C,M,N,N,0,270000.0,Working,Secondary / secondary special,Single / not married,House / apartment,-15213,-1331,Drivers,1,2,0
5058494,0.0,C,M,N,N,0,270000.0,Working,Secondary / secondary special,Single / not married,House / apartment,-15213,-1331,Drivers,1,2,0
5058513,0.0,X,M,N,Y,1,180000.0,Commercial associate,Secondary / secondary special,Married,House / apartment,-8722,-996,Drivers,3,1,1
5058514,0.0,0,M,N,Y,1,180000.0,Commercial associate,Secondary / secondary special,Married,House / apartment,-8722,-996,Drivers,3,1,1
5058515,0.0,X,F,N,N,0,81000.0,Working,Secondary / secondary special,Married,House / apartment,-19700,-10370,Drivers,2,4,0
5058522,0.0,0,F,N,Y,0,405000.0,Commercial associate,Secondary / secondary special,Married,With parents,-14585,-3400,Laborers,2,1,2
5058523,0.0,0,F,N,Y,0,405000.0,Commercial associate,Secondary / secondary special,Married,With parents,-14585,-3400,Laborers,2,1,2
5058528,0.0,0,M,N,N,0,391500.0,Working,Secondary / secondary special,Single / not married,Municipal apartment,-9242,-508,Sales staff,1,4,2
5058529,0.0,0,M,N,N,0,391500.0,Working,Secondary / secondary special,Single / not married,Municipal apartment,-9242,-508,Sales staff,1,4,2
5058547,0.0,C,F,N,Y,0,225000.0,Commercial associate,Secondary / secondary special,Separated,House / apartment,-15914,-5379,Private service staff,1,1,0
5058548,0.0,C,F,N,Y,0,225000.0,Commercial associate,Secondary / secondary special,Separated,House / apartment,-15914,-5379,Private service staff,1,1,0
5058550,0.0,0,F,N,Y,0,135000.0,Working,Higher education,Single / not married,House / apartment,-19789,-3673,Managers,1,1,0
5058551,0.0,C,M,Y,Y,0,135000.0,Working,Higher education,Single / not married,House / apartment,-9898,-1178,Laborers,1,0,0
5061072,0.0,X,F,N,N,0,90000.0,Commercial associate,Secondary / secondary special,Married,House / apartment,-15380,-167,Sales staff,2,1,0
5061073,0.0,X,M,N,N,0,90000.0,Working,Secondary / secondary special,Married,House / apartment,-19535,-259,Laborers,2,2,0
5061083,0.0,0,F,N,N,0,157500.0,State servant,Secondary / secondary special,Widow,House / apartment,-20363,-6679,Cleaning staff,1,1,0
5061084,0.0,X,F,N,N,0,157500.0,State servant,Secondary / secondary special,Widow,House / apartment,-20363,-6679,Cleaning staff,1,1,0
5061085,0.0,C,F,N,N,0,139500.0,Working,Secondary / secondary special,Single / not married,House / apartment,-9483,-776,Core staff,1,4,0
5061086,0.0,C,F,Y,N,3,135000.0,Working,Secondary / secondary special,Married,House / apartment,-11128,-3242,Sales staff,5,2,1
5061087,0.0,0,F,Y,N,3,135000.0,Working,Secondary / secondary special,Married,House / apartment,-11128,-3242,Sales staff,5,4,1
5061088,0.0,C,F,Y,N,3,135000.0,Working,Secondary / secondary special,Married,House / apartment,-11128,-3242,Sales staff,5,2,1
5061089,0.0,C,F,Y,N,3,135000.0,Working,Secondary / secondary special,Married,House / apartment,-11128,-3242,Sales staff,5,2,1
5061090,0.0,C,F,Y,N,3,135000.0,Working,Secondary / secondary special,Married,House / apartment,-11128,-3242,Sales staff,5,2,1
5061091,0.0,C,F,Y,N,3,135000.0,Working,Secondary / secondary special,Married,House / apartment,-11128,-3242,Sales staff,5,2,1
5061094,0.0,X,F,N,Y,1,180000.0,Working,Secondary / secondary special,Civil marriage,House / apartment,-14977,-6772,Laborers,3,4,1
5061095,0.0,0,F,N,Y,1,180000.0,Working,Secondary / secondary special,Civil marriage,House / apartment,-14977,-6772,Laborers,3,4,1
5061100,0.0,X,M,Y,Y,0,112500.0,Commercial associate,Secondary / secondary special,Single / not married,House / apartment,-9552,-1567,Cooking staff,1,1,0
5061101,0.0,C,M,Y,Y,0,112500.0,Commercial associate,Secondary / secondary special,Single / not married,House / apartment,-9552,-1567,Cooking staff,1,0,0
5061102,0.0,C,M,Y,N,2,139500.0,Working,Secondary / secondary special,Married,House / apartment,-12989,-1598,Core staff,4,2,1
5061103,0.0,0,M,Y,N,2,139500.0,Working,Secondary / secondary special,Married,House / apartment,-12989,-1598,Core staff,4,4,1
5061106,0.0,0,M,Y,Y,1,247500.0,Working,Secondary / secondary special,Married,House / apartment,-15771,-4003,Core staff,3,4,1
5061107,0.0,0,M,Y,Y,1,247500.0,Working,Secondary / secondary special,Married,House / apartment,-15771,-4003,Core staff,3,4,1
5061108,0.0,C,M,Y,Y,1,247500.0,Working,Secondary / secondary special,Married,House / apartment,-15771,-4003,Core staff,3,2,1
5061109,0.0,0,M,Y,Y,1,247500.0,Working,Secondary / secondary special,Married,House / apartment,-15771,-4003,Core staff,3,4,1
5061111,0.0,0,M,N,Y,0,112500.0,Working,Higher education,Civil marriage,House / apartment,-20008,-5585,Security staff,2,1,0
5061113,0.0,C,M,N,Y,0,112500.0,Working,Higher education,Civil marriage,House / apartment,-20008,-5585,Security staff,2,0,0
5061114,0.0,X,M,N,Y,0,112500.0,Working,Higher education,Civil marriage,House / apartment,-20008,-5585,Security staff,2,1,0
5061115,0.0,C,M,N,Y,0,112500.0,Working,Higher education,Civil marriage,House / apartment,-20008,-5585,Security staff,2,0,0
5061116,0.0,C,M,N,Y,0,112500.0,Working,Higher education,Civil marriage,House / apartment,-20008,-5585,Security staff,2,0,0
5061117,0.0,X,M,N,Y,0,112500.0,Working,Higher education,Civil marriage,House / apartment,-20008,-5585,Security staff,2,1,0
5061120,0.0,C,F,N,Y,1,324000.0,State servant,Higher education,Married,House / apartment,-13482,-4795,Managers,3,3,2
5061121,0.0,C,F,N,Y,1,324000.0,State servant,Higher education,Married,House / apartment,-13482,-4795,Managers,3,3,2
5061122,0.0,C,F,N,Y,1,324000.0,State servant,Higher education,Married,House / apartment,-13482,-4795,Managers,3,3,2
5061123,0.0,C,F,N,Y,1,324000.0,State servant,Higher education,Married,House / apartment,-13482,-4795,Managers,3,3,2
5061126,0.0,C,F,N,Y,1,324000.0,State servant,Higher education,Married,House / apartment,-13482,-4795,Managers,3,3,2
5061128,0.0,0,F,N,Y,1,324000.0,State servant,Higher education,Married,House / apartment,-13482,-4795,Managers,3,3,2
5061129,0.0,0,F,N,Y,1,324000.0,State servant,Higher education,Married,House / apartment,-13482,-4795,Managers,3,3,2
5061130,0.0,0,F,N,Y,1,324000.0,State servant,Higher education,Married,House / apartment,-13482,-4795,Managers,3,3,2
5061131,0.0,C,F,N,Y,1,324000.0,State servant,Higher education,Married,House / apartment,-13482,-4795,Managers,3,3,2
5061133,0.0,X,M,N,Y,0,135000.0,State servant,Higher education,Married,House / apartment,-19113,-2816,Core staff,2,3,0
5061135,0.0,X,F,N,Y,2,58500.0,Working,Higher education,Married,House / apartment,-14228,-5950,Core staff,4,1,1
5061136,0.0,X,F,N,Y,2,58500.0,Working,Higher education,Married,House / apartment,-14228,-5950,Core staff,4,1,1
5061137,0.0,X,F,N,Y,2,58500.0,Working,Higher education,Married,House / apartment,-14228,-5950,Core staff,4,1,1
5061148,0.0,C,M,Y,Y,0,225000.0,Working,Secondary / secondary special,Married,House / apartment,-19032,-412,Laborers,2,2,0
5061178,0.0,C,M,Y,Y,0,135000.0,Working,Secondary / secondary special,Married,House / apartment,-12616,-777,Laborers,2,2,0
5061179,0.0,C,M,Y,Y,0,135000.0,Working,Secondary / secondary special,Married,House / apartment,-12616,-777,Laborers,2,2,0
5061181,0.0,C,M,Y,Y,0,135000.0,Working,Secondary / secondary special,Married,House / apartment,-12616,-777,Laborers,2,2,0
5061182,0.0,X,M,Y,Y,0,135000.0,Working,Secondary / secondary special,Married,House / apartment,-12616,-777,Laborers,2,2,0
5061183,0.0,0,M,Y,Y,0,135000.0,Working,Secondary / secondary special,Married,House / apartment,-12616,-777,Laborers,2,2,0
5061184,0.0,0,M,Y,Y,0,135000.0,Working,Secondary / secondary special,Married,House / apartment,-12616,-777,Laborers,2,2,0
5061185,0.0,C,M,Y,Y,0,135000.0,Working,Secondary / secondary special,Married,House / apartment,-12616,-777,Laborers,2,2,0
5061186,0.0,C,M,Y,Y,0,135000.0,Working,Secondary / secondary special,Married,House / apartment,-12616,-777,Laborers,2,2,0
5061189,0.0,0,F,N,Y,1,180000.0,State servant,Higher education,Married,House / apartment,-10969,-3485,High skill tech staff,3,3,1
5061190,0.0,C,F,N,Y,1,180000.0,State servant,Higher education,Married,House / apartment,-10969,-3485,High skill tech staff,3,3,1
5061192,0.0,C,F,N,Y,1,180000.0,State servant,Higher education,Married,House / apartment,-10969,-3485,High skill tech staff,3,3,1
5061193,0.0,C,F,N,Y,1,135000.0,Working,Secondary / secondary special,Civil marriage,With parents,-11567,-655,Sales staff,3,4,1
5061194,0.0,C,F,N,Y,1,135000.0,Working,Secondary / secondary special,Civil marriage,With parents,-11567,-655,Sales staff,3,4,1
5061195,0.0,C,F,N,Y,1,135000.0,Working,Secondary / secondary special,Civil marriage,With parents,-11567,-655,Sales staff,3,4,1
5061196,0.0,X,F,N,Y,1,135000.0,Working,Secondary / secondary special,Civil marriage,With parents,-11567,-655,Sales staff,3,4,1
5061197,0.0,X,F,N,Y,1,135000.0,Working,Secondary / secondary special,Civil marriage,With parents,-11567,-655,Sales staff,3,4,1
5061198,0.0,X,F,N,Y,1,135000.0,Working,Secondary / secondary special,Civil marriage,With parents,-11567,-655,Sales staff,3,4,1
5061199,0.0,0,F,N,Y,1,135000.0,Working,Secondary / secondary special,Civil marriage,With parents,-11567,-655,Sales staff,3,4,1
5061200,0.0,0,F,N,Y,1,135000.0,Working,Secondary / secondary special,Civil marriage,With parents,-11567,-655,Sales staff,3,4,1
5061207,0.0,0,M,Y,Y,14,225000.0,Working,Secondary / secondary special,Separated,House / apartment,-17754,-1689,Drivers,15,4,1
5061210,0.0,0,M,Y,Y,14,225000.0,Working,Secondary / secondary special,Separated,House / apartment,-17754,-1689,Drivers,15,4,1
5061211,0.0,0,M,Y,Y,14,225000.0,Working,Secondary / secondary special,Separated,House / apartment,-17754,-1689,Drivers,15,4,1
5061212,0.0,0,M,Y,Y,0,112500.0,Working,Secondary / secondary special,Separated,House / apartment,-18973,-4489,Laborers,1,4,0
5061213,0.0,0,M,Y,Y,0,112500.0,Working,Secondary / secondary special,Separated,House / apartment,-18973,-4489,Laborers,1,4,0
5061215,0.0,X,F,Y,Y,4,157500.0,State servant,Secondary / secondary special,Separated,House / apartment,-13994,-4185,Security staff,5,1,1
5061219,0.0,0,F,Y,Y,4,157500.0,State servant,Secondary / secondary special,Separated,House / apartment,-13994,-4185,Security staff,5,1,1
5061220,0.0,C,F,Y,Y,0,157500.0,Working,Secondary / secondary special,Married,House / apartment,-20831,-1142,Cleaning staff,2,2,0
5061221,0.0,C,F,Y,Y,0,157500.0,Working,Secondary / secondary special,Married,House / apartment,-20831,-1142,Cleaning staff,2,2,0
5061222,0.0,X,F,Y,Y,0,157500.0,Working,Secondary / secondary special,Married,House / apartment,-20831,-1142,Cleaning staff,2,4,0
5061223,0.0,0,F,Y,Y,0,157500.0,Working,Secondary / secondary special,Married,House / apartment,-20831,-1142,Cleaning staff,2,4,0
5061224,0.0,X,F,Y,Y,0,157500.0,Working,Secondary / secondary special,Married,House / apartment,-20831,-1142,Cleaning staff,2,4,0
5061225,0.0,0,F,Y,Y,0,157500.0,Working,Secondary / secondary special,Married,House / apartment,-20831,-1142,Cleaning staff,2,4,0
5061226,0.0,C,M,Y,Y,0,222750.0,Working,Higher education,Married,House / apartment,-16944,-1324,Drivers,2,0,0
5061229,0.0,C,M,Y,Y,0,222750.0,Working,Higher education,Married,House / apartment,-16944,-1324,Drivers,2,0,0
5061230,0.0,C,M,Y,Y,0,222750.0,Working,Higher education,Married,House / apartment,-16944,-1324,Drivers,2,0,0
5061231,0.0,C,M,Y,Y,0,222750.0,Working,Higher education,Married,House / apartment,-16944,-1324,Drivers,2,0,0
5061232,0.0,C,M,Y,Y,0,222750.0,Working,Higher education,Married,House / apartment,-16944,-1324,Drivers,2,0,0
5061233,0.0,X,M,Y,Y,0,222750.0,Working,Higher education,Married,House / apartment,-16944,-1324,Drivers,2,0,0
5061234,0.0,C,M,Y,Y,0,222750.0,Working,Higher education,Married,House / apartment,-16944,-1324,Drivers,2,0,0
5061235,0.0,C,M,Y,Y,0,222750.0,Working,Higher education,Married,House / apartment,-16944,-1324,Drivers,2,0,0
5061261,0.0,X,M,N,Y,1,225000.0,Working,Secondary / secondary special,Civil marriage,House / apartment,-11183,-320,Drivers,3,4,1
5061263,0.0,0,M,N,Y,1,225000.0,Working,Secondary / secondary special,Civil marriage,House / apartment,-11183,-320,Drivers,3,4,1
5061264,0.0,C,M,N,Y,1,225000.0,Working,Secondary / secondary special,Civil marriage,House / apartment,-11183,-320,Drivers,3,2,1
5061265,0.0,X,F,N,Y,0,211500.0,Working,Secondary / secondary special,Married,House / apartment,-16692,-1901,Sales staff,2,4,0
5061266,0.0,C,F,N,Y,0,211500.0,Working,Secondary / secondary special,Married,House / apartment,-16692,-1901,Sales staff,2,2,0
5061267,0.0,0,F,N,Y,0,211500.0,Working,Secondary / secondary special,Married,House / apartment,-16692,-1901,Sales staff,2,4,0
5061270,0.0,C,F,Y,Y,0,85500.0,Working,Higher education,Married,House / apartment,-18438,-9724,Core staff,2,0,0
5061271,0.0,C,F,Y,Y,0,85500.0,Working,Higher education,Married,House / apartment,-18438,-9724,Core staff,2,0,0
5061272,0.0,C,F,Y,Y,0,85500.0,Working,Higher education,Married,House / apartment,-18438,-9724,Core staff,2,0,0
5061273,0.0,0,F,Y,Y,0,85500.0,Working,Higher education,Married,House / apartment,-18438,-9724,Core staff,2,1,0
5061274,0.0,X,M,N,N,0,157500.0,Working,Secondary / secondary special,Married,House / apartment,-14130,-2877,Private service staff,2,4,0
5061275,0.0,C,M,N,N,0,157500.0,Working,Secondary / secondary special,Married,House / apartment,-14130,-2877,Private service staff,2,2,0
5061276,0.0,X,M,N,N,0,157500.0,Working,Secondary / secondary special,Married,House / apartment,-14130,-2877,Private service staff,2,4,0
5061277,0.0,C,M,N,N,0,157500.0,Working,Secondary / secondary special,Married,House / apartment,-14130,-2877,Private service staff,2,2,0
5061278,0.0,C,M,N,N,0,157500.0,Working,Secondary / secondary special,Married,House / apartment,-14130,-2877,Private service staff,2,2,0
5061279,0.0,X,M,N,N,0,157500.0,Working,Secondary / secondary special,Married,House / apartment,-14130,-2877,Private service staff,2,4,0
5061280,0.0,X,M,N,N,0,157500.0,Working,Secondary / secondary special,Married,House / apartment,-14130,-2877,Private service staff,2,4,0
5061281,0.0,C,M,N,N,0,157500.0,Working,Secondary / secondary special,Married,House / apartment,-14130,-2877,Private service staff,2,2,0
5061296,0.0,C,F,N,N,0,67500.0,Working,Secondary / secondary special,Married,With parents,-15675,-8691,Medicine staff,2,2,0
5061297,0.0,0,F,N,N,0,67500.0,Working,Secondary / secondary special,Married,With parents,-15675,-8691,Medicine staff,2,4,0
5061298,0.0,0,F,N,N,0,67500.0,Working,Secondary / secondary special,Married,With parents,-15675,-8691,Medicine staff,2,4,0
5061300,0.0,C,F,N,N,0,67500.0,Working,Secondary / secondary special,Married,With parents,-15675,-8691,Medicine staff,2,2,0
5061301,0.0,C,F,N,N,0,67500.0,Working,Secondary / secondary special,Married,With parents,-15675,-8691,Medicine staff,2,2,0
5061302,0.0,C,F,N,N,0,67500.0,Working,Secondary / secondary special,Married,With parents,-15675,-8691,Medicine staff,2,2,0
5061303,0.0,0,F,N,N,0,67500.0,Working,Secondary / secondary special,Married,With parents,-15675,-8691,Medicine staff,2,4,0
5061304,0.0,C,F,N,N,0,67500.0,Working,Secondary / secondary special,Married,With parents,-15675,-8691,Medicine staff,2,2,0
5061305,0.0,C,F,N,N,0,67500.0,Working,Secondary / secondary special,Married,With parents,-15675,-8691,Medicine staff,2,2,0
5061306,0.0,C,F,N,N,0,67500.0,Working,Secondary / secondary special,Married,With parents,-15675,-8691,Medicine staff,2,2,0
5061307,0.0,C,F,N,Y,0,202500.0,Working,Secondary / secondary special,Married,House / apartment,-19317,-6590,Laborers,2,2,0
5061308,0.0,X,F,N,Y,0,202500.0,Working,Secondary / secondary special,Married,House / apartment,-19317,-6590,Laborers,2,4,0
5061311,0.0,C,F,N,Y,0,202500.0,Working,Secondary / secondary special,Married,House / apartment,-19317,-6590,Laborers,2,2,0
5061312,0.0,C,F,N,Y,0,202500.0,Working,Secondary / secondary special,Married,House / apartment,-19317,-6590,Laborers,2,2,0
5061313,0.0,C,F,N,Y,0,202500.0,Working,Secondary / secondary special,Married,House / apartment,-19317,-6590,Laborers,2,2,0
5061314,0.0,X,F,N,Y,0,202500.0,Working,Secondary / secondary special,Married,House / apartment,-19317,-6590,Laborers,2,4,0
5061315,0.0,X,F,N,Y,0,202500.0,Working,Secondary / secondary special,Married,House / apartment,-19317,-6590,Laborers,2,4,0
5061316,0.0,C,F,N,Y,0,202500.0,Working,Secondary / secondary special,Married,House / apartment,-19317,-6590,Laborers,2,2,0
5061317,0.0,0,F,Y,Y,1,261000.0,State servant,Higher education,Married,House / apartment,-15050,-1628,Managers,3,3,1
5061320,0.0,X,F,Y,Y,1,261000.0,State servant,Higher education,Married,House / apartment,-15050,-1628,Managers,3,3,1
5061321,0.0,0,F,Y,Y,1,261000.0,State servant,Higher education,Married,House / apartment,-15050,-1628,Managers,3,3,1
5061322,0.0,C,F,Y,Y,1,261000.0,State servant,Higher education,Married,House / apartment,-15050,-1628,Managers,3,0,1
5061323,0.0,C,F,Y,Y,1,261000.0,State servant,Higher education,Married,House / apartment,-15050,-1628,Managers,3,0,1
5061324,0.0,C,M,Y,Y,0,315000.0,Commercial associate,Secondary / secondary special,Married,House / apartment,-21080,-4369,High skill tech staff,2,0,2
5061330,0.0,X,M,Y,Y,0,315000.0,Commercial associate,Secondary / secondary special,Married,House / apartment,-21080,-4369,High skill tech staff,2,1,2
5061332,0.0,0,F,Y,Y,1,135000.0,Commercial associate,Secondary / secondary special,Married,House / apartment,-13399,-1386,High skill tech staff,3,1,1
5061333,0.0,0,F,Y,Y,1,135000.0,Commercial associate,Secondary / secondary special,Married,House / apartment,-13399,-1386,High skill tech staff,3,1,1
5061344,0.0,C,F,N,N,0,67500.0,Working,Secondary / secondary special,Married,House / apartment,-19754,-2207,Laborers,2,2,0
5061352,0.0,X,F,N,Y,0,157500.0,Working,Secondary / secondary special,Single / not married,House / apartment,-18313,-4946,Core staff,1,4,0
5061353,0.0,0,F,N,Y,0,157500.0,Working,Secondary / secondary special,Single / not married,House / apartment,-18313,-4946,Core staff,1,4,0
5061354,0.0,0,F,N,Y,1,225000.0,Working,Secondary / secondary special,Married,House / apartment,-13048,-440,Private service staff,3,4,1
5061355,0.0,C,F,N,Y,1,225000.0,Working,Secondary / secondary special,Married,House / apartment,-13048,-440,Private service staff,3,2,1
5061356,0.0,C,F,N,Y,1,225000.0,Working,Secondary / secondary special,Married,House / apartment,-13048,-440,Private service staff,3,2,1
5061357,0.0,0,F,N,Y,1,225000.0,Working,Secondary / secondary special,Married,House / apartment,-13048,-440,Private service staff,3,4,1
5061361,0.0,X,M,N,Y,0,180000.0,Commercial associate,Secondary / secondary special,Single / not married,House / apartment,-9147,-198,Security staff,1,1,0
5061362,0.0,C,M,Y,Y,0,180000.0,Working,Higher education,Single / not married,House / apartment,-9435,-532,Drivers,1,0,0
5061363,0.0,X,M,Y,Y,0,180000.0,Working,Higher education,Single / not married,House / apartment,-9435,-532,Drivers,1,0,0
5061364,0.0,C,M,Y,Y,0,180000.0,Working,Higher education,Single / not married,House / apartment,-9435,-532,Drivers,1,0,0
5061365,0.0,C,M,Y,Y,0,180000.0,Working,Higher education,Single / not married,House / apartment,-9435,-532,Drivers,1,0,0
5061368,0.0,C,F,N,Y,1,135000.0,Working,Secondary / secondary special,Single / not married,House / apartment,-17068,-8325,Laborers,2,4,0
5061369,0.0,C,F,N,Y,1,135000.0,Working,Secondary / secondary special,Single / not married,House / apartment,-17068,-8325,Laborers,2,4,0
5061370,0.0,0,F,N,Y,1,135000.0,Working,Secondary / secondary special,Single / not married,House / apartment,-17068,-8325,Laborers,2,4,0
5061371,0.0,C,F,N,Y,1,135000.0,Working,Secondary / secondary special,Single / not married,House / apartment,-17068,-8325,Laborers,2,4,0
5061372,0.0,C,F,N,Y,1,135000.0,Working,Secondary / secondary special,Single / not married,House / apartment,-17068,-8325,Laborers,2,4,0
5061381,0.0,0,M,Y,N,0,450000.0,Working,Secondary / secondary special,Married,House / apartment,-16009,-4642,Sales staff,2,4,2
5061382,0.0,X,M,Y,N,0,450000.0,Working,Secondary / secondary special,Married,House / apartment,-16009,-4642,Sales staff,2,2,2
5061383,0.0,0,M,Y,N,0,450000.0,Working,Secondary / secondary special,Married,House / apartment,-16009,-4642,Sales staff,2,4,2
5061384,0.0,0,M,Y,N,0,450000.0,Working,Secondary / secondary special,Married,House / apartment,-16009,-4642,Sales staff,2,4,2
5061385,0.0,C,M,Y,N,0,450000.0,Working,Secondary / secondary special,Married,House / apartment,-16009,-4642,Sales staff,2,2,2
5061386,0.0,C,M,Y,N,0,450000.0,Working,Secondary / secondary special,Married,House / apartment,-16009,-4642,Sales staff,2,2,2
5061388,0.0,C,F,Y,Y,1,225000.0,State servant,Secondary / secondary special,Married,House / apartment,-13649,-1477,Medicine staff,3,0,1
5061389,0.0,X,F,Y,Y,1,225000.0,State servant,Secondary / secondary special,Married,House / apartment,-13649,-1477,Medicine staff,3,1,1
5061403,0.0,0,F,Y,Y,2,180000.0,Working,Secondary / secondary special,Married,House / apartment,-13014,-1386,Laborers,4,4,1
5061404,0.0,X,F,Y,Y,2,180000.0,Working,Secondary / secondary special,Married,House / apartment,-13014,-1386,Laborers,4,2,1
5061405,0.0,0,F,Y,Y,2,180000.0,Working,Secondary / secondary special,Married,House / apartment,-13014,-1386,Laborers,4,4,1
5061411,0.0,C,F,N,Y,0,162000.0,Working,Secondary / secondary special,Civil marriage,House / apartment,-14488,-7168,Cooking staff,2,4,0
5061412,0.0,0,F,N,Y,0,162000.0,Working,Secondary / secondary special,Civil marriage,House / apartment,-14488,-7168,Cooking staff,2,4,0
5061413,0.0,0,F,N,Y,0,162000.0,Working,Secondary / secondary special,Civil marriage,House / apartment,-14488,-7168,Cooking staff,2,4,0
5061414,0.0,C,F,N,Y,0,162000.0,Working,Secondary / secondary special,Civil marriage,House / apartment,-14488,-7168,Cooking staff,2,4,0
5061415,0.0,0,F,N,Y,0,157500.0,Working,Higher education,Married,House / apartment,-17144,-1050,Core staff,2,1,0
5061416,0.0,0,F,N,Y,0,157500.0,Working,Higher education,Married,House / apartment,-17144,-1050,Core staff,2,1,0
5061417,0.0,0,F,N,Y,0,157500.0,Working,Higher education,Married,House / apartment,-17144,-1050,Core staff,2,1,0
5061418,0.0,C,F,N,Y,0,270000.0,Commercial associate,Lower secondary,Civil marriage,House / apartment,-14609,-1842,Sales staff,2,3,0
5061419,0.0,X,F,N,Y,0,202500.0,Working,Secondary / secondary special,Married,House / apartment,-16227,-4854,Sales staff,2,4,0
5061421,0.0,C,F,N,Y,0,202500.0,Working,Secondary / secondary special,Married,House / apartment,-16227,-4854,Sales staff,2,2,0
5061422,0.0,0,F,N,Y,0,202500.0,Working,Secondary / secondary special,Married,House / apartment,-16227,-4854,Sales staff,2,4,0
5061423,0.0,0,F,N,Y,0,202500.0,Working,Secondary / secondary special,Married,House / apartment,-16227,-4854,Sales staff,2,4,0
5061424,0.0,C,F,N,Y,0,202500.0,Working,Secondary / secondary special,Married,House / apartment,-16227,-4854,Sales staff,2,2,0
5061427,0.0,C,F,N,Y,0,202500.0,Working,Secondary / secondary special,Married,House / apartment,-16227,-4854,Sales staff,2,2,0
5061438,0.0,C,F,N,Y,1,112500.0,Working,Higher education,Married,House / apartment,-21271,-14473,High skill tech staff,3,0,0
5061439,0.0,C,F,N,Y,1,112500.0,Working,Higher education,Married,House / apartment,-21271,-14473,High skill tech staff,3,0,0
5061440,0.0,C,F,N,Y,1,112500.0,Working,Higher education,Married,House / apartment,-21271,-14473,High skill tech staff,3,0,0
5061441,0.0,C,F,N,Y,1,112500.0,Working,Higher education,Married,House / apartment,-21271,-14473,High skill tech staff,3,0,0
5061442,0.0,C,F,N,Y,1,112500.0,Working,Higher education,Married,House / apartment,-21271,-14473,High skill tech staff,3,0,0
5061443,0.0,C,F,N,Y,1,112500.0,Working,Higher education,Married,House / apartment,-21271,-14473,High skill tech staff,3,0,0
5061449,0.0,C,F,N,Y,0,270000.0,Working,Secondary / secondary special,Married,House / apartment,-18114,-10121,High skill tech staff,2,2,2
5061450,0.0,C,F,N,Y,0,270000.0,Working,Secondary / secondary special,Married,House / apartment,-18114,-10121,High skill tech staff,2,2,2
5061452,0.0,0,F,N,Y,0,270000.0,Working,Secondary / secondary special,Married,House / apartment,-18114,-10121,High skill tech staff,2,4,2
5061455,0.0,C,F,N,Y,0,270000.0,Working,Secondary / secondary special,Married,House / apartment,-18114,-10121,High skill tech staff,2,2,2
5061456,0.0,C,F,N,Y,0,270000.0,Working,Secondary / secondary special,Married,House / apartment,-18114,-10121,High skill tech staff,2,2,2
5061457,0.0,0,F,N,Y,0,270000.0,Working,Secondary / secondary special,Married,House / apartment,-18114,-10121,High skill tech staff,2,4,2
5061458,0.0,0,F,N,Y,0,270000.0,Working,Secondary / secondary special,Married,House / apartment,-18114,-10121,High skill tech staff,2,4,2
5061459,0.0,C,F,N,Y,0,270000.0,Working,Secondary / secondary special,Married,House / apartment,-18114,-10121,High skill tech staff,2,2,2
5061460,0.0,C,F,N,Y,0,270000.0,Working,Secondary / secondary special,Married,House / apartment,-18114,-10121,High skill tech staff,2,2,2
5061461,0.0,C,F,N,Y,0,270000.0,Working,Secondary / secondary special,Married,House / apartment,-18114,-10121,High skill tech staff,2,2,2
5061462,0.0,C,F,N,Y,0,270000.0,Working,Secondary / secondary special,Married,House / apartment,-18114,-10121,High skill tech staff,2,2,2
5061463,0.0,C,F,N,Y,0,270000.0,Working,Secondary / secondary special,Married,House / apartment,-18114,-10121,High skill tech staff,2,2,2
5061467,0.0,1,M,Y,Y,0,90000.0,Working,Secondary / secondary special,Married,House / apartment,-11794,-1720,Laborers,2,1,0
5061469,0.0,0,F,N,Y,1,112500.0,Working,Higher education,Married,House / apartment,-10831,-1263,Laborers,3,1,1
5061470,0.0,0,F,N,Y,1,112500.0,Working,Higher education,Married,House / apartment,-10831,-1263,Laborers,3,1,1
5061471,0.0,X,F,N,Y,1,112500.0,Working,Higher education,Married,House / apartment,-10831,-1263,Laborers,3,1,1
5061472,0.0,C,F,N,Y,1,112500.0,Working,Higher education,Married,House / apartment,-10831,-1263,Laborers,3,0,1
5061473,0.0,0,M,Y,Y,1,324000.0,Working,Higher education,Married,House / apartment,-11296,-3181,High skill tech staff,3,0,2
5061474,0.0,0,M,Y,Y,1,324000.0,Working,Higher education,Married,House / apartment,-11296,-3181,High skill tech staff,3,0,2
5061475,0.0,0,M,Y,Y,1,324000.0,Working,Higher education,Married,House / apartment,-11296,-3181,High skill tech staff,3,0,2
5061476,0.0,0,M,Y,Y,1,324000.0,Working,Higher education,Married,House / apartment,-11296,-3181,High skill tech staff,3,0,2
5061477,0.0,C,M,Y,Y,1,324000.0,Working,Higher education,Married,House / apartment,-11296,-3181,High skill tech staff,3,0,2
5061478,0.0,C,M,Y,Y,1,324000.0,Working,Higher education,Married,House / apartment,-11296,-3181,High skill tech staff,3,0,2
5061479,0.0,C,M,Y,Y,1,324000.0,Working,Higher education,Married,House / apartment,-11296,-3181,High skill tech staff,3,0,2
5061481,0.0,C,F,N,Y,1,225000.0,Commercial associate,Higher education,Married,House / apartment,-9615,-2266,Managers,3,3,1
5061482,0.0,C,F,N,Y,1,225000.0,Commercial associate,Higher education,Married,House / apartment,-9615,-2266,Managers,3,3,1
5061483,0.0,C,F,N,Y,1,225000.0,Commercial associate,Higher education,Married,House / apartment,-9615,-2266,Managers,3,3,1
5061484,0.0,C,M,Y,Y,3,270000.0,Commercial associate,Higher education,Married,House / apartment,-13964,-836,Drivers,5,0,1
5061485,0.0,C,M,Y,Y,3,270000.0,Commercial associate,Higher education,Married,House / apartment,-13964,-836,Drivers,5,0,1
5061486,0.0,0,M,Y,Y,3,270000.0,Commercial associate,Higher education,Married,House / apartment,-13964,-836,Drivers,5,3,1
5061512,0.0,0,F,N,Y,0,180000.0,Working,Secondary / secondary special,Married,House / apartment,-18767,-1842,Cleaning staff,2,4,0
5061513,0.0,0,F,N,Y,0,180000.0,Working,Secondary / secondary special,Married,House / apartment,-18767,-1842,Cleaning staff,2,4,0
5061514,0.0,X,F,N,Y,0,180000.0,Working,Secondary / secondary special,Married,House / apartment,-18767,-1842,Cleaning staff,2,4,0
5061517,0.0,C,F,N,Y,0,180000.0,Working,Secondary / secondary special,Married,House / apartment,-18767,-1842,Cleaning staff,2,2,0
5061518,0.0,0,F,N,Y,0,180000.0,Working,Secondary / secondary special,Married,House / apartment,-18767,-1842,Cleaning staff,2,4,0
5061519,0.0,X,F,N,Y,0,180000.0,Working,Secondary / secondary special,Married,House / apartment,-18767,-1842,Cleaning staff,2,4,0
5061520,0.0,X,F,N,Y,0,180000.0,Working,Secondary / secondary special,Married,House / apartment,-18767,-1842,Cleaning staff,2,4,0
5061521,0.0,C,F,N,Y,0,180000.0,Working,Secondary / secondary special,Married,House / apartment,-18767,-1842,Cleaning staff,2,2,0
5061522,0.0,C,F,N,Y,0,180000.0,Working,Secondary / secondary special,Married,House / apartment,-18767,-1842,Cleaning staff,2,2,0
5061523,0.0,0,F,N,Y,0,180000.0,Working,Secondary / secondary special,Married,House / apartment,-18767,-1842,Cleaning staff,2,4,0
5061557,0.0,C,F,N,Y,0,202500.0,Working,Secondary / secondary special,Married,House / apartment,-15047,-1720,Laborers,2,2,0
5061558,0.0,C,F,N,Y,0,202500.0,Working,Secondary / secondary special,Married,House / apartment,-15047,-1720,Laborers,2,2,0
5061559,0.0,C,F,N,Y,0,202500.0,Working,Secondary / secondary special,Married,House / apartment,-15047,-1720,Laborers,2,2,0
5061569,0.0,X,F,N,N,0,189000.0,Working,Secondary / secondary special,Married,Municipal apartment,-18452,-137,Laborers,2,4,0
5061570,0.0,0,F,N,N,0,189000.0,Working,Secondary / secondary special,Married,Municipal apartment,-18452,-137,Laborers,2,4,0
5061571,0.0,C,F,N,N,0,189000.0,Working,Secondary / secondary special,Married,Municipal apartment,-18452,-137,Laborers,2,2,0
5061572,0.0,C,F,N,N,0,189000.0,Working,Secondary / secondary special,Married,Municipal apartment,-18452,-137,Laborers,2,2,0
5061578,0.0,C,F,N,Y,0,495000.0,Commercial associate,Higher education,Married,House / apartment,-19682,-3880,Managers,2,3,2
5061579,0.0,X,F,N,Y,0,495000.0,Commercial associate,Higher education,Married,House / apartment,-19682,-3880,Managers,2,3,2
5061580,0.0,0,F,N,Y,0,495000.0,Commercial associate,Higher education,Married,House / apartment,-19682,-3880,Managers,2,3,2
5061581,0.0,X,F,N,Y,0,495000.0,Commercial associate,Higher education,Married,House / apartment,-19682,-3880,Managers,2,3,2
5061582,0.0,C,F,N,Y,0,495000.0,Commercial associate,Higher education,Married,House / apartment,-19682,-3880,Managers,2,3,2
5061593,0.0,X,F,Y,Y,2,175500.0,State servant,Secondary / secondary special,Married,House / apartment,-18676,-532,Core staff,4,1,1
5061594,0.0,0,F,Y,Y,2,175500.0,State servant,Secondary / secondary special,Married,House / apartment,-18676,-532,Core staff,4,1,1
5061595,0.0,0,F,Y,Y,2,175500.0,State servant,Secondary / secondary special,Married,House / apartment,-18676,-532,Core staff,4,1,1
5061596,0.0,C,F,Y,Y,2,175500.0,State servant,Secondary / secondary special,Married,House / apartment,-18676,-532,Core staff,4,0,1
5061598,0.0,C,F,N,Y,0,62653.5,Working,Secondary / secondary special,Separated,House / apartment,-19658,-320,Sales staff,1,4,0
5061599,0.0,C,F,N,Y,0,62653.5,Working,Secondary / secondary special,Separated,House / apartment,-19658,-320,Sales staff,1,4,0
5061601,0.0,0,F,N,Y,0,62653.5,Working,Secondary / secondary special,Separated,House / apartment,-19658,-320,Sales staff,1,4,0
5061602,0.0,0,F,N,Y,0,62653.5,Working,Secondary / secondary special,Separated,House / apartment,-19658,-320,Sales staff,1,4,0
5061607,0.0,C,M,Y,Y,1,225000.0,Working,Secondary / secondary special,Married,House / apartment,-11378,-867,Drivers,3,2,1
5061608,0.0,0,M,Y,Y,1,225000.0,Working,Secondary / secondary special,Married,House / apartment,-11378,-867,Drivers,3,2,1
5061609,0.0,X,M,Y,Y,1,225000.0,Working,Secondary / secondary special,Married,House / apartment,-11378,-867,Drivers,3,2,1
5061610,0.0,X,M,Y,Y,1,225000.0,Working,Secondary / secondary special,Married,House / apartment,-11378,-867,Drivers,3,2,1
5061611,0.0,C,M,Y,Y,1,225000.0,Working,Secondary / secondary special,Married,House / apartment,-11378,-867,Drivers,3,2,1
5061612,0.0,C,M,Y,Y,1,225000.0,Working,Secondary / secondary special,Married,House / apartment,-11378,-867,Drivers,3,2,1
5061613,0.0,C,M,Y,Y,1,225000.0,Working,Secondary / secondary special,Married,House / apartment,-11378,-867,Drivers,3,2,1
5061614,0.0,C,M,Y,Y,1,225000.0,Working,Secondary / secondary special,Married,House / apartment,-11378,-867,Drivers,3,2,1
5061615,0.0,C,M,Y,Y,1,225000.0,Working,Secondary / secondary special,Married,House / apartment,-11378,-867,Drivers,3,2,1
5061618,0.0,0,M,Y,Y,0,427500.0,State servant,Incomplete higher,Single / not married,Rented apartment,-11943,-3150,High skill tech staff,1,1,2
5061619,0.0,C,M,Y,Y,0,427500.0,State servant,Incomplete higher,Single / not married,Rented apartment,-11943,-3150,High skill tech staff,1,0,2
5061620,0.0,0,M,Y,Y,0,427500.0,State servant,Incomplete higher,Single / not married,Rented apartment,-11943,-3150,High skill tech staff,1,1,2
5061621,0.0,C,M,Y,Y,0,427500.0,State servant,Incomplete higher,Single / not married,Rented apartment,-11943,-3150,High skill tech staff,1,0,2
5061622,0.0,C,M,Y,Y,0,427500.0,State servant,Incomplete higher,Single / not married,Rented apartment,-11943,-3150,High skill tech staff,1,0,2
5061623,0.0,C,F,Y,Y,0,112500.0,Working,Secondary / secondary special,Single / not married,With parents,-9181,-320,Medicine staff,1,2,0
5061624,0.0,C,F,Y,Y,0,112500.0,Working,Secondary / secondary special,Single / not married,With parents,-9181,-320,Medicine staff,1,2,0
5061625,0.0,X,F,Y,Y,0,112500.0,Working,Secondary / secondary special,Single / not married,With parents,-9181,-320,Medicine staff,1,4,0
5061646,0.0,C,M,N,Y,1,157500.0,State servant,Incomplete higher,Married,House / apartment,-8948,-1751,Core staff,3,0,1
5061647,0.0,C,M,N,Y,1,157500.0,State servant,Incomplete higher,Married,House / apartment,-8948,-1751,Core staff,3,0,1
5061648,0.0,C,M,N,Y,1,157500.0,State servant,Incomplete higher,Married,House / apartment,-8948,-1751,Core staff,3,0,1
5061649,0.0,C,M,N,Y,1,157500.0,State servant,Incomplete higher,Married,House / apartment,-8948,-1751,Core staff,3,0,1
5061650,0.0,1,M,N,Y,1,157500.0,State servant,Incomplete higher,Married,House / apartment,-8948,-1751,Core staff,3,1,0
5061651,0.0,X,M,N,Y,1,157500.0,State servant,Incomplete higher,Married,House / apartment,-8948,-1751,Core staff,3,1,1
5061652,0.0,C,M,N,Y,1,157500.0,State servant,Incomplete higher,Married,House / apartment,-8948,-1751,Core staff,3,0,1
5061653,0.0,X,M,Y,Y,0,135000.0,Working,Secondary / secondary special,Married,House / apartment,-16859,-1659,Drivers,2,2,0
5061654,0.0,0,M,Y,Y,0,135000.0,Working,Secondary / secondary special,Married,House / apartment,-16859,-1659,Drivers,2,2,0
5061688,0.0,C,F,N,Y,1,67500.0,Commercial associate,Higher education,Married,House / apartment,-9122,-1567,Waiters/barmen staff,3,3,1
5061689,0.0,X,F,N,Y,1,67500.0,Commercial associate,Higher education,Married,House / apartment,-9122,-1567,Waiters/barmen staff,3,3,1
5061690,0.0,0,F,N,Y,1,67500.0,Commercial associate,Higher education,Married,House / apartment,-9122,-1567,Waiters/barmen staff,3,3,1
5061692,0.0,0,F,N,Y,1,67500.0,Commercial associate,Higher education,Married,House / apartment,-9122,-1567,Waiters/barmen staff,3,3,1
5061694,0.0,C,M,N,Y,0,157500.0,Commercial associate,Incomplete higher,Separated,House / apartment,-13463,-1993,Security staff,1,3,0
5061695,0.0,C,M,N,Y,0,157500.0,Commercial associate,Incomplete higher,Separated,House / apartment,-13463,-1993,Security staff,1,3,0
5061696,0.0,C,M,N,Y,0,157500.0,Commercial associate,Incomplete higher,Separated,House / apartment,-13463,-1993,Security staff,1,3,0
5061697,0.0,C,M,N,Y,0,157500.0,Commercial associate,Incomplete higher,Separated,House / apartment,-13463,-1993,Security staff,1,3,0
5061698,0.0,X,F,Y,Y,0,135000.0,Commercial associate,Secondary / secondary special,Married,House / apartment,-17840,-1993,High skill tech staff,2,1,0
5061699,0.0,C,F,Y,Y,0,135000.0,Commercial associate,Secondary / secondary special,Married,House / apartment,-17840,-1993,High skill tech staff,2,0,0
5061700,0.0,C,F,Y,Y,0,135000.0,Commercial associate,Secondary / secondary special,Married,House / apartment,-17840,-1993,High skill tech staff,2,0,0
5061701,0.0,C,F,Y,Y,0,135000.0,Commercial associate,Secondary / secondary special,Married,House / apartment,-17840,-1993,High skill tech staff,2,0,0
5061702,0.0,C,F,Y,Y,0,135000.0,Commercial associate,Secondary / secondary special,Married,House / apartment,-17840,-1993,High skill tech staff,2,0,0
5061703,0.0,0,F,Y,Y,0,135000.0,Commercial associate,Secondary / secondary special,Married,House / apartment,-17840,-1993,High skill tech staff,2,1,0
5061704,0.0,0,F,Y,Y,0,135000.0,Commercial associate,Secondary / secondary special,Married,House / apartment,-17840,-1993,High skill tech staff,2,1,0
5061705,0.0,X,F,Y,Y,0,135000.0,Commercial associate,Secondary / secondary special,Married,House / apartment,-17840,-1993,High skill tech staff,2,1,0
5061706,0.0,C,F,Y,Y,0,135000.0,Commercial associate,Secondary / secondary special,Married,House / apartment,-17840,-1993,High skill tech staff,2,0,0
5061707,0.0,C,F,Y,Y,0,135000.0,Commercial associate,Secondary / secondary special,Married,House / apartment,-17840,-1993,High skill tech staff,2,0,0
5061755,0.0,C,F,Y,N,1,135000.0,Working,Higher education,Married,Rented apartment,-11262,-563,Accountants,3,0,1
5061758,0.0,0,F,Y,N,1,135000.0,Working,Higher education,Married,Rented apartment,-11262,-563,Accountants,3,1,1
5061759,0.0,0,F,Y,N,1,135000.0,Working,Higher education,Married,Rented apartment,-11262,-563,Accountants,3,1,1
5061761,0.0,X,F,Y,N,1,135000.0,Working,Higher education,Married,Rented apartment,-11262,-563,Accountants,3,0,1
5061762,0.0,C,F,Y,N,1,135000.0,Working,Higher education,Married,Rented apartment,-11262,-563,Accountants,3,0,1
5061767,0.0,C,M,N,Y,0,225000.0,Commercial associate,Higher education,Married,House / apartment,-22085,-2785,Security staff,2,3,0
5061768,0.0,X,M,N,Y,0,225000.0,Commercial associate,Higher education,Married,House / apartment,-22085,-2785,Security staff,2,3,0
5061769,0.0,0,M,N,Y,0,225000.0,Commercial associate,Higher education,Married,House / apartment,-22085,-2785,Security staff,2,3,0
5061770,0.0,C,M,N,Y,0,225000.0,Commercial associate,Higher education,Married,House / apartment,-22085,-2785,Security staff,2,3,0
5061784,0.0,C,M,N,Y,1,135000.0,Working,Secondary / secondary special,Married,House / apartment,-14185,-958,Laborers,3,2,1
5061785,0.0,X,M,N,Y,1,135000.0,Working,Secondary / secondary special,Married,House / apartment,-14185,-958,Laborers,3,2,1
5061786,0.0,C,M,N,Y,1,135000.0,Working,Secondary / secondary special,Married,House / apartment,-14185,-958,Laborers,3,2,1
5061787,0.0,0,M,N,Y,1,135000.0,Working,Secondary / secondary special,Married,House / apartment,-14185,-958,Laborers,3,4,1
5061788,0.0,0,M,N,Y,1,135000.0,Working,Secondary / secondary special,Married,House / apartment,-14185,-958,Laborers,3,4,1
5061793,0.0,C,M,N,Y,0,112500.0,Commercial associate,Secondary / secondary special,Single / not married,House / apartment,-10594,-2116,Security staff,1,1,0
5061794,0.0,X,M,N,Y,0,112500.0,Commercial associate,Secondary / secondary special,Single / not married,House / apartment,-10594,-2116,Security staff,1,1,0
5061795,0.0,C,M,N,Y,0,112500.0,Commercial associate,Secondary / secondary special,Single / not married,House / apartment,-10594,-2116,Security staff,1,1,0
5061796,0.0,C,F,N,Y,0,225000.0,Commercial associate,Secondary / secondary special,Widow,House / apartment,-20924,-1050,Cleaning staff,1,1,0
5061797,0.0,C,F,N,Y,0,225000.0,Commercial associate,Secondary / secondary special,Widow,House / apartment,-20924,-1050,Cleaning staff,1,1,0
5061798,0.0,C,F,N,Y,0,225000.0,Commercial associate,Secondary / secondary special,Widow,House / apartment,-20924,-1050,Cleaning staff,1,1,0
5061799,0.0,C,F,N,Y,0,225000.0,Commercial associate,Secondary / secondary special,Widow,House / apartment,-20924,-1050,Cleaning staff,1,1,0
5061800,0.0,C,F,N,Y,0,225000.0,Commercial associate,Secondary / secondary special,Widow,House / apartment,-20924,-1050,Cleaning staff,1,1,0
5061801,0.0,0,F,N,Y,0,225000.0,Commercial associate,Secondary / secondary special,Widow,House / apartment,-20924,-1050,Cleaning staff,1,1,0
5061802,0.0,0,F,N,Y,0,225000.0,Commercial associate,Secondary / secondary special,Widow,House / apartment,-20924,-1050,Cleaning staff,1,1,0
5061803,0.0,0,F,N,Y,0,225000.0,Commercial associate,Secondary / secondary special,Widow,House / apartment,-20924,-1050,Cleaning staff,1,1,0
5061804,0.0,0,F,N,Y,0,225000.0,Commercial associate,Secondary / secondary special,Widow,House / apartment,-20924,-1050,Cleaning staff,1,1,0
5061807,0.0,X,F,N,Y,0,225000.0,Commercial associate,Secondary / secondary special,Widow,House / apartment,-20924,-1050,Cleaning staff,1,1,0
5061808,0.0,C,F,N,Y,0,225000.0,Commercial associate,Secondary / secondary special,Widow,House / apartment,-20924,-1050,Cleaning staff,1,1,0
5061809,0.0,C,F,N,Y,0,225000.0,Commercial associate,Secondary / secondary special,Widow,House / apartment,-20924,-1050,Cleaning staff,1,1,0
5061810,0.0,C,F,N,Y,0,225000.0,Commercial associate,Secondary / secondary special,Widow,House / apartment,-20924,-1050,Cleaning staff,1,1,0
5061812,0.0,C,F,N,Y,0,112500.0,Working,Incomplete higher,Single / not married,Rented apartment,-8347,-1598,Laborers,1,2,0
5061816,0.0,0,F,N,Y,0,112500.0,Working,Incomplete higher,Single / not married,Rented apartment,-8347,-1598,Laborers,1,4,0
5061817,0.0,0,F,N,Y,0,112500.0,Working,Incomplete higher,Single / not married,Rented apartment,-8347,-1598,Laborers,1,4,0
5061821,0.0,X,F,N,Y,0,112500.0,Working,Incomplete higher,Single / not married,Rented apartment,-8347,-1598,Laborers,1,1,0
5061822,0.0,0,F,N,Y,0,112500.0,Working,Incomplete higher,Single / not married,Rented apartment,-8347,-1598,Laborers,1,4,0
5061823,0.0,0,F,N,Y,0,112500.0,Working,Incomplete higher,Single / not married,Rented apartment,-8347,-1598,Laborers,1,4,0
5061824,0.0,0,F,N,Y,0,112500.0,Working,Incomplete higher,Single / not married,Rented apartment,-8347,-1598,Laborers,1,4,0
5061835,0.0,C,M,Y,Y,0,180000.0,State servant,Lower secondary,Married,House / apartment,-16352,-3972,Laborers,2,0,0
5061842,0.0,C,M,Y,Y,0,112500.0,Commercial associate,Secondary / secondary special,Married,House / apartment,-21438,-471,Drivers,2,0,0
5061850,0.0,X,F,N,Y,1,112500.0,Working,Secondary / secondary special,Married,House / apartment,-12590,-928,High skill tech staff,3,4,1
5061856,0.0,0,F,N,Y,0,112500.0,Working,Secondary / secondary special,Single / not married,House / apartment,-8955,-1171,Sales staff,1,4,0
5061857,0.0,0,F,N,Y,0,112500.0,Working,Secondary / secondary special,Single / not married,House / apartment,-8955,-1171,Sales staff,1,4,0
5061858,0.0,C,F,N,Y,0,112500.0,Working,Secondary / secondary special,Single / not married,House / apartment,-8955,-1171,Sales staff,1,4,0
5061859,0.0,0,F,N,Y,0,112500.0,Working,Secondary / secondary special,Single / not married,House / apartment,-8955,-1171,Sales staff,1,4,0
5061860,0.0,C,M,N,N,0,54000.0,Working,Secondary / secondary special,Married,House / apartment,-11265,-1628,Core staff,2,2,0
5061861,0.0,1,M,N,Y,1,180000.0,Commercial associate,Secondary / secondary special,Married,House / apartment,-10436,-1020,Laborers,3,1,0
5061862,0.0,C,M,N,Y,1,180000.0,Commercial associate,Secondary / secondary special,Married,House / apartment,-10436,-1020,Laborers,3,2,1
5061870,0.0,0,M,N,Y,0,157500.0,Working,Secondary / secondary special,Single / not married,House / apartment,-11264,-563,Drivers,1,4,0
5061871,0.0,0,M,N,Y,0,157500.0,Working,Secondary / secondary special,Single / not married,House / apartment,-11264,-563,Drivers,1,4,0
5061872,0.0,C,M,N,Y,0,157500.0,Working,Secondary / secondary special,Single / not married,House / apartment,-11264,-563,Drivers,1,2,0
5061880,0.0,X,F,N,Y,0,292500.0,Commercial associate,Higher education,Married,House / apartment,-18942,-4854,Sales staff,2,3,2
5061883,0.0,X,F,N,Y,0,292500.0,Commercial associate,Higher education,Married,House / apartment,-18942,-4854,Sales staff,2,3,2
5061885,0.0,X,F,N,Y,0,292500.0,Commercial associate,Higher education,Married,House / apartment,-18942,-4854,Sales staff,2,3,2
5061887,0.0,C,F,N,Y,0,292500.0,Commercial associate,Higher education,Married,House / apartment,-18942,-4854,Sales staff,2,3,2
5061888,0.0,C,F,N,Y,0,292500.0,Commercial associate,Higher education,Married,House / apartment,-18942,-4854,Sales staff,2,3,2
5061889,0.0,C,F,N,Y,0,292500.0,Commercial associate,Higher education,Married,House / apartment,-18942,-4854,Sales staff,2,3,2
5061890,0.0,C,F,N,Y,0,292500.0,Commercial associate,Higher education,Married,House / apartment,-18942,-4854,Sales staff,2,3,2
5061891,0.0,C,F,N,Y,0,292500.0,Commercial associate,Higher education,Married,House / apartment,-18942,-4854,Sales staff,2,3,2
5061892,0.0,C,F,N,Y,0,292500.0,Commercial associate,Higher education,Married,House / apartment,-18942,-4854,Sales staff,2,3,2
5061893,0.0,C,F,N,Y,0,292500.0,Commercial associate,Higher education,Married,House / apartment,-18942,-4854,Sales staff,2,3,2
5061896,0.0,X,M,N,Y,1,292500.0,State servant,Higher education,Married,House / apartment,-16833,-3515,Core staff,3,3,2
5061897,0.0,X,M,N,Y,1,292500.0,State servant,Higher education,Married,House / apartment,-16833,-3515,Core staff,3,3,2
5061898,0.0,0,M,N,Y,1,292500.0,State servant,Higher education,Married,House / apartment,-16833,-3515,Core staff,3,3,2
5061899,0.0,0,M,N,Y,1,292500.0,State servant,Higher education,Married,House / apartment,-16833,-3515,Core staff,3,3,2
5061900,0.0,0,M,N,Y,1,292500.0,State servant,Higher education,Married,House / apartment,-16833,-3515,Core staff,3,3,2
5061901,0.0,C,M,N,Y,1,292500.0,State servant,Higher education,Married,House / apartment,-16833,-3515,Core staff,3,0,2
5061906,0.0,X,F,N,Y,0,81000.0,Working,Secondary / secondary special,Married,House / apartment,-16940,-563,Laborers,2,4,0
5061907,0.0,X,F,N,Y,0,81000.0,Working,Secondary / secondary special,Married,House / apartment,-16940,-563,Laborers,2,4,0
5061908,0.0,C,F,N,Y,0,81000.0,Working,Secondary / secondary special,Married,House / apartment,-16940,-563,Laborers,2,2,0
5061909,0.0,C,F,N,Y,0,81000.0,Working,Secondary / secondary special,Married,House / apartment,-16940,-563,Laborers,2,2,0
5061910,0.0,X,F,N,Y,0,81000.0,Working,Secondary / secondary special,Married,House / apartment,-16940,-563,Laborers,2,4,0
5061911,0.0,C,F,N,Y,0,81000.0,Working,Secondary / secondary special,Married,House / apartment,-16940,-563,Laborers,2,2,0
5061912,0.0,C,F,N,Y,0,81000.0,Working,Secondary / secondary special,Married,House / apartment,-16940,-563,Laborers,2,2,0
5061939,0.0,C,F,N,Y,1,270000.0,Working,Secondary / secondary special,Married,House / apartment,-15608,-2755,Laborers,3,2,1
5061940,0.0,C,F,N,Y,1,270000.0,Working,Secondary / secondary special,Married,House / apartment,-15608,-2755,Laborers,3,2,1
5061941,0.0,C,F,N,Y,1,270000.0,Working,Secondary / secondary special,Married,House / apartment,-15608,-2755,Laborers,3,2,1
5061942,0.0,C,F,N,Y,1,270000.0,Working,Secondary / secondary special,Married,House / apartment,-15608,-2755,Laborers,3,2,1
5061948,0.0,C,F,N,N,0,270000.0,Working,Secondary / secondary special,Married,House / apartment,-13561,-1294,Laborers,2,2,0
5061949,0.0,0,F,N,N,0,270000.0,Working,Secondary / secondary special,Married,House / apartment,-13561,-1294,Laborers,2,4,0
5061950,0.0,X,M,Y,N,0,135000.0,Working,Secondary / secondary special,Single / not married,Municipal apartment,-12099,-1567,Laborers,1,4,0
5061951,0.0,X,M,Y,N,0,135000.0,Working,Secondary / secondary special,Single / not married,Municipal apartment,-12099,-1567,Laborers,1,4,0
5061952,0.0,0,M,Y,N,0,135000.0,Working,Secondary / secondary special,Single / not married,Municipal apartment,-12099,-1567,Laborers,1,4,0
5061953,0.0,X,M,Y,N,0,135000.0,Working,Secondary / secondary special,Single / not married,Municipal apartment,-12099,-1567,Laborers,1,4,0
5061954,0.0,C,M,Y,N,0,135000.0,Working,Secondary / secondary special,Single / not married,Municipal apartment,-12099,-1567,Laborers,1,2,0
5061955,0.0,C,F,N,N,0,90000.0,State servant,Higher education,Married,Rented apartment,-15859,-1536,Core staff,2,3,0
5061956,0.0,C,F,N,N,0,90000.0,State servant,Higher education,Married,Rented apartment,-15859,-1536,Core staff,2,3,0
5061957,0.0,C,F,N,N,0,90000.0,State servant,Higher education,Married,Rented apartment,-15859,-1536,Core staff,2,3,0
5061958,0.0,0,F,N,N,0,90000.0,State servant,Higher education,Married,Rented apartment,-15859,-1536,Core staff,2,3,0
5061959,0.0,0,F,N,N,0,90000.0,State servant,Higher education,Married,Rented apartment,-15859,-1536,Core staff,2,3,0
5061960,0.0,C,F,N,N,0,90000.0,State servant,Higher education,Married,Rented apartment,-15859,-1536,Core staff,2,3,0
5061961,0.0,C,F,N,N,0,162000.0,Commercial associate,Higher education,Married,Rented apartment,-9106,-532,Accountants,2,3,0
5061962,0.0,C,F,N,N,0,162000.0,Commercial associate,Higher education,Married,Rented apartment,-9106,-532,Accountants,2,3,0
5061963,0.0,C,F,N,N,0,162000.0,Commercial associate,Higher education,Married,Rented apartment,-9106,-532,Accountants,2,3,0
5061965,0.0,C,F,N,Y,0,225000.0,Commercial associate,Secondary / secondary special,Married,House / apartment,-22897,-1812,Managers,2,1,0
5061966,0.0,C,F,N,Y,0,225000.0,Commercial associate,Secondary / secondary special,Married,House / apartment,-22897,-1812,Managers,2,1,0
5061967,0.0,X,F,N,Y,0,225000.0,Commercial associate,Secondary / secondary special,Married,House / apartment,-22897,-1812,Managers,2,1,0
5061968,0.0,X,F,N,Y,0,225000.0,Commercial associate,Secondary / secondary special,Married,House / apartment,-22897,-1812,Managers,2,1,0
5061970,0.0,C,F,N,Y,0,225000.0,Commercial associate,Secondary / secondary special,Married,House / apartment,-22897,-1812,Managers,2,1,0
5061972,0.0,C,F,N,Y,0,225000.0,Commercial associate,Secondary / secondary special,Married,House / apartment,-22897,-1812,Managers,2,1,0
5061973,0.0,C,F,N,Y,0,135000.0,Working,Higher education,Married,House / apartment,-13299,-1628,Laborers,2,0,0
5061974,0.0,C,F,N,Y,0,135000.0,Working,Higher education,Married,House / apartment,-13299,-1628,Laborers,2,0,0
5061975,0.0,C,F,N,Y,0,135000.0,Working,Higher education,Married,House / apartment,-13299,-1628,Laborers,2,0,0
5061976,0.0,C,F,N,Y,0,135000.0,Working,Higher education,Married,House / apartment,-13299,-1628,Laborers,2,0,0
5061977,0.0,C,F,N,Y,0,135000.0,Working,Higher education,Married,House / apartment,-13299,-1628,Laborers,2,0,0
5061978,0.0,C,F,N,Y,0,135000.0,Working,Higher education,Married,House / apartment,-13299,-1628,Laborers,2,0,0
5061979,0.0,C,F,N,Y,0,135000.0,Working,Higher education,Married,House / apartment,-13299,-1628,Laborers,2,0,0
5061980,0.0,0,F,N,Y,0,135000.0,Working,Higher education,Married,House / apartment,-13299,-1628,Laborers,2,1,0
5061981,0.0,0,F,N,Y,0,135000.0,Working,Higher education,Married,House / apartment,-13299,-1628,Laborers,2,1,0
5061982,0.0,C,F,N,Y,0,135000.0,Working,Higher education,Married,House / apartment,-13299,-1628,Laborers,2,0,0
5061983,0.0,C,F,N,Y,0,135000.0,Working,Higher education,Married,House / apartment,-13299,-1628,Laborers,2,0,0
5061984,0.0,C,F,N,Y,0,135000.0,Working,Higher education,Married,House / apartment,-13299,-1628,Laborers,2,0,0
5061985,0.0,C,F,N,Y,0,135000.0,Working,Higher education,Married,House / apartment,-13299,-1628,Laborers,2,0,0
5061986,0.0,C,F,N,Y,0,135000.0,Working,Higher education,Married,House / apartment,-13299,-1628,Laborers,2,0,0
5061987,0.0,C,F,N,Y,0,135000.0,Working,Higher education,Married,House / apartment,-13299,-1628,Laborers,2,0,0
5061988,0.0,0,F,N,Y,0,135000.0,Working,Higher education,Married,House / apartment,-13299,-1628,Laborers,2,1,0
5061989,0.0,X,F,N,Y,0,135000.0,Working,Higher education,Married,House / apartment,-13299,-1628,Laborers,2,1,0
5061990,0.0,0,F,N,Y,0,135000.0,Working,Higher education,Married,House / apartment,-13299,-1628,Laborers,2,1,0
5061999,0.0,0,M,N,Y,0,216000.0,State servant,Secondary / secondary special,Single / not married,House / apartment,-14298,-2207,Core staff,1,1,0
5062000,0.0,0,M,N,Y,0,216000.0,State servant,Secondary / secondary special,Single / not married,House / apartment,-14298,-2207,Core staff,1,1,0
5062001,0.0,X,M,N,Y,0,216000.0,State servant,Secondary / secondary special,Single / not married,House / apartment,-14298,-2207,Core staff,1,1,0
5062029,0.0,0,F,N,Y,0,157500.0,Working,Higher education,Married,House / apartment,-16767,-6195,Accountants,2,1,0
5062030,0.0,0,F,N,Y,0,157500.0,Working,Higher education,Married,House / apartment,-16767,-6195,Accountants,2,1,0
5062043,0.0,C,F,N,Y,0,225000.0,Working,Secondary / secondary special,Separated,With parents,-14805,-1812,Sales staff,1,4,0
5062044,0.0,C,F,N,Y,0,225000.0,Working,Secondary / secondary special,Separated,With parents,-14805,-1812,Sales staff,1,4,0
5062045,0.0,X,F,N,Y,1,315000.0,Commercial associate,Secondary / secondary special,Separated,Municipal apartment,-18794,-1842,Cleaning staff,2,1,2
5062051,0.0,C,F,N,Y,1,315000.0,Commercial associate,Secondary / secondary special,Separated,Municipal apartment,-18794,-1842,Cleaning staff,2,1,2
5062052,0.0,X,F,N,Y,1,315000.0,Commercial associate,Secondary / secondary special,Separated,Municipal apartment,-18794,-1842,Cleaning staff,2,1,2
5062056,0.0,X,F,N,Y,1,315000.0,Commercial associate,Secondary / secondary special,Separated,Municipal apartment,-18794,-1842,Cleaning staff,2,1,2
5062057,0.0,0,F,N,Y,1,315000.0,Commercial associate,Secondary / secondary special,Separated,Municipal apartment,-18794,-1842,Cleaning staff,2,1,2
5062058,0.0,0,F,N,Y,1,315000.0,Commercial associate,Secondary / secondary special,Separated,Municipal apartment,-18794,-1842,Cleaning staff,2,1,2
5062059,0.0,C,F,N,Y,1,315000.0,Commercial associate,Secondary / secondary special,Separated,Municipal apartment,-18794,-1842,Cleaning staff,2,1,2
5062060,0.0,C,F,N,Y,1,315000.0,Commercial associate,Secondary / secondary special,Separated,Municipal apartment,-18794,-1842,Cleaning staff,2,1,2
5062062,0.0,0,F,N,Y,1,157500.0,Working,Secondary / secondary special,Widow,House / apartment,-17985,-1812,Sales staff,2,4,0
5062063,0.0,C,F,N,Y,1,112500.0,Working,Secondary / secondary special,Married,House / apartment,-12847,-1111,Sales staff,3,2,1
5062064,0.0,C,F,N,Y,1,112500.0,Working,Secondary / secondary special,Married,House / apartment,-12847,-1111,Sales staff,3,2,1
5062065,0.0,0,F,N,Y,1,112500.0,Working,Secondary / secondary special,Married,House / apartment,-12847,-1111,Sales staff,3,4,1
5062066,0.0,C,F,N,Y,1,112500.0,Working,Secondary / secondary special,Married,House / apartment,-12847,-1111,Sales staff,3,2,1
5062074,0.0,X,F,N,Y,0,135000.0,Working,Secondary / secondary special,Civil marriage,House / apartment,-17758,-2054,Laborers,2,4,0
5062077,0.0,0,M,Y,N,0,315000.0,Commercial associate,Higher education,Married,House / apartment,-13495,-259,Sales staff,2,3,2
5062078,0.0,C,M,Y,N,0,315000.0,Commercial associate,Higher education,Married,House / apartment,-13495,-259,Sales staff,2,0,2
5062079,0.0,0,F,N,Y,0,112500.0,Working,Secondary / secondary special,Married,House / apartment,-10535,-3819,Laborers,2,4,0
5062080,0.0,C,F,N,Y,0,112500.0,Working,Secondary / secondary special,Married,House / apartment,-10535,-3819,Laborers,2,2,0
5062081,0.0,C,F,N,Y,0,112500.0,Working,Secondary / secondary special,Married,House / apartment,-10535,-3819,Laborers,2,2,0
5062082,0.0,0,F,N,Y,0,112500.0,Working,Secondary / secondary special,Married,House / apartment,-10535,-3819,Laborers,2,4,0
5062083,0.0,X,F,N,Y,0,112500.0,Working,Secondary / secondary special,Married,House / apartment,-10535,-3819,Laborers,2,4,0
5062084,0.0,C,F,N,Y,0,112500.0,Working,Secondary / secondary special,Married,House / apartment,-10535,-3819,Laborers,2,2,0
5062085,0.0,C,M,N,Y,0,234000.0,Commercial associate,Higher education,Married,House / apartment,-14064,-1111,Sales staff,2,3,0
5062086,0.0,X,M,N,Y,0,607500.0,Commercial associate,Secondary / secondary special,Married,House / apartment,-19435,-1416,Managers,2,1,2
5062087,0.0,0,M,N,Y,0,607500.0,Commercial associate,Secondary / secondary special,Married,House / apartment,-19435,-1416,Managers,2,1,2
5062088,0.0,0,M,N,Y,0,607500.0,Commercial associate,Secondary / secondary special,Married,House / apartment,-19435,-1416,Managers,2,1,2
5062089,0.0,X,M,N,Y,0,607500.0,Commercial associate,Secondary / secondary special,Married,House / apartment,-19435,-1416,Managers,2,1,2
5062090,0.0,X,M,N,Y,0,607500.0,Commercial associate,Secondary / secondary special,Married,House / apartment,-19435,-1416,Managers,2,1,2
5062091,0.0,X,M,N,Y,0,607500.0,Commercial associate,Secondary / secondary special,Married,House / apartment,-19435,-1416,Managers,2,1,2
5062092,0.0,C,M,Y,N,0,180000.0,Working,Secondary / secondary special,Single / not married,House / apartment,-10171,-1812,High skill tech staff,1,2,0
5062093,0.0,0,M,Y,N,0,180000.0,Working,Secondary / secondary special,Single / not married,House / apartment,-10171,-1812,High skill tech staff,1,4,0
5062094,0.0,X,M,Y,N,0,180000.0,Working,Secondary / secondary special,Single / not married,House / apartment,-10171,-1812,High skill tech staff,1,4,0
5062095,0.0,X,M,Y,N,0,180000.0,Working,Secondary / secondary special,Single / not married,House / apartment,-10171,-1812,High skill tech staff,1,4,0
5062096,0.0,C,M,Y,Y,0,67500.0,Working,Secondary / secondary special,Married,House / apartment,-19011,-3273,Drivers,2,2,0
5062098,0.0,C,M,Y,Y,0,135000.0,Commercial associate,Secondary / secondary special,Married,House / apartment,-19008,-3607,Managers,2,0,0
5062100,0.0,C,M,Y,Y,0,135000.0,Commercial associate,Secondary / secondary special,Married,House / apartment,-19008,-3607,Managers,2,0,0
5062102,0.0,C,M,Y,Y,0,135000.0,Commercial associate,Secondary / secondary special,Married,House / apartment,-19008,-3607,Managers,2,0,0
5062103,0.0,X,M,Y,Y,0,135000.0,Commercial associate,Secondary / secondary special,Married,House / apartment,-19008,-3607,Managers,2,1,0
5062104,0.0,0,M,Y,Y,0,135000.0,Commercial associate,Secondary / secondary special,Married,House / apartment,-19008,-3607,Managers,2,1,0
5062105,0.0,C,M,Y,Y,0,135000.0,Commercial associate,Secondary / secondary special,Married,House / apartment,-19008,-3607,Managers,2,0,0
5062106,0.0,C,M,Y,Y,0,135000.0,Commercial associate,Secondary / secondary special,Married,House / apartment,-19008,-3607,Managers,2,0,0
5062107,0.0,C,M,Y,Y,0,135000.0,Commercial associate,Secondary / secondary special,Married,House / apartment,-19008,-3607,Managers,2,0,0
5062113,0.0,C,M,Y,Y,0,310500.0,Working,Secondary / secondary special,Married,House / apartment,-17067,-1720,High skill tech staff,2,2,2
5062114,0.0,C,M,Y,Y,0,310500.0,Working,Secondary / secondary special,Married,House / apartment,-17067,-1720,High skill tech staff,2,2,2
5062115,0.0,C,M,Y,Y,0,310500.0,Working,Secondary / secondary special,Married,House / apartment,-17067,-1720,High skill tech staff,2,2,2
5062116,0.0,X,M,Y,Y,0,310500.0,Working,Secondary / secondary special,Married,House / apartment,-17067,-1720,High skill tech staff,2,2,2
5062117,0.0,C,M,Y,Y,0,310500.0,Working,Secondary / secondary special,Married,House / apartment,-17067,-1720,High skill tech staff,2,2,2
5062125,0.0,C,F,N,Y,1,67500.0,Working,Secondary / secondary special,Married,Rented apartment,-14575,-2146,Laborers,3,2,1
5062126,0.0,0,F,N,Y,1,67500.0,Working,Secondary / secondary special,Married,Rented apartment,-14575,-2146,Laborers,3,4,1
5062127,0.0,C,F,N,Y,1,67500.0,Working,Secondary / secondary special,Married,Rented apartment,-14575,-2146,Laborers,3,2,1
5062128,0.0,C,F,N,Y,0,157500.0,Working,Incomplete higher,Married,House / apartment,-10585,-3880,Core staff,2,0,0
5062129,0.0,X,F,N,Y,0,157500.0,Working,Incomplete higher,Married,House / apartment,-10585,-3880,Core staff,2,1,0
5062130,0.0,0,F,N,Y,0,157500.0,Working,Incomplete higher,Married,House / apartment,-10585,-3880,Core staff,2,1,0
5062137,0.0,C,M,N,Y,1,180000.0,Working,Secondary / secondary special,Single / not married,House / apartment,-12947,-137,Laborers,2,2,0
5062138,0.0,0,F,N,Y,0,112500.0,Working,Higher education,Married,House / apartment,-12593,-3942,Core staff,2,1,0
5062139,0.0,X,F,N,Y,0,112500.0,Working,Higher education,Married,House / apartment,-12593,-3942,Core staff,2,1,0
5062149,0.0,0,F,Y,Y,0,202500.0,Working,Higher education,Married,House / apartment,-14237,-958,Sales staff,2,1,0
5062150,0.0,X,F,Y,Y,0,202500.0,Working,Higher education,Married,House / apartment,-14237,-958,Sales staff,2,0,0
5062151,0.0,X,F,Y,Y,0,202500.0,Working,Higher education,Married,House / apartment,-14237,-958,Sales staff,2,0,0
5062153,0.0,0,F,N,Y,0,157500.0,Working,Secondary / secondary special,Married,House / apartment,-13389,-958,Laborers,2,4,0
5062154,0.0,0,F,N,Y,0,157500.0,Working,Secondary / secondary special,Married,House / apartment,-13389,-958,Laborers,2,4,0
5062155,0.0,C,F,N,Y,0,157500.0,Working,Secondary / secondary special,Married,House / apartment,-13389,-958,Laborers,2,2,0
5062156,0.0,C,F,N,Y,0,166500.0,Commercial associate,Higher education,Widow,House / apartment,-20422,-2328,Cleaning staff,1,3,0
5062157,0.0,X,F,N,Y,0,166500.0,Commercial associate,Higher education,Widow,House / apartment,-20422,-2328,Cleaning staff,1,3,0
5062159,0.0,0,F,N,Y,0,166500.0,Commercial associate,Higher education,Widow,House / apartment,-20422,-2328,Cleaning staff,1,3,0
5062160,0.0,X,F,N,Y,0,166500.0,Commercial associate,Higher education,Widow,House / apartment,-20422,-2328,Cleaning staff,1,3,0
5062161,0.0,0,F,N,Y,0,166500.0,Commercial associate,Higher education,Widow,House / apartment,-20422,-2328,Cleaning staff,1,3,0
5062162,0.0,0,F,N,Y,0,166500.0,Commercial associate,Higher education,Widow,House / apartment,-20422,-2328,Cleaning staff,1,3,0
5062173,0.0,C,F,N,Y,2,135000.0,Commercial associate,Secondary / secondary special,Married,House / apartment,-15362,-897,Sales staff,4,1,1
5062174,0.0,X,F,N,Y,2,135000.0,Commercial associate,Secondary / secondary special,Married,House / apartment,-15362,-897,Sales staff,4,1,1
5062175,0.0,0,F,N,Y,2,135000.0,Commercial associate,Secondary / secondary special,Married,House / apartment,-15362,-897,Sales staff,4,1,1
5062176,0.0,C,F,N,Y,2,135000.0,Commercial associate,Secondary / secondary special,Married,House / apartment,-15362,-897,Sales staff,4,1,1
5062177,0.0,X,F,N,Y,2,135000.0,Commercial associate,Secondary / secondary special,Married,House / apartment,-15362,-897,Sales staff,4,1,1
5062178,0.0,X,F,N,Y,2,135000.0,Commercial associate,Secondary / secondary special,Married,House / apartment,-15362,-897,Sales staff,4,1,1
5062181,0.0,C,F,Y,Y,2,144000.0,Working,Higher education,Married,House / apartment,-14291,-532,Accountants,4,0,1
5062182,0.0,C,F,Y,Y,2,144000.0,Working,Higher education,Married,House / apartment,-14291,-532,Accountants,4,0,1
5062183,0.0,C,F,Y,Y,2,144000.0,Working,Higher education,Married,House / apartment,-14291,-532,Accountants,4,0,1
5062184,0.0,C,F,Y,Y,2,144000.0,Working,Higher education,Married,House / apartment,-14291,-532,Accountants,4,0,1
5062185,0.0,C,F,Y,Y,2,144000.0,Working,Higher education,Married,House / apartment,-14291,-532,Accountants,4,0,1
5062186,0.0,C,F,Y,Y,2,144000.0,Working,Higher education,Married,House / apartment,-14291,-532,Accountants,4,0,1
5062187,0.0,C,F,Y,Y,2,144000.0,Working,Higher education,Married,House / apartment,-14291,-532,Accountants,4,0,1
5062188,0.0,C,F,Y,Y,2,144000.0,Working,Higher education,Married,House / apartment,-14291,-532,Accountants,4,0,1
5062189,0.0,0,F,Y,Y,2,144000.0,Working,Higher education,Married,House / apartment,-14291,-532,Accountants,4,1,1
5062190,0.0,C,F,Y,Y,2,144000.0,Working,Higher education,Married,House / apartment,-14291,-532,Accountants,4,0,1
5062212,0.0,C,F,N,Y,2,153000.0,Commercial associate,Higher education,Married,House / apartment,-13283,-1324,Accountants,4,3,1
5062213,0.0,C,F,N,Y,2,153000.0,Commercial associate,Higher education,Married,House / apartment,-13283,-1324,Accountants,4,3,1
5062214,0.0,X,F,N,Y,2,153000.0,Commercial associate,Higher education,Married,House / apartment,-13283,-1324,Accountants,4,3,1
5062215,0.0,C,F,N,Y,2,153000.0,Commercial associate,Higher education,Married,House / apartment,-13283,-1324,Accountants,4,3,1
5062217,0.0,0,F,N,Y,2,153000.0,Commercial associate,Higher education,Married,House / apartment,-13283,-1324,Accountants,4,3,1
5062218,0.0,X,F,N,Y,2,153000.0,Commercial associate,Higher education,Married,House / apartment,-13283,-1324,Accountants,4,3,1
5062219,0.0,C,F,N,Y,2,153000.0,Commercial associate,Higher education,Married,House / apartment,-13283,-1324,Accountants,4,3,1
5062220,0.0,0,F,N,Y,2,135000.0,Commercial associate,Secondary / secondary special,Married,House / apartment,-15726,-106,Medicine staff,4,1,1
5062225,0.0,C,F,N,N,1,157500.0,Working,Secondary / secondary special,Civil marriage,With parents,-11206,-716,Cooking staff,3,4,1
5062226,0.0,C,F,N,N,1,157500.0,Working,Secondary / secondary special,Civil marriage,With parents,-11206,-716,Cooking staff,3,4,1
5062227,0.0,C,F,N,N,1,157500.0,Working,Secondary / secondary special,Civil marriage,With parents,-11206,-716,Cooking staff,3,4,1
5062232,0.0,C,F,Y,N,0,315000.0,Working,Secondary / secondary special,Married,House / apartment,-19441,-4064,Managers,2,2,2
5062233,0.0,C,F,Y,N,0,315000.0,Working,Secondary / secondary special,Married,House / apartment,-19441,-4064,Managers,2,2,2
5062234,0.0,X,F,Y,N,0,315000.0,Working,Secondary / secondary special,Married,House / apartment,-19441,-4064,Managers,2,2,2
5062236,0.0,C,F,Y,N,0,315000.0,Working,Secondary / secondary special,Married,House / apartment,-19441,-4064,Managers,2,2,2
5062237,0.0,C,F,Y,N,0,315000.0,Working,Secondary / secondary special,Married,House / apartment,-19441,-4064,Managers,2,2,2
5062240,0.0,X,F,Y,N,0,315000.0,Working,Secondary / secondary special,Married,House / apartment,-19441,-4064,Managers,2,2,2
5062241,0.0,C,F,Y,N,0,315000.0,Working,Secondary / secondary special,Married,House / apartment,-19441,-4064,Managers,2,2,2
5062242,0.0,C,F,Y,N,0,315000.0,Working,Secondary / secondary special,Married,House / apartment,-19441,-4064,Managers,2,2,2
5062243,0.0,C,F,Y,N,0,315000.0,Working,Secondary / secondary special,Married,House / apartment,-19441,-4064,Managers,2,2,2
5062244,0.0,0,F,Y,N,0,315000.0,Working,Secondary / secondary special,Married,House / apartment,-19441,-4064,Managers,2,4,2
5062245,0.0,0,F,Y,N,0,315000.0,Working,Secondary / secondary special,Married,House / apartment,-19441,-4064,Managers,2,4,2
5062246,0.0,0,F,Y,N,0,315000.0,Working,Secondary / secondary special,Married,House / apartment,-19441,-4064,Managers,2,4,2
5062247,0.0,1,F,Y,N,0,315000.0,Working,Secondary / secondary special,Married,House / apartment,-19441,-4064,Managers,2,1,0
5062248,0.0,C,F,Y,N,0,315000.0,Working,Secondary / secondary special,Married,House / apartment,-19441,-4064,Managers,2,2,2
5062249,0.0,C,F,Y,N,0,315000.0,Working,Secondary / secondary special,Married,House / apartment,-19441,-4064,Managers,2,2,2
5062250,0.0,C,F,Y,N,0,315000.0,Working,Secondary / secondary special,Married,House / apartment,-19441,-4064,Managers,2,2,2
5062251,0.0,C,F,Y,N,0,315000.0,Working,Secondary / secondary special,Married,House / apartment,-19441,-4064,Managers,2,2,2
5062252,0.0,C,F,Y,N,0,315000.0,Working,Secondary / secondary special,Married,House / apartment,-19441,-4064,Managers,2,2,2
5062254,0.0,C,F,N,N,1,157500.0,Working,Secondary / secondary special,Married,House / apartment,-15128,-1628,Private service staff,3,2,1
5062270,0.0,X,F,N,Y,0,360000.0,State servant,Secondary / secondary special,Separated,House / apartment,-11958,-2816,Medicine staff,1,1,2
5062271,0.0,0,F,N,Y,0,360000.0,State servant,Secondary / secondary special,Separated,House / apartment,-11958,-2816,Medicine staff,1,1,2
5062272,0.0,0,F,N,Y,0,360000.0,State servant,Secondary / secondary special,Separated,House / apartment,-11958,-2816,Medicine staff,1,1,2
5062273,0.0,C,F,N,Y,0,360000.0,State servant,Secondary / secondary special,Separated,House / apartment,-11958,-2816,Medicine staff,1,1,2
5062279,0.0,C,F,N,Y,0,157500.0,Working,Secondary / secondary special,Married,House / apartment,-19185,-1901,Accountants,2,2,0
5062280,0.0,C,F,N,Y,0,157500.0,Working,Secondary / secondary special,Married,House / apartment,-19185,-1901,Accountants,2,2,0
5062281,0.0,0,F,N,Y,0,157500.0,Working,Secondary / secondary special,Married,House / apartment,-19185,-1901,Accountants,2,4,0
5062282,0.0,X,M,N,Y,0,202500.0,Commercial associate,Secondary / secondary special,Married,House / apartment,-8353,-1081,Core staff,2,1,0
5062283,0.0,C,M,N,Y,0,202500.0,Commercial associate,Secondary / secondary special,Married,House / apartment,-8353,-1081,Core staff,2,0,0
5062284,0.0,C,M,N,Y,0,202500.0,Commercial associate,Secondary / secondary special,Married,House / apartment,-8353,-1081,Core staff,2,0,0
5062285,0.0,C,M,N,Y,0,202500.0,Commercial associate,Secondary / secondary special,Married,House / apartment,-8353,-1081,Core staff,2,0,0
5062286,0.0,X,M,N,Y,0,202500.0,Commercial associate,Secondary / secondary special,Married,House / apartment,-8353,-1081,Core staff,2,1,0
5062287,0.0,0,M,N,Y,0,202500.0,Commercial associate,Secondary / secondary special,Married,House / apartment,-8353,-1081,Core staff,2,1,0
5062288,0.0,C,F,N,Y,1,45000.0,Working,Higher education,Married,House / apartment,-11119,-198,Core staff,3,0,1
5062290,0.0,C,F,Y,Y,0,225000.0,Working,Higher education,Married,House / apartment,-17795,-2450,Managers,2,0,0
5062291,0.0,C,F,Y,Y,0,225000.0,Working,Higher education,Married,House / apartment,-17795,-2450,Managers,2,0,0
5062292,0.0,C,F,Y,Y,0,225000.0,Working,Higher education,Married,House / apartment,-17795,-2450,Managers,2,0,0
5062293,0.0,C,F,Y,Y,0,225000.0,Working,Higher education,Married,House / apartment,-17795,-2450,Managers,2,0,0
5062294,0.0,C,F,Y,Y,0,225000.0,Working,Higher education,Married,House / apartment,-17795,-2450,Managers,2,0,0
5062298,0.0,X,F,N,Y,0,121500.0,Commercial associate,Secondary / secondary special,Married,House / apartment,-17835,-3273,Core staff,2,1,0
5062299,0.0,C,F,N,Y,0,121500.0,Commercial associate,Secondary / secondary special,Married,House / apartment,-17835,-3273,Core staff,2,1,0
5062300,0.0,C,F,N,Y,0,121500.0,Commercial associate,Secondary / secondary special,Married,House / apartment,-17835,-3273,Core staff,2,1,0
5062301,0.0,C,F,N,Y,0,121500.0,Commercial associate,Secondary / secondary special,Married,House / apartment,-17835,-3273,Core staff,2,1,0
5062302,0.0,0,F,N,Y,0,121500.0,Commercial associate,Secondary / secondary special,Married,House / apartment,-17835,-3273,Core staff,2,1,0
5062303,0.0,0,F,N,Y,0,121500.0,Commercial associate,Secondary / secondary special,Married,House / apartment,-17835,-3273,Core staff,2,1,0
5062304,0.0,C,F,N,Y,0,121500.0,Commercial associate,Secondary / secondary special,Married,House / apartment,-17835,-3273,Core staff,2,1,0
5062317,0.0,X,F,N,Y,0,180000.0,Working,Secondary / secondary special,Single / not married,House / apartment,-16677,-9482,Core staff,1,4,0
5062318,0.0,X,F,N,Y,0,180000.0,Working,Secondary / secondary special,Single / not married,House / apartment,-16677,-9482,Core staff,1,4,0
5062319,0.0,0,F,N,Y,0,180000.0,Working,Secondary / secondary special,Single / not married,House / apartment,-16677,-9482,Core staff,1,4,0
5062320,0.0,C,F,N,Y,0,180000.0,Working,Secondary / secondary special,Single / not married,House / apartment,-16677,-9482,Core staff,1,4,0
5062321,0.0,C,F,N,Y,0,180000.0,Working,Secondary / secondary special,Single / not married,House / apartment,-16677,-9482,Core staff,1,4,0
5062322,0.0,C,F,N,Y,0,180000.0,Working,Secondary / secondary special,Single / not married,House / apartment,-16677,-9482,Core staff,1,4,0
5062323,0.0,C,F,N,Y,0,180000.0,Working,Secondary / secondary special,Single / not married,House / apartment,-16677,-9482,Core staff,1,4,0
5062345,0.0,C,M,Y,Y,0,225000.0,Working,Secondary / secondary special,Married,House / apartment,-21098,-5554,Drivers,2,2,0
5062346,0.0,X,M,Y,Y,0,225000.0,Working,Secondary / secondary special,Married,House / apartment,-21098,-5554,Drivers,2,2,0
5062347,0.0,0,M,Y,Y,0,225000.0,Working,Secondary / secondary special,Married,House / apartment,-21098,-5554,Drivers,2,2,0
5062348,0.0,X,F,N,Y,0,90000.0,State servant,Secondary / secondary special,Widow,House / apartment,-17681,-4369,Medicine staff,1,1,0
5062349,0.0,0,F,N,Y,0,90000.0,State servant,Secondary / secondary special,Widow,House / apartment,-17681,-4369,Medicine staff,1,1,0
5062350,0.0,0,F,N,Y,0,90000.0,State servant,Secondary / secondary special,Widow,House / apartment,-17681,-4369,Medicine staff,1,1,0
5062351,0.0,0,F,Y,Y,1,351000.0,Working,Secondary / secondary special,Civil marriage,House / apartment,-13284,-2450,Managers,3,4,2
5062353,0.0,X,M,N,N,1,135000.0,Working,Secondary / secondary special,Married,Rented apartment,-11768,-1324,Laborers,3,4,1
5062363,0.0,C,F,Y,Y,0,202500.0,Working,Secondary / secondary special,Married,House / apartment,-10564,-897,Core staff,2,2,0
5062364,0.0,X,F,Y,Y,0,202500.0,Working,Secondary / secondary special,Married,House / apartment,-10564,-897,Core staff,2,4,0
5062365,0.0,0,F,Y,Y,0,202500.0,Working,Secondary / secondary special,Married,House / apartment,-10564,-897,Core staff,2,4,0
5062366,0.0,X,F,Y,Y,0,202500.0,Working,Secondary / secondary special,Married,House / apartment,-10564,-897,Core staff,2,4,0
5062367,0.0,C,F,Y,Y,0,202500.0,Working,Secondary / secondary special,Married,House / apartment,-10564,-897,Core staff,2,2,0
5062368,0.0,0,F,Y,Y,0,202500.0,Working,Secondary / secondary special,Married,House / apartment,-10564,-897,Core staff,2,4,0
5062369,0.0,C,F,Y,Y,0,202500.0,Working,Secondary / secondary special,Married,House / apartment,-10564,-897,Core staff,2,2,0
5062370,0.0,C,F,Y,Y,0,202500.0,Working,Secondary / secondary special,Married,House / apartment,-10564,-897,Core staff,2,2,0
5062371,0.0,C,F,Y,Y,0,202500.0,Working,Secondary / secondary special,Married,House / apartment,-10564,-897,Core staff,2,2,0
5062374,0.0,0,F,N,Y,0,121500.0,State servant,Higher education,Widow,House / apartment,-19426,-1598,Accountants,1,3,0
5062375,0.0,0,F,N,Y,0,121500.0,State servant,Higher education,Widow,House / apartment,-19426,-1598,Accountants,1,3,0
5062394,0.0,0,M,N,Y,0,283500.0,State servant,Secondary / secondary special,Civil marriage,House / apartment,-8494,-1171,Laborers,2,4,0
5062396,0.0,C,F,N,Y,0,180000.0,Working,Secondary / secondary special,Separated,House / apartment,-14547,-4550,Laborers,1,2,0
5062397,0.0,C,F,N,Y,0,180000.0,Working,Secondary / secondary special,Separated,House / apartment,-14547,-4550,Laborers,1,2,0
5062398,0.0,X,F,N,Y,0,180000.0,Working,Secondary / secondary special,Separated,House / apartment,-14547,-4550,Laborers,1,4,0
5062399,0.0,0,F,N,Y,0,180000.0,Working,Secondary / secondary special,Separated,House / apartment,-14547,-4550,Laborers,1,4,0
5062400,0.0,C,F,N,Y,0,180000.0,Working,Secondary / secondary special,Separated,House / apartment,-14547,-4550,Laborers,1,2,0
5062401,0.0,C,M,Y,Y,0,202500.0,Commercial associate,Secondary / secondary special,Single / not married,House / apartment,-10629,-2969,High skill tech staff,1,0,0
5062402,0.0,C,M,Y,Y,0,202500.0,Commercial associate,Secondary / secondary special,Single / not married,House / apartment,-10629,-2969,High skill tech staff,1,0,0
5062403,0.0,C,M,Y,Y,0,202500.0,Commercial associate,Secondary / secondary special,Single / not married,House / apartment,-10629,-2969,High skill tech staff,1,0,0
5062404,0.0,X,M,Y,Y,0,202500.0,Commercial associate,Secondary / secondary special,Single / not married,House / apartment,-10629,-2969,High skill tech staff,1,1,0
5062405,0.0,C,M,Y,Y,0,202500.0,Commercial associate,Secondary / secondary special,Single / not married,House / apartment,-10629,-2969,High skill tech staff,1,0,0
5062406,0.0,X,M,Y,Y,0,202500.0,Commercial associate,Secondary / secondary special,Single / not married,House / apartment,-10629,-2969,High skill tech staff,1,1,0
5062418,0.0,C,F,Y,Y,1,180000.0,Working,Higher education,Single / not married,House / apartment,-14226,-3059,Sales staff,2,0,0
5062419,0.0,C,F,Y,Y,1,180000.0,Working,Higher education,Single / not married,House / apartment,-14226,-3059,Sales staff,2,0,0
5062420,0.0,C,F,Y,Y,1,180000.0,Working,Higher education,Single / not married,House / apartment,-14226,-3059,Sales staff,2,0,0
5062421,0.0,C,F,Y,Y,1,180000.0,Working,Higher education,Single / not married,House / apartment,-14226,-3059,Sales staff,2,0,0
5062428,0.0,C,M,Y,Y,1,180000.0,Working,Secondary / secondary special,Single / not married,House / apartment,-11533,-746,Drivers,2,2,0
5062435,0.0,C,M,Y,Y,1,180000.0,Working,Secondary / secondary special,Single / not married,House / apartment,-11533,-746,Drivers,2,2,0
5062436,0.0,C,M,Y,Y,1,180000.0,Working,Secondary / secondary special,Single / not married,House / apartment,-11533,-746,Drivers,2,2,0
5062438,0.0,0,M,Y,Y,1,180000.0,Working,Secondary / secondary special,Single / not married,House / apartment,-11533,-746,Drivers,2,4,0
5062439,0.0,0,M,Y,Y,1,180000.0,Working,Secondary / secondary special,Single / not married,House / apartment,-11533,-746,Drivers,2,4,0
5062440,0.0,C,M,Y,Y,1,180000.0,Working,Secondary / secondary special,Single / not married,House / apartment,-11533,-746,Drivers,2,2,0
5062441,0.0,C,M,Y,Y,1,180000.0,Working,Secondary / secondary special,Single / not married,House / apartment,-11533,-746,Drivers,2,2,0
5062451,0.0,0,F,N,Y,0,81000.0,Working,Secondary / secondary special,Married,House / apartment,-15541,-1477,Medicine staff,2,4,0
5062452,0.0,X,F,N,Y,0,81000.0,Working,Secondary / secondary special,Married,House / apartment,-15541,-1477,Medicine staff,2,4,0
5062453,0.0,C,F,N,Y,0,81000.0,Working,Secondary / secondary special,Married,House / apartment,-15541,-1477,Medicine staff,2,2,0
5062454,0.0,C,F,N,Y,0,81000.0,Working,Secondary / secondary special,Married,House / apartment,-15541,-1477,Medicine staff,2,2,0
5062456,0.0,C,F,N,Y,0,270000.0,State servant,Higher education,Married,House / apartment,-13752,-167,Managers,2,3,2
5062457,0.0,0,F,N,Y,0,270000.0,State servant,Higher education,Married,House / apartment,-13752,-167,Managers,2,3,2
5062458,0.0,0,F,N,Y,0,270000.0,State servant,Higher education,Married,House / apartment,-13752,-167,Managers,2,3,2
5062459,0.0,0,F,N,Y,0,270000.0,State servant,Higher education,Married,House / apartment,-13752,-167,Managers,2,3,2
5062460,0.0,0,F,N,Y,0,270000.0,State servant,Higher education,Married,House / apartment,-13752,-167,Managers,2,3,2
5062461,0.0,0,F,N,Y,0,270000.0,State servant,Higher education,Married,House / apartment,-13752,-167,Managers,2,3,2
5062462,0.0,C,F,N,Y,0,270000.0,State servant,Higher education,Married,House / apartment,-13752,-167,Managers,2,3,2
5062471,0.0,C,M,N,Y,1,112500.0,Commercial associate,Secondary / secondary special,Married,House / apartment,-18406,-1324,Drivers,3,0,1
5062475,0.0,X,F,N,Y,0,157500.0,Working,Higher education,Married,House / apartment,-15462,-2969,Medicine staff,2,1,0
5062478,0.0,C,F,N,Y,0,157500.0,Working,Higher education,Married,House / apartment,-15462,-2969,Medicine staff,2,0,0
5062479,0.0,C,F,N,Y,0,157500.0,Working,Higher education,Married,House / apartment,-15462,-2969,Medicine staff,2,0,0
5062480,0.0,C,F,N,Y,0,157500.0,Working,Higher education,Married,House / apartment,-15462,-2969,Medicine staff,2,0,0
5062481,0.0,C,F,N,Y,0,157500.0,Working,Higher education,Married,House / apartment,-15462,-2969,Medicine staff,2,0,0
5062488,0.0,X,M,Y,Y,1,180000.0,Commercial associate,Secondary / secondary special,Married,House / apartment,-13638,-3972,Laborers,3,2,1
5062490,0.0,C,M,N,Y,1,225000.0,State servant,Secondary / secondary special,Married,House / apartment,-9183,-2054,Drivers,3,2,1
5062491,0.0,C,M,N,Y,1,225000.0,State servant,Secondary / secondary special,Married,House / apartment,-9183,-2054,Drivers,3,2,1
5062492,0.0,0,M,N,Y,1,225000.0,State servant,Secondary / secondary special,Married,House / apartment,-9183,-2054,Drivers,3,4,1
5062493,0.0,0,M,N,Y,1,225000.0,State servant,Secondary / secondary special,Married,House / apartment,-9183,-2054,Drivers,3,4,1
5062494,0.0,X,M,N,Y,1,225000.0,State servant,Secondary / secondary special,Married,House / apartment,-9183,-2054,Drivers,3,4,1
5062495,0.0,C,M,N,Y,1,225000.0,State servant,Secondary / secondary special,Married,House / apartment,-9183,-2054,Drivers,3,2,1
5062496,0.0,0,M,N,Y,1,225000.0,State servant,Secondary / secondary special,Married,House / apartment,-9183,-2054,Drivers,3,4,1
5062497,0.0,C,M,N,Y,1,225000.0,State servant,Secondary / secondary special,Married,House / apartment,-9183,-2054,Drivers,3,2,1
5062500,0.0,C,M,N,N,1,202500.0,Working,Secondary / secondary special,Married,House / apartment,-14829,-685,Laborers,3,2,1
5062501,0.0,C,M,N,N,1,202500.0,Working,Secondary / secondary special,Married,House / apartment,-14829,-685,Laborers,3,2,1
5062502,0.0,C,M,Y,Y,0,270000.0,Working,Secondary / secondary special,Single / not married,House / apartment,-9122,-1751,Sales staff,1,2,0
5062503,0.0,C,M,Y,Y,0,270000.0,Working,Secondary / secondary special,Single / not married,House / apartment,-9122,-1751,Sales staff,1,2,0
5062504,0.0,C,M,Y,Y,0,270000.0,Working,Secondary / secondary special,Single / not married,House / apartment,-9122,-1751,Sales staff,1,2,0
5062505,0.0,X,M,Y,Y,0,270000.0,Working,Secondary / secondary special,Single / not married,House / apartment,-9122,-1751,Sales staff,1,4,0
5062506,0.0,0,M,Y,Y,0,270000.0,Working,Secondary / secondary special,Single / not married,House / apartment,-9122,-1751,Sales staff,1,4,0
5062507,0.0,X,M,Y,Y,0,270000.0,Working,Secondary / secondary special,Single / not married,House / apartment,-9122,-1751,Sales staff,1,4,0
5062508,0.0,0,M,Y,Y,0,270000.0,Working,Secondary / secondary special,Single / not married,House / apartment,-9122,-1751,Sales staff,1,4,0
5062511,0.0,C,F,N,Y,2,135000.0,Working,Secondary / secondary special,Civil marriage,House / apartment,-16066,-8507,Medicine staff,4,4,1
5062514,0.0,C,F,N,Y,1,112500.0,Working,Higher education,Married,House / apartment,-13656,-2207,Sales staff,3,0,1
5062515,0.0,C,F,N,Y,1,112500.0,Working,Higher education,Married,House / apartment,-13656,-2207,Sales staff,3,0,1
5062516,0.0,C,F,N,Y,1,112500.0,Working,Higher education,Married,House / apartment,-13656,-2207,Sales staff,3,0,1
5062517,0.0,C,F,N,Y,1,112500.0,Working,Higher education,Married,House / apartment,-13656,-2207,Sales staff,3,0,1
5062518,0.0,C,F,N,Y,1,112500.0,Working,Higher education,Married,House / apartment,-13656,-2207,Sales staff,3,0,1
5062519,0.0,0,F,N,Y,1,112500.0,Working,Higher education,Married,House / apartment,-13656,-2207,Sales staff,3,1,1
5062520,0.0,0,F,N,Y,1,112500.0,Working,Higher education,Married,House / apartment,-13656,-2207,Sales staff,3,1,1
5062521,0.0,0,F,N,Y,1,112500.0,Working,Higher education,Married,House / apartment,-13656,-2207,Sales staff,3,1,1
5062522,0.0,C,F,N,Y,1,112500.0,Working,Higher education,Married,House / apartment,-13656,-2207,Sales staff,3,0,1
5062523,0.0,C,F,N,Y,1,112500.0,Working,Higher education,Married,House / apartment,-13656,-2207,Sales staff,3,0,1
5062525,0.0,C,F,N,Y,1,112500.0,Working,Higher education,Married,House / apartment,-13656,-2207,Sales staff,3,0,1
5062526,0.0,C,F,N,Y,1,112500.0,Working,Higher education,Married,House / apartment,-13656,-2207,Sales staff,3,0,1
5062527,0.0,C,F,N,Y,1,112500.0,Working,Higher education,Married,House / apartment,-13656,-2207,Sales staff,3,0,1
5062528,0.0,C,F,N,Y,1,112500.0,Working,Higher education,Married,House / apartment,-13656,-2207,Sales staff,3,0,1
5062531,0.0,C,F,Y,Y,0,135000.0,Commercial associate,Higher education,Civil marriage,House / apartment,-13114,-1812,Medicine staff,2,3,0
5062532,0.0,C,F,Y,Y,0,135000.0,Commercial associate,Higher education,Civil marriage,House / apartment,-13114,-1812,Medicine staff,2,3,0
5062533,0.0,C,F,Y,Y,0,135000.0,Commercial associate,Higher education,Civil marriage,House / apartment,-13114,-1812,Medicine staff,2,3,0
5062534,0.0,X,F,Y,Y,0,135000.0,Commercial associate,Higher education,Civil marriage,House / apartment,-13114,-1812,Medicine staff,2,3,0
5062535,0.0,C,F,Y,Y,0,135000.0,Commercial associate,Higher education,Civil marriage,House / apartment,-13114,-1812,Medicine staff,2,3,0
5062536,0.0,0,F,Y,Y,0,135000.0,Commercial associate,Higher education,Civil marriage,House / apartment,-13114,-1812,Medicine staff,2,3,0
5062537,0.0,C,F,Y,Y,0,135000.0,Commercial associate,Higher education,Civil marriage,House / apartment,-13114,-1812,Medicine staff,2,3,0
5062538,0.0,X,F,Y,Y,0,135000.0,Commercial associate,Higher education,Civil marriage,House / apartment,-13114,-1812,Medicine staff,2,3,0
5062539,0.0,0,F,Y,Y,0,135000.0,Commercial associate,Higher education,Civil marriage,House / apartment,-13114,-1812,Medicine staff,2,3,0
5062540,0.0,C,F,Y,Y,0,135000.0,Commercial associate,Higher education,Civil marriage,House / apartment,-13114,-1812,Medicine staff,2,3,0
5062542,0.0,C,F,Y,Y,0,135000.0,Commercial associate,Higher education,Civil marriage,House / apartment,-13114,-1812,Medicine staff,2,3,0
5062573,0.0,C,F,Y,Y,0,360000.0,Commercial associate,Secondary / secondary special,Married,Municipal apartment,-16477,-2997,Accountants,2,0,2
5062574,0.0,C,F,Y,Y,0,360000.0,Commercial associate,Secondary / secondary special,Married,Municipal apartment,-16477,-2997,Accountants,2,0,2
5062576,0.0,0,F,Y,Y,0,360000.0,Commercial associate,Secondary / secondary special,Married,Municipal apartment,-16477,-2997,Accountants,2,1,2
5062577,0.0,0,F,Y,Y,0,360000.0,Commercial associate,Secondary / secondary special,Married,Municipal apartment,-16477,-2997,Accountants,2,1,2
5062578,0.0,C,F,Y,Y,0,360000.0,Commercial associate,Secondary / secondary special,Married,Municipal apartment,-16477,-2997,Accountants,2,0,2
5062582,0.0,C,F,Y,Y,0,360000.0,Commercial associate,Secondary / secondary special,Married,Municipal apartment,-16477,-2997,Accountants,2,0,2
5062584,0.0,0,M,N,N,1,180000.0,Working,Secondary / secondary special,Married,House / apartment,-10054,-571,Drivers,3,4,1
5062585,0.0,0,M,N,N,1,180000.0,Working,Secondary / secondary special,Married,House / apartment,-10054,-571,Drivers,3,4,1
5062590,0.0,X,M,Y,Y,1,135000.0,State servant,Higher education,Married,House / apartment,-8972,-145,Core staff,3,3,1
5062591,0.0,X,M,Y,Y,1,135000.0,State servant,Higher education,Married,House / apartment,-8972,-145,Core staff,3,3,1
5062592,0.0,X,M,Y,Y,1,135000.0,State servant,Higher education,Married,House / apartment,-8972,-145,Core staff,3,3,1
5062593,0.0,C,M,Y,Y,1,135000.0,State servant,Higher education,Married,House / apartment,-8972,-145,Core staff,3,0,1
5062595,0.0,X,F,N,Y,0,103500.0,Working,Secondary / secondary special,Civil marriage,House / apartment,-21559,-4254,Cooking staff,2,4,0
5062596,0.0,X,F,N,Y,0,103500.0,Working,Secondary / secondary special,Civil marriage,House / apartment,-21559,-4254,Cooking staff,2,4,0
5062599,0.0,C,F,Y,Y,0,360000.0,Working,Secondary / secondary special,Married,House / apartment,-18356,-1820,High skill tech staff,2,2,2
5062600,0.0,C,F,Y,Y,0,360000.0,Working,Secondary / secondary special,Married,House / apartment,-18356,-1820,High skill tech staff,2,2,2
5062601,0.0,C,F,Y,Y,0,360000.0,Working,Secondary / secondary special,Married,House / apartment,-18356,-1820,High skill tech staff,2,2,2
5062602,0.0,0,F,Y,Y,0,360000.0,Working,Secondary / secondary special,Married,House / apartment,-18356,-1820,High skill tech staff,2,4,2
5062604,0.0,X,F,Y,Y,0,360000.0,Working,Secondary / secondary special,Married,House / apartment,-18356,-1820,High skill tech staff,2,4,2
5062605,0.0,C,F,Y,Y,0,360000.0,Working,Secondary / secondary special,Married,House / apartment,-18356,-1820,High skill tech staff,2,2,2
5062606,0.0,C,F,Y,Y,0,360000.0,Working,Secondary / secondary special,Married,House / apartment,-18356,-1820,High skill tech staff,2,2,2
5062607,0.0,C,F,Y,Y,0,360000.0,Working,Secondary / secondary special,Married,House / apartment,-18356,-1820,High skill tech staff,2,2,2
5062608,0.0,C,F,Y,Y,0,360000.0,Working,Secondary / secondary special,Married,House / apartment,-18356,-1820,High skill tech staff,2,2,2
5062609,0.0,0,F,N,N,1,135000.0,Commercial associate,Secondary / secondary special,Separated,House / apartment,-10725,-2802,Private service staff,2,1,0
5062615,0.0,C,M,Y,Y,0,270000.0,State servant,Secondary / secondary special,Married,House / apartment,-11372,-3897,Core staff,2,0,2
5062618,0.0,C,M,Y,Y,0,270000.0,State servant,Secondary / secondary special,Married,House / apartment,-11372,-3897,Core staff,2,0,2
5062619,0.0,X,M,Y,Y,0,270000.0,State servant,Secondary / secondary special,Married,House / apartment,-11372,-3897,Core staff,2,1,2
5062621,0.0,X,M,Y,Y,0,270000.0,State servant,Secondary / secondary special,Married,House / apartment,-11372,-3897,Core staff,2,1,2
5062622,0.0,C,M,Y,Y,0,270000.0,State servant,Secondary / secondary special,Married,House / apartment,-11372,-3897,Core staff,2,0,2
5062623,0.0,X,M,Y,Y,0,270000.0,State servant,Secondary / secondary special,Married,House / apartment,-11372,-3897,Core staff,2,1,2
5062635,0.0,0,M,N,Y,0,405000.0,Working,Higher education,Married,House / apartment,-15881,-4781,Laborers,2,1,2
5062636,0.0,C,M,N,Y,0,405000.0,Working,Higher education,Married,House / apartment,-15881,-4781,Laborers,2,0,2
5062637,0.0,C,M,N,Y,0,405000.0,Working,Higher education,Married,House / apartment,-15881,-4781,Laborers,2,0,2
5062639,0.0,C,M,N,Y,0,405000.0,Working,Higher education,Married,House / apartment,-15881,-4781,Laborers,2,0,2
5062640,0.0,C,M,N,Y,0,405000.0,Working,Higher education,Married,House / apartment,-15881,-4781,Laborers,2,0,2
5062645,0.0,X,F,Y,Y,0,202500.0,Commercial associate,Secondary / secondary special,Civil marriage,House / apartment,-18626,-1332,Security staff,2,1,0
5062646,0.0,0,F,Y,Y,0,202500.0,Commercial associate,Secondary / secondary special,Civil marriage,House / apartment,-18626,-1332,Security staff,2,1,0
5062649,0.0,C,F,Y,Y,0,202500.0,Commercial associate,Secondary / secondary special,Civil marriage,House / apartment,-18626,-1332,Security staff,2,1,0
5062654,0.0,C,M,Y,Y,1,144000.0,Working,Secondary / secondary special,Married,House / apartment,-13509,-1028,Laborers,3,2,1
5062655,0.0,C,M,Y,Y,1,144000.0,Working,Secondary / secondary special,Married,House / apartment,-13509,-1028,Laborers,3,2,1
5062656,0.0,C,M,Y,Y,1,144000.0,Working,Secondary / secondary special,Married,House / apartment,-13509,-1028,Laborers,3,2,1
5062657,0.0,C,M,Y,Y,1,144000.0,Working,Secondary / secondary special,Married,House / apartment,-13509,-1028,Laborers,3,2,1
5062658,0.0,0,M,Y,Y,1,144000.0,Working,Secondary / secondary special,Married,House / apartment,-13509,-1028,Laborers,3,2,1
5062659,0.0,0,M,Y,Y,1,144000.0,Working,Secondary / secondary special,Married,House / apartment,-13509,-1028,Laborers,3,2,1
5062660,0.0,X,M,Y,Y,1,144000.0,Working,Secondary / secondary special,Married,House / apartment,-13509,-1028,Laborers,3,2,1
5062661,0.0,0,M,Y,Y,1,144000.0,Working,Secondary / secondary special,Married,House / apartment,-13509,-1028,Laborers,3,2,1
5062662,0.0,X,M,Y,Y,1,144000.0,Working,Secondary / secondary special,Married,House / apartment,-13509,-1028,Laborers,3,2,1
5062663,0.0,X,M,Y,Y,1,144000.0,Working,Secondary / secondary special,Married,House / apartment,-13509,-1028,Laborers,3,2,1
5062668,0.0,C,F,Y,Y,1,135000.0,Working,Higher education,Married,House / apartment,-14863,-4407,Managers,3,0,1
5062669,0.0,C,F,Y,Y,1,135000.0,Working,Higher education,Married,House / apartment,-14863,-4407,Managers,3,0,1
5062670,0.0,X,F,Y,Y,1,135000.0,Working,Higher education,Married,House / apartment,-14863,-4407,Managers,3,0,1
5062671,0.0,0,F,Y,Y,1,135000.0,Working,Higher education,Married,House / apartment,-14863,-4407,Managers,3,3,1
5062672,0.0,C,F,Y,Y,1,135000.0,Working,Higher education,Married,House / apartment,-14863,-4407,Managers,3,0,1
5062673,0.0,C,F,Y,Y,1,135000.0,Working,Higher education,Married,House / apartment,-14863,-4407,Managers,3,0,1
5062674,0.0,C,F,Y,Y,1,135000.0,Working,Higher education,Married,House / apartment,-14863,-4407,Managers,3,0,1
5062676,0.0,C,M,N,Y,0,180000.0,Working,Secondary / secondary special,Married,House / apartment,-19500,-3189,Laborers,2,2,0
5062678,0.0,C,M,N,Y,0,180000.0,Working,Secondary / secondary special,Married,House / apartment,-19500,-3189,Laborers,2,2,0
5062679,0.0,C,F,N,Y,0,225000.0,Working,Secondary / secondary special,Married,House / apartment,-14511,-1789,Laborers,2,2,0
5062680,0.0,X,F,N,Y,0,112500.0,Working,Higher education,Widow,House / apartment,-22372,-1402,Accountants,1,1,0
5062683,0.0,X,M,Y,Y,0,247500.0,State servant,Secondary / secondary special,Married,Municipal apartment,-20112,-875,High skill tech staff,2,1,0
5062685,0.0,0,M,Y,Y,0,247500.0,State servant,Secondary / secondary special,Married,Municipal apartment,-20112,-875,High skill tech staff,2,1,0
5062686,0.0,C,M,Y,Y,0,247500.0,State servant,Secondary / secondary special,Married,Municipal apartment,-20112,-875,High skill tech staff,2,0,0
5062687,0.0,X,M,Y,Y,0,247500.0,State servant,Secondary / secondary special,Married,Municipal apartment,-20112,-875,High skill tech staff,2,1,0
5062688,0.0,X,M,Y,Y,0,247500.0,State servant,Secondary / secondary special,Married,Municipal apartment,-20112,-875,High skill tech staff,2,1,0
5062689,0.0,X,M,Y,Y,0,247500.0,State servant,Secondary / secondary special,Married,Municipal apartment,-20112,-875,High skill tech staff,2,1,0
5062690,0.0,0,M,Y,Y,0,247500.0,State servant,Secondary / secondary special,Married,Municipal apartment,-20112,-875,High skill tech staff,2,1,0
5062691,0.0,X,M,Y,Y,0,247500.0,State servant,Secondary / secondary special,Married,Municipal apartment,-20112,-875,High skill tech staff,2,1,0
5062695,0.0,C,F,N,Y,1,157500.0,Working,Secondary / secondary special,Married,House / apartment,-14510,-3805,Core staff,3,2,1
5062698,0.0,X,F,N,Y,1,157500.0,Working,Secondary / secondary special,Married,House / apartment,-14510,-3805,Core staff,3,4,1
5062699,0.0,0,F,N,Y,1,157500.0,Working,Secondary / secondary special,Married,House / apartment,-14510,-3805,Core staff,3,4,1
5062704,0.0,C,F,N,Y,1,157500.0,Working,Secondary / secondary special,Married,House / apartment,-14510,-3805,Core staff,3,2,1
5062705,0.0,C,F,N,Y,1,157500.0,Working,Secondary / secondary special,Married,House / apartment,-14510,-3805,Core staff,3,2,1
5062706,0.0,C,F,N,Y,1,157500.0,Working,Secondary / secondary special,Married,House / apartment,-14510,-3805,Core staff,3,2,1
5062708,0.0,0,F,N,Y,1,157500.0,Working,Secondary / secondary special,Married,House / apartment,-14510,-3805,Core staff,3,4,1
5062709,0.0,X,F,N,Y,1,157500.0,Working,Secondary / secondary special,Married,House / apartment,-14510,-3805,Core staff,3,4,1
5062710,0.0,0,F,N,Y,1,157500.0,Working,Secondary / secondary special,Married,House / apartment,-14510,-3805,Core staff,3,4,1
5062711,0.0,C,F,N,Y,1,157500.0,Working,Secondary / secondary special,Married,House / apartment,-14510,-3805,Core staff,3,2,1
5062723,0.0,0,M,N,Y,0,135000.0,Working,Higher education,Married,House / apartment,-16977,-92,Managers,2,1,0
5062726,0.0,0,M,N,Y,0,135000.0,Working,Higher education,Married,House / apartment,-16977,-92,Managers,2,1,0
5062727,0.0,C,M,N,Y,0,135000.0,Working,Higher education,Married,House / apartment,-16977,-92,Managers,2,0,0
5062734,0.0,C,M,Y,Y,0,270000.0,Working,Secondary / secondary special,Single / not married,House / apartment,-9815,-1341,Laborers,1,2,0
5062737,0.0,X,M,Y,Y,0,270000.0,Working,Secondary / secondary special,Single / not married,House / apartment,-9815,-1341,Laborers,1,2,0
5062739,0.0,0,F,N,Y,0,157500.0,Working,Secondary / secondary special,Married,House / apartment,-15035,-1128,Cleaning staff,2,4,0
5062741,0.0,C,F,N,Y,0,157500.0,Working,Secondary / secondary special,Married,House / apartment,-15035,-1128,Cleaning staff,2,2,0
5062743,0.0,0,F,N,Y,0,157500.0,Working,Secondary / secondary special,Married,House / apartment,-15035,-1128,Cleaning staff,2,4,0
5062744,0.0,0,F,N,Y,0,157500.0,Working,Secondary / secondary special,Married,House / apartment,-15035,-1128,Cleaning staff,2,4,0
5062745,0.0,0,F,N,Y,0,157500.0,Working,Secondary / secondary special,Married,House / apartment,-15035,-1128,Cleaning staff,2,4,0
5062754,0.0,X,F,N,N,0,112500.0,Working,Secondary / secondary special,Single / not married,House / apartment,-11431,-306,Core staff,1,4,0
5062755,0.0,C,F,N,N,0,112500.0,Working,Secondary / secondary special,Single / not married,House / apartment,-11431,-306,Core staff,1,4,0
5062756,0.0,C,F,N,N,0,112500.0,Working,Secondary / secondary special,Single / not married,House / apartment,-11431,-306,Core staff,1,4,0
5065313,0.0,C,F,N,Y,1,157500.0,State servant,Higher education,Married,House / apartment,-15645,-4280,Core staff,3,3,1
5065314,0.0,C,F,N,Y,1,157500.0,State servant,Higher education,Married,House / apartment,-15645,-4280,Core staff,3,3,1
5065315,0.0,C,F,N,Y,1,157500.0,State servant,Higher education,Married,House / apartment,-15645,-4280,Core staff,3,3,1
5065316,0.0,C,F,N,Y,1,157500.0,State servant,Higher education,Married,House / apartment,-15645,-4280,Core staff,3,3,1
5065320,0.0,C,M,Y,Y,2,315000.0,Working,Secondary / secondary special,Married,House / apartment,-12520,-1570,Drivers,4,2,1
5065321,0.0,X,M,Y,Y,0,225000.0,Working,Higher education,Single / not married,House / apartment,-13415,-2147,Laborers,1,0,0
5065333,0.0,C,M,N,Y,0,103500.0,Working,Secondary / secondary special,Separated,House / apartment,-19632,-2208,Drivers,1,2,0
5065335,0.0,C,M,N,Y,0,202500.0,Commercial associate,Lower secondary,Married,Rented apartment,-9766,-1935,Sales staff,2,0,0
5065336,0.0,0,M,Y,Y,1,202500.0,Working,Secondary / secondary special,Married,House / apartment,-18613,-3883,Laborers,3,2,1
5065337,0.0,X,M,Y,Y,1,202500.0,Working,Secondary / secondary special,Married,House / apartment,-18613,-3883,Laborers,3,2,1
5065338,0.0,C,M,Y,Y,1,202500.0,Working,Secondary / secondary special,Married,House / apartment,-18613,-3883,Laborers,3,2,1
5065339,0.0,0,M,Y,Y,1,202500.0,Working,Secondary / secondary special,Married,House / apartment,-18613,-3883,Laborers,3,2,1
5065348,0.0,C,F,Y,Y,0,202500.0,Working,Higher education,Married,House / apartment,-15160,-3974,High skill tech staff,2,0,0
5065349,0.0,X,F,Y,Y,0,202500.0,Working,Higher education,Married,House / apartment,-15160,-3974,High skill tech staff,2,0,0
5065350,0.0,C,M,N,Y,0,135000.0,State servant,Secondary / secondary special,Single / not married,House / apartment,-14671,-2027,Managers,1,1,0
5065351,0.0,C,M,N,Y,0,135000.0,State servant,Secondary / secondary special,Single / not married,House / apartment,-14671,-2027,Managers,1,1,0
5065352,0.0,0,M,N,Y,0,135000.0,State servant,Secondary / secondary special,Single / not married,House / apartment,-14671,-2027,Managers,1,1,0
5065354,0.0,C,M,N,Y,0,157500.0,Working,Secondary / secondary special,Married,House / apartment,-21199,-5069,Managers,2,2,0
5065355,0.0,C,M,N,Y,0,157500.0,Working,Secondary / secondary special,Married,House / apartment,-21199,-5069,Managers,2,2,0
5065356,0.0,C,M,N,Y,0,157500.0,Working,Secondary / secondary special,Married,House / apartment,-21199,-5069,Managers,2,2,0
5065357,0.0,C,M,N,Y,0,157500.0,Working,Secondary / secondary special,Married,House / apartment,-21199,-5069,Managers,2,2,0
5065358,0.0,C,F,N,Y,1,216000.0,Working,Higher education,Single / not married,House / apartment,-10512,-1782,Core staff,2,0,0
5065360,0.0,C,F,N,Y,1,216000.0,Working,Higher education,Single / not married,House / apartment,-10512,-1782,Core staff,2,0,0
5065366,0.0,C,F,N,Y,1,216000.0,Working,Higher education,Single / not married,House / apartment,-10512,-1782,Core staff,2,0,0
5065367,0.0,C,F,N,Y,1,216000.0,Working,Higher education,Single / not married,House / apartment,-10512,-1782,Core staff,2,0,0
5065368,0.0,0,F,N,Y,1,216000.0,Working,Higher education,Single / not married,House / apartment,-10512,-1782,Core staff,2,1,0
5065369,0.0,0,F,N,Y,1,216000.0,Working,Higher education,Single / not married,House / apartment,-10512,-1782,Core staff,2,1,0
5065372,0.0,0,F,N,Y,1,99000.0,Working,Higher education,Married,House / apartment,-16721,-8875,Core staff,3,1,1
5065375,0.0,C,F,N,Y,1,99000.0,Working,Higher education,Married,House / apartment,-16721,-8875,Core staff,3,0,1
5065376,0.0,C,F,N,Y,0,215550.0,Working,Higher education,Married,House / apartment,-10429,-931,High skill tech staff,2,0,0
5065377,0.0,0,F,N,Y,0,215550.0,Working,Higher education,Married,House / apartment,-10429,-931,High skill tech staff,2,1,0
5065384,0.0,0,M,N,Y,0,270000.0,Working,Secondary / secondary special,Civil marriage,House / apartment,-16140,-900,Drivers,2,4,0
5065385,0.0,X,M,N,Y,0,270000.0,Working,Secondary / secondary special,Civil marriage,House / apartment,-16140,-900,Drivers,2,4,0
5065387,0.0,0,M,N,Y,0,270000.0,Working,Secondary / secondary special,Civil marriage,House / apartment,-16140,-900,Drivers,2,4,0
5065389,0.0,C,M,N,Y,0,270000.0,Working,Secondary / secondary special,Civil marriage,House / apartment,-16140,-900,Drivers,2,2,0
5065390,0.0,0,M,N,Y,0,270000.0,Working,Secondary / secondary special,Civil marriage,House / apartment,-16140,-900,Drivers,2,4,0
5065391,0.0,0,M,N,Y,0,270000.0,Working,Secondary / secondary special,Civil marriage,House / apartment,-16140,-900,Drivers,2,4,0
5065392,0.0,0,M,N,Y,0,270000.0,Working,Secondary / secondary special,Civil marriage,House / apartment,-16140,-900,Drivers,2,4,0
5065395,0.0,X,M,Y,N,0,396000.0,Commercial associate,Higher education,Married,House / apartment,-12574,-2453,Managers,2,3,2
5065402,0.0,X,F,N,Y,2,135000.0,Working,Secondary / secondary special,Married,House / apartment,-12589,-4096,Laborers,4,4,1
5065406,0.0,X,F,N,Y,2,135000.0,Working,Secondary / secondary special,Married,House / apartment,-12589,-4096,Laborers,4,4,1
5065414,0.0,0,M,N,Y,2,225000.0,Working,Secondary / secondary special,Married,House / apartment,-17624,-686,Drivers,4,4,1
5065415,0.0,C,M,N,Y,2,225000.0,Working,Secondary / secondary special,Married,House / apartment,-17624,-686,Drivers,4,2,1
5065416,0.0,0,M,N,Y,2,225000.0,Working,Secondary / secondary special,Married,House / apartment,-17624,-686,Drivers,4,4,1
5065419,0.0,C,F,N,Y,0,265500.0,Working,Secondary / secondary special,Married,House / apartment,-15925,-3335,Sales staff,2,2,0
5065420,0.0,C,F,N,Y,0,265500.0,Working,Secondary / secondary special,Married,House / apartment,-15925,-3335,Sales staff,2,2,0
5065421,0.0,C,F,N,Y,0,265500.0,Working,Secondary / secondary special,Married,House / apartment,-15925,-3335,Sales staff,2,2,0
5065422,0.0,X,F,N,Y,0,265500.0,Working,Secondary / secondary special,Married,House / apartment,-15925,-3335,Sales staff,2,4,0
5065424,0.0,X,M,Y,Y,0,202500.0,Commercial associate,Secondary / secondary special,Married,House / apartment,-23510,-1144,Security staff,2,1,0
5065427,0.0,X,M,Y,Y,0,202500.0,Commercial associate,Secondary / secondary special,Married,House / apartment,-23510,-1144,Security staff,2,1,0
5065428,0.0,X,M,Y,Y,0,202500.0,Commercial associate,Secondary / secondary special,Married,House / apartment,-23510,-1144,Security staff,2,1,0
5065429,0.0,0,F,N,N,0,225000.0,Working,Secondary / secondary special,Single / not married,House / apartment,-14608,-870,Sales staff,1,4,0
5065432,0.0,0,F,N,Y,0,225000.0,State servant,Secondary / secondary special,Single / not married,House / apartment,-17543,-474,Cleaning staff,1,1,0
5065437,0.0,C,F,Y,N,2,270000.0,Working,Secondary / secondary special,Married,With parents,-13258,-2300,Managers,4,2,1
5065438,0.0,C,F,Y,N,2,270000.0,Working,Secondary / secondary special,Married,With parents,-13258,-2300,Managers,4,2,1
5065439,0.0,X,F,Y,N,2,270000.0,Working,Secondary / secondary special,Married,With parents,-13258,-2300,Managers,4,2,1
5065441,0.0,C,F,Y,N,2,270000.0,Working,Secondary / secondary special,Married,With parents,-13258,-2300,Managers,4,2,1
5065442,0.0,0,F,Y,N,2,270000.0,Working,Secondary / secondary special,Married,With parents,-13258,-2300,Managers,4,4,1
5065444,0.0,0,F,Y,N,2,270000.0,Working,Secondary / secondary special,Married,With parents,-13258,-2300,Managers,4,4,1
5065447,0.0,0,F,N,Y,0,135000.0,Working,Secondary / secondary special,Separated,House / apartment,-17287,-4826,Cooking staff,1,4,0
5065451,0.0,0,M,N,Y,0,180000.0,Working,Incomplete higher,Married,House / apartment,-17146,-5680,Laborers,2,4,0
5065452,0.0,C,M,N,Y,0,180000.0,Working,Incomplete higher,Married,House / apartment,-17146,-5680,Laborers,2,2,0
5065454,0.0,C,M,N,Y,0,180000.0,Working,Incomplete higher,Married,House / apartment,-17146,-5680,Laborers,2,2,0
5065474,0.0,C,F,N,N,1,112500.0,Commercial associate,Secondary / secondary special,Married,House / apartment,-9582,-747,Sales staff,3,1,1
5065479,0.0,X,M,N,N,1,148500.0,Working,Secondary / secondary special,Married,House / apartment,-13574,-109,Laborers,3,2,1
5065480,0.0,X,M,N,N,1,148500.0,Working,Secondary / secondary special,Married,House / apartment,-13574,-109,Laborers,3,2,1
5065484,0.0,0,M,Y,Y,0,247500.0,Working,Secondary / secondary special,Separated,House / apartment,-20196,-2697,Drivers,1,4,0
5065485,0.0,C,M,Y,Y,0,247500.0,Working,Secondary / secondary special,Separated,House / apartment,-20196,-2697,Drivers,1,2,0
5065490,0.0,C,F,N,Y,0,112500.0,Commercial associate,Secondary / secondary special,Civil marriage,House / apartment,-12438,-747,Medicine staff,2,1,0
5065492,0.0,0,F,N,Y,0,112500.0,Commercial associate,Secondary / secondary special,Civil marriage,House / apartment,-12438,-747,Medicine staff,2,1,0
5065494,0.0,C,F,N,Y,0,135000.0,Working,Secondary / secondary special,Widow,House / apartment,-19332,-1813,Medicine staff,1,4,0
5065497,0.0,C,F,Y,Y,0,270000.0,Commercial associate,Secondary / secondary special,Married,House / apartment,-18458,-6014,Accountants,2,0,2
5065499,0.0,C,F,Y,Y,0,270000.0,Commercial associate,Secondary / secondary special,Married,House / apartment,-18458,-6014,Accountants,2,0,2
5065500,0.0,C,F,Y,N,1,135000.0,Working,Higher education,Married,Municipal apartment,-12523,-2482,Managers,3,0,1
5065501,0.0,C,F,Y,N,1,135000.0,Working,Higher education,Married,Municipal apartment,-12523,-2482,Managers,3,0,1
5065502,0.0,0,F,Y,N,1,135000.0,Working,Higher education,Married,Municipal apartment,-12523,-2482,Managers,3,1,1
5065503,0.0,C,F,Y,N,1,135000.0,Working,Higher education,Married,Municipal apartment,-12523,-2482,Managers,3,0,1
5065504,0.0,C,F,Y,N,1,135000.0,Working,Higher education,Married,Municipal apartment,-12523,-2482,Managers,3,0,1
5065505,0.0,C,F,Y,N,1,135000.0,Working,Higher education,Married,Municipal apartment,-12523,-2482,Managers,3,0,1
5065506,0.0,C,F,Y,N,1,135000.0,Working,Higher education,Married,Municipal apartment,-12523,-2482,Managers,3,0,1
5065507,0.0,C,F,Y,N,1,135000.0,Working,Higher education,Married,Municipal apartment,-12523,-2482,Managers,3,0,1
5065508,0.0,C,F,Y,N,1,135000.0,Working,Higher education,Married,Municipal apartment,-12523,-2482,Managers,3,0,1
5065510,0.0,C,F,Y,N,1,135000.0,Working,Higher education,Married,Municipal apartment,-12523,-2482,Managers,3,0,1
5065516,0.0,0,F,N,Y,0,112500.0,Working,Secondary / secondary special,Married,House / apartment,-16466,-3792,Laborers,2,4,0
5065517,0.0,X,F,Y,N,1,202500.0,Working,Higher education,Married,Rented apartment,-9510,-2878,Laborers,3,0,1
5065520,0.0,C,F,Y,N,1,202500.0,Working,Higher education,Married,Rented apartment,-9510,-2878,Laborers,3,0,1
5065528,0.0,X,M,N,N,0,135000.0,Working,Secondary / secondary special,Married,House / apartment,-11757,-778,Laborers,2,2,0
5065534,0.0,X,M,N,Y,2,207000.0,Commercial associate,Secondary / secondary special,Married,House / apartment,-12995,-1509,Managers,4,1,1
5065540,0.0,X,M,N,Y,2,207000.0,Commercial associate,Secondary / secondary special,Married,House / apartment,-12995,-1509,Managers,4,1,1
5065541,0.0,X,M,N,Y,2,207000.0,Commercial associate,Secondary / secondary special,Married,House / apartment,-12995,-1509,Managers,4,1,1
5065563,0.0,0,F,N,Y,0,157500.0,Commercial associate,Higher education,Married,House / apartment,-11332,-566,Sales staff,2,3,0
5065566,0.0,C,F,N,N,1,135000.0,Working,Secondary / secondary special,Widow,House / apartment,-13719,-17,Sales staff,2,4,0
5065568,0.0,0,F,N,N,1,135000.0,Working,Secondary / secondary special,Widow,House / apartment,-13719,-17,Sales staff,2,4,0
5065569,0.0,C,F,N,Y,1,225000.0,Working,Secondary / secondary special,Married,House / apartment,-13326,-3700,Laborers,3,2,1
5065570,0.0,0,M,Y,Y,0,270000.0,Commercial associate,Secondary / secondary special,Married,House / apartment,-18218,-1539,Drivers,2,1,2
5065572,0.0,0,M,Y,Y,0,270000.0,Commercial associate,Secondary / secondary special,Married,House / apartment,-18218,-1539,Drivers,2,1,2
5065573,0.0,C,F,N,Y,2,144000.0,Working,Secondary / secondary special,Married,House / apartment,-11147,-262,Cleaning staff,4,2,1
5065574,0.0,0,F,N,Y,2,144000.0,Working,Secondary / secondary special,Married,House / apartment,-11147,-262,Cleaning staff,4,4,1
5065575,0.0,X,F,N,Y,2,144000.0,Working,Secondary / secondary special,Married,House / apartment,-11147,-262,Cleaning staff,4,4,1
5065579,0.0,C,F,N,Y,2,144000.0,Working,Secondary / secondary special,Married,House / apartment,-11147,-262,Cleaning staff,4,2,1
5065581,0.0,C,F,N,Y,2,144000.0,Working,Secondary / secondary special,Married,House / apartment,-11147,-262,Cleaning staff,4,2,1
5065583,0.0,X,F,Y,N,1,90000.0,State servant,Secondary / secondary special,Married,Municipal apartment,-13891,-7080,Medicine staff,3,1,1
5065585,0.0,C,F,Y,N,1,90000.0,State servant,Secondary / secondary special,Married,Municipal apartment,-13891,-7080,Medicine staff,3,0,1
5065586,0.0,C,F,Y,N,1,90000.0,State servant,Secondary / secondary special,Married,Municipal apartment,-13891,-7080,Medicine staff,3,0,1
5065587,0.0,0,F,Y,N,1,90000.0,State servant,Secondary / secondary special,Married,Municipal apartment,-13891,-7080,Medicine staff,3,1,1
5065591,0.0,0,F,Y,N,1,90000.0,State servant,Secondary / secondary special,Married,Municipal apartment,-13891,-7080,Medicine staff,3,1,1
5065592,0.0,C,F,Y,N,1,90000.0,State servant,Secondary / secondary special,Married,Municipal apartment,-13891,-7080,Medicine staff,3,0,1
5065594,0.0,X,F,Y,N,1,90000.0,State servant,Secondary / secondary special,Married,Municipal apartment,-13891,-7080,Medicine staff,3,1,1
5065601,0.0,0,M,N,Y,0,157500.0,Commercial associate,Secondary / secondary special,Married,House / apartment,-20867,-1266,Laborers,2,1,0
5065602,0.0,0,M,N,Y,0,157500.0,Commercial associate,Secondary / secondary special,Married,House / apartment,-20867,-1266,Laborers,2,1,0
5065608,0.0,0,F,N,Y,0,202500.0,Working,Secondary / secondary special,Married,House / apartment,-16299,-655,Managers,2,4,0
5065609,0.0,C,F,N,Y,0,202500.0,Working,Secondary / secondary special,Married,House / apartment,-16299,-655,Managers,2,2,0
5065611,0.0,0,F,N,Y,0,202500.0,Working,Secondary / secondary special,Married,House / apartment,-16299,-655,Managers,2,4,0
5065614,0.0,0,F,N,Y,0,202500.0,Working,Secondary / secondary special,Married,House / apartment,-16299,-655,Managers,2,4,0
5065617,0.0,0,F,Y,N,0,157500.0,Commercial associate,Secondary / secondary special,Single / not married,With parents,-8076,-596,Core staff,1,1,0
5065621,0.0,0,M,N,Y,0,247500.0,Commercial associate,Secondary / secondary special,Married,House / apartment,-15302,-596,Laborers,2,1,0
5065623,0.0,C,M,N,Y,0,247500.0,Commercial associate,Secondary / secondary special,Married,House / apartment,-15302,-596,Laborers,2,2,0
5065626,0.0,X,F,N,Y,0,274500.0,Working,Higher education,Married,House / apartment,-21295,-2847,Accountants,2,1,2
5065628,0.0,0,F,N,Y,0,274500.0,Working,Higher education,Married,House / apartment,-21295,-2847,Accountants,2,1,2
5065632,0.0,0,F,N,N,0,90000.0,Working,Higher education,Separated,House / apartment,-17029,-1996,Sales staff,1,1,0
5065635,0.0,0,M,Y,Y,0,157500.0,Working,Secondary / secondary special,Civil marriage,House / apartment,-9373,-1212,Drivers,2,4,0
5065637,0.0,C,M,Y,Y,0,157500.0,Working,Secondary / secondary special,Civil marriage,House / apartment,-9373,-1212,Drivers,2,2,0
5065639,0.0,0,M,N,Y,1,180000.0,Working,Secondary / secondary special,Separated,House / apartment,-16464,-907,Drivers,2,4,0
5065641,0.0,0,M,Y,Y,2,225000.0,Working,Secondary / secondary special,Married,House / apartment,-16221,-6903,Laborers,4,2,1
5065642,0.0,0,M,Y,Y,2,225000.0,Working,Secondary / secondary special,Married,House / apartment,-16221,-6903,Laborers,4,2,1
5065646,0.0,0,M,Y,Y,2,225000.0,Working,Secondary / secondary special,Married,House / apartment,-16221,-6903,Laborers,4,2,1
5065648,0.0,0,F,N,Y,0,67500.0,Working,Secondary / secondary special,Married,Office apartment,-10338,-2520,Core staff,2,4,0
5065649,0.0,C,M,Y,N,1,202500.0,Commercial associate,Secondary / secondary special,Married,House / apartment,-14749,-2946,Drivers,3,0,1
5065650,0.0,C,M,Y,N,1,202500.0,Commercial associate,Secondary / secondary special,Married,House / apartment,-14749,-2946,Drivers,3,0,1
5065651,0.0,X,M,Y,N,1,202500.0,Commercial associate,Secondary / secondary special,Married,House / apartment,-14749,-2946,Drivers,3,1,1
5065654,0.0,C,F,N,Y,0,112500.0,Working,Secondary / secondary special,Single / not married,House / apartment,-21864,-999,Cooking staff,1,4,0
5065655,0.0,C,F,N,Y,0,112500.0,Working,Secondary / secondary special,Single / not married,House / apartment,-21864,-999,Cooking staff,1,4,0
5065656,0.0,C,M,N,N,0,135000.0,Working,Secondary / secondary special,Married,House / apartment,-14565,-1304,Drivers,2,2,0
5065657,0.0,0,M,Y,Y,0,180000.0,Working,Secondary / secondary special,Single / not married,House / apartment,-19307,-603,Laborers,1,4,0
5065659,0.0,0,M,Y,Y,0,180000.0,Working,Secondary / secondary special,Single / not married,House / apartment,-19307,-603,Laborers,1,4,0
5065660,0.0,0,M,Y,Y,0,180000.0,Working,Secondary / secondary special,Single / not married,House / apartment,-19307,-603,Laborers,1,4,0
5065661,0.0,0,M,Y,Y,0,180000.0,Working,Secondary / secondary special,Single / not married,House / apartment,-19307,-603,Laborers,1,4,0
5065665,0.0,X,F,N,N,0,157500.0,Working,Secondary / secondary special,Civil marriage,House / apartment,-20096,-1881,Laborers,2,4,0
5065686,0.0,0,F,N,Y,0,270000.0,Working,Secondary / secondary special,Single / not married,House / apartment,-16458,-9581,Laborers,1,4,0
5065688,0.0,0,F,N,Y,0,270000.0,Working,Secondary / secondary special,Single / not married,House / apartment,-16458,-9581,Laborers,1,4,0
5065689,0.0,0,F,N,Y,0,270000.0,Working,Secondary / secondary special,Single / not married,House / apartment,-16458,-9581,Laborers,1,4,0
5065700,0.0,0,M,Y,Y,0,315000.0,Working,Secondary / secondary special,Married,House / apartment,-18213,-1151,Managers,2,2,2
5065709,0.0,C,M,Y,Y,0,112500.0,Working,Secondary / secondary special,Married,House / apartment,-10361,-269,Drivers,2,2,0
5065711,0.0,C,F,Y,Y,0,157500.0,Working,Higher education,Single / not married,House / apartment,-10175,-573,Core staff,1,0,0
5065721,0.0,X,F,N,Y,1,202500.0,State servant,Secondary / secondary special,Civil marriage,House / apartment,-15975,-8760,Private service staff,3,1,0
5065722,0.0,X,F,N,Y,1,202500.0,State servant,Secondary / secondary special,Civil marriage,House / apartment,-15975,-8760,Private service staff,3,1,0
5065723,0.0,C,F,N,Y,1,202500.0,State servant,Secondary / secondary special,Civil marriage,House / apartment,-15975,-8760,Private service staff,3,1,0
5065725,0.0,X,F,N,Y,1,202500.0,State servant,Secondary / secondary special,Civil marriage,House / apartment,-15975,-8760,Private service staff,3,1,0
5065727,0.0,X,F,N,Y,1,202500.0,State servant,Secondary / secondary special,Civil marriage,House / apartment,-15975,-8760,Private service staff,3,1,0
5065728,0.0,X,F,N,Y,1,202500.0,State servant,Secondary / secondary special,Civil marriage,House / apartment,-15975,-8760,Private service staff,3,1,0
5065729,0.0,C,F,N,Y,1,202500.0,State servant,Secondary / secondary special,Civil marriage,House / apartment,-15975,-8760,Private service staff,3,1,0
5065730,0.0,X,F,N,Y,1,202500.0,State servant,Secondary / secondary special,Civil marriage,House / apartment,-15975,-8760,Private service staff,3,1,0
5065731,0.0,X,F,N,Y,1,202500.0,State servant,Secondary / secondary special,Civil marriage,House / apartment,-15975,-8760,Private service staff,3,1,0
5065740,0.0,C,M,N,Y,1,90000.0,Commercial associate,Secondary / secondary special,Married,House / apartment,-16690,-1181,Security staff,3,0,1
5065749,0.0,C,M,Y,Y,0,189000.0,Working,Secondary / secondary special,Married,House / apartment,-15906,-1881,High skill tech staff,2,2,0
5065750,0.0,C,M,Y,Y,0,189000.0,Working,Secondary / secondary special,Married,House / apartment,-15906,-1881,High skill tech staff,2,2,0
5065751,0.0,C,M,Y,Y,0,189000.0,Working,Secondary / secondary special,Married,House / apartment,-15906,-1881,High skill tech staff,2,2,0
5065752,0.0,0,M,Y,Y,0,189000.0,Working,Secondary / secondary special,Married,House / apartment,-15906,-1881,High skill tech staff,2,2,0
5065753,0.0,0,M,Y,Y,0,189000.0,Working,Secondary / secondary special,Married,House / apartment,-15906,-1881,High skill tech staff,2,2,0
5065754,0.0,C,F,Y,Y,0,225000.0,Working,Secondary / secondary special,Civil marriage,House / apartment,-19886,-1577,Accountants,2,2,0
5065755,0.0,C,F,Y,Y,0,225000.0,Working,Secondary / secondary special,Civil marriage,House / apartment,-19886,-1577,Accountants,2,2,0
5065756,0.0,C,M,Y,Y,1,157500.0,Working,Secondary / secondary special,Married,House / apartment,-16902,-1699,Laborers,3,2,1
5065757,0.0,C,M,Y,Y,1,157500.0,Working,Secondary / secondary special,Married,House / apartment,-16902,-1699,Laborers,3,2,1
5065758,0.0,C,M,Y,Y,1,157500.0,Working,Secondary / secondary special,Married,House / apartment,-16902,-1699,Laborers,3,2,1
5065759,0.0,C,M,Y,Y,0,157500.0,Working,Secondary / secondary special,Married,House / apartment,-19483,-2765,Laborers,2,2,0
5065765,0.0,C,F,N,Y,0,189000.0,Working,Secondary / secondary special,Married,House / apartment,-14402,-1059,Sales staff,2,2,0
5065766,0.0,C,F,N,Y,0,189000.0,Working,Secondary / secondary special,Married,House / apartment,-14402,-1059,Sales staff,2,2,0
5065767,0.0,X,F,N,Y,0,189000.0,Working,Secondary / secondary special,Married,House / apartment,-14402,-1059,Sales staff,2,4,0
5065768,0.0,C,F,N,Y,0,189000.0,Working,Secondary / secondary special,Married,House / apartment,-14402,-1059,Sales staff,2,2,0
5065770,0.0,X,F,N,Y,1,90000.0,Working,Secondary / secondary special,Civil marriage,House / apartment,-9269,-512,Cooking staff,3,4,1
5065781,0.0,C,F,N,Y,0,157500.0,Working,Secondary / secondary special,Married,House / apartment,-17343,-938,Sales staff,2,2,0
5065782,0.0,C,F,N,Y,0,157500.0,Working,Secondary / secondary special,Married,House / apartment,-17343,-938,Sales staff,2,2,0
5065784,0.0,C,F,N,Y,0,157500.0,Working,Secondary / secondary special,Married,House / apartment,-17343,-938,Sales staff,2,2,0
5065787,0.0,C,F,N,Y,0,157500.0,Working,Secondary / secondary special,Married,House / apartment,-17343,-938,Sales staff,2,2,0
5065788,0.0,C,F,N,Y,0,157500.0,Working,Secondary / secondary special,Married,House / apartment,-17343,-938,Sales staff,2,2,0
5065789,0.0,0,M,Y,Y,0,315000.0,Working,Secondary / secondary special,Single / not married,House / apartment,-12912,-3403,Drivers,1,4,2
5065791,0.0,X,M,Y,Y,0,315000.0,Working,Secondary / secondary special,Single / not married,House / apartment,-12912,-3403,Drivers,1,2,2
5065792,0.0,0,M,Y,Y,0,315000.0,Working,Secondary / secondary special,Single / not married,House / apartment,-12912,-3403,Drivers,1,4,2
5065793,0.0,X,M,Y,Y,0,315000.0,Working,Secondary / secondary special,Single / not married,House / apartment,-12912,-3403,Drivers,1,2,2
5065795,0.0,0,M,Y,Y,0,315000.0,Working,Secondary / secondary special,Single / not married,House / apartment,-12912,-3403,Drivers,1,4,2
5065807,0.0,C,F,N,N,1,76500.0,Working,Higher education,Married,House / apartment,-15915,-785,Sales staff,3,0,1
5065811,0.0,0,F,N,N,1,76500.0,Working,Higher education,Married,House / apartment,-15915,-785,Sales staff,3,1,1
5065812,0.0,0,F,N,N,1,76500.0,Working,Higher education,Married,House / apartment,-15915,-785,Sales staff,3,1,1
5065815,0.0,C,F,N,Y,0,112500.0,Working,Secondary / secondary special,Single / not married,House / apartment,-19061,-9794,Cooking staff,1,4,0
5065816,0.0,0,F,N,Y,0,112500.0,Working,Secondary / secondary special,Single / not married,House / apartment,-19061,-9794,Cooking staff,1,4,0
5065817,0.0,1,F,N,Y,1,72000.0,Commercial associate,Secondary / secondary special,Married,House / apartment,-8054,-389,Core staff,3,1,0
5065818,0.0,C,F,N,Y,1,81000.0,Commercial associate,Secondary / secondary special,Married,House / apartment,-14494,-1516,Core staff,3,1,1
5065819,0.0,X,M,Y,Y,1,157500.0,Working,Secondary / secondary special,Married,House / apartment,-15879,-2276,Laborers,3,2,1
5065821,0.0,X,F,Y,Y,0,157500.0,Working,Higher education,Civil marriage,House / apartment,-20806,-2338,Managers,2,3,0
5065839,0.0,0,M,N,Y,0,135000.0,Working,Secondary / secondary special,Married,House / apartment,-20448,-907,Security staff,2,4,0
5065841,0.0,0,M,N,Y,0,135000.0,Working,Secondary / secondary special,Married,House / apartment,-20448,-907,Security staff,2,4,0
5066406,0.0,X,F,N,Y,1,292500.0,Working,Incomplete higher,Single / not married,House / apartment,-12665,-2593,Core staff,2,1,2
5066407,0.0,C,F,N,Y,1,292500.0,Working,Incomplete higher,Single / not married,House / apartment,-12665,-2593,Core staff,2,1,2
5066411,0.0,C,F,N,Y,1,292500.0,Working,Incomplete higher,Single / not married,House / apartment,-12665,-2593,Core staff,2,1,2
5066415,0.0,C,F,N,Y,1,292500.0,Working,Incomplete higher,Single / not married,House / apartment,-12665,-2593,Core staff,2,1,2
5066416,0.0,X,F,N,Y,1,292500.0,Working,Incomplete higher,Single / not married,House / apartment,-12665,-2593,Core staff,2,1,2
5066425,0.0,0,F,N,Y,1,225000.0,Commercial associate,Higher education,Married,House / apartment,-13011,-1953,Sales staff,3,3,1
5066427,0.0,X,F,N,Y,1,225000.0,Commercial associate,Higher education,Married,House / apartment,-13011,-1953,Sales staff,3,3,1
5066428,0.0,0,F,N,Y,1,225000.0,Commercial associate,Higher education,Married,House / apartment,-13011,-1953,Sales staff,3,3,1
5066429,0.0,0,F,N,Y,1,225000.0,Commercial associate,Higher education,Married,House / apartment,-13011,-1953,Sales staff,3,3,1
5066430,0.0,0,F,N,Y,1,225000.0,Commercial associate,Higher education,Married,House / apartment,-13011,-1953,Sales staff,3,3,1
5066431,0.0,C,M,N,Y,0,180000.0,Working,Secondary / secondary special,Married,House / apartment,-16289,-3049,Sales staff,2,2,0
5066432,0.0,0,M,N,Y,0,180000.0,Working,Secondary / secondary special,Married,House / apartment,-16289,-3049,Sales staff,2,4,0
5066433,0.0,C,M,N,Y,0,180000.0,Working,Secondary / secondary special,Married,House / apartment,-16289,-3049,Sales staff,2,2,0
5066434,0.0,C,M,N,Y,0,180000.0,Working,Secondary / secondary special,Married,House / apartment,-16289,-3049,Sales staff,2,2,0
5066435,0.0,0,M,Y,Y,0,157500.0,Working,Secondary / secondary special,Married,House / apartment,-17344,-553,Drivers,2,2,0
5066441,0.0,0,M,Y,Y,0,157500.0,Working,Secondary / secondary special,Married,House / apartment,-17344,-553,Drivers,2,2,0
5066446,0.0,C,F,N,Y,2,225000.0,Working,Secondary / secondary special,Civil marriage,House / apartment,-11268,-1741,Sales staff,4,4,1
5066447,0.0,C,F,N,Y,2,225000.0,Working,Secondary / secondary special,Civil marriage,House / apartment,-11268,-1741,Sales staff,4,4,1
5066448,0.0,C,F,N,Y,2,225000.0,Working,Secondary / secondary special,Civil marriage,House / apartment,-11268,-1741,Sales staff,4,4,1
5066449,0.0,C,F,N,Y,0,315000.0,Commercial associate,Secondary / secondary special,Single / not married,House / apartment,-20092,-1345,Cleaning staff,1,1,2
5066450,0.0,1,F,N,Y,0,315000.0,Commercial associate,Secondary / secondary special,Single / not married,House / apartment,-20092,-1345,Cleaning staff,1,1,0
5066452,0.0,C,F,N,Y,0,315000.0,Commercial associate,Secondary / secondary special,Single / not married,House / apartment,-20092,-1345,Cleaning staff,1,1,2
5066458,0.0,C,F,Y,Y,0,135000.0,Working,Secondary / secondary special,Separated,House / apartment,-16211,-1406,Laborers,1,2,0
5066463,0.0,X,F,Y,Y,0,135000.0,Working,Secondary / secondary special,Separated,House / apartment,-16211,-1406,Laborers,1,4,0
5066464,0.0,X,F,Y,Y,0,135000.0,Working,Secondary / secondary special,Separated,House / apartment,-16211,-1406,Laborers,1,4,0
5066465,0.0,0,F,Y,Y,0,135000.0,Working,Secondary / secondary special,Separated,House / apartment,-16211,-1406,Laborers,1,4,0
5066466,0.0,C,F,Y,Y,0,135000.0,Working,Secondary / secondary special,Separated,House / apartment,-16211,-1406,Laborers,1,2,0
5066481,0.0,X,F,N,Y,0,180000.0,Commercial associate,Higher education,Married,With parents,-9624,-2775,Laborers,2,3,0
5066482,0.0,C,F,N,Y,0,180000.0,Commercial associate,Higher education,Married,With parents,-9624,-2775,Laborers,2,3,0
5066484,0.0,0,F,Y,Y,1,166500.0,Working,Secondary / secondary special,Married,House / apartment,-13545,-3840,Medicine staff,3,4,1
5066495,0.0,C,F,N,N,1,112500.0,Working,Higher education,Civil marriage,With parents,-12076,-5362,Laborers,3,0,1
5066496,0.0,C,F,N,N,1,112500.0,Working,Higher education,Civil marriage,With parents,-12076,-5362,Laborers,3,0,1
5066497,0.0,C,F,N,N,1,112500.0,Working,Higher education,Civil marriage,With parents,-12076,-5362,Laborers,3,0,1
5066498,0.0,C,F,N,N,1,112500.0,Working,Higher education,Civil marriage,With parents,-12076,-5362,Laborers,3,0,1
5066499,0.0,C,F,N,N,1,112500.0,Working,Higher education,Civil marriage,With parents,-12076,-5362,Laborers,3,0,1
5066500,0.0,C,F,N,N,1,112500.0,Working,Higher education,Civil marriage,With parents,-12076,-5362,Laborers,3,0,1
5066506,0.0,0,F,N,Y,0,157500.0,Working,Secondary / secondary special,Single / not married,House / apartment,-17538,-7676,Private service staff,1,4,0
5066509,0.0,C,F,N,Y,0,157500.0,Working,Secondary / secondary special,Single / not married,House / apartment,-17538,-7676,Private service staff,1,4,0
5066511,0.0,0,F,N,Y,0,157500.0,Working,Secondary / secondary special,Single / not married,House / apartment,-17538,-7676,Private service staff,1,4,0
5066512,0.0,C,F,N,Y,0,157500.0,Working,Secondary / secondary special,Single / not married,House / apartment,-17538,-7676,Private service staff,1,4,0
5066514,0.0,C,F,N,Y,0,157500.0,Working,Secondary / secondary special,Single / not married,House / apartment,-17538,-7676,Private service staff,1,4,0
5066519,0.0,C,F,N,Y,0,144000.0,Working,Secondary / secondary special,Married,House / apartment,-19975,-10780,Laborers,2,2,0
5066520,0.0,X,F,N,Y,0,144000.0,Working,Secondary / secondary special,Married,House / apartment,-19975,-10780,Laborers,2,4,0
5066521,0.0,C,F,N,Y,0,144000.0,Working,Secondary / secondary special,Married,House / apartment,-19975,-10780,Laborers,2,2,0
5066522,0.0,X,F,N,Y,0,144000.0,Working,Secondary / secondary special,Married,House / apartment,-19975,-10780,Laborers,2,4,0
5066523,0.0,0,F,N,Y,0,144000.0,Working,Secondary / secondary special,Married,House / apartment,-19975,-10780,Laborers,2,4,0
5066535,0.0,C,M,Y,Y,1,900000.0,Working,Secondary / secondary special,Married,Co-op apartment,-15344,-1101,Managers,3,2,2
5066539,0.0,X,M,Y,Y,1,900000.0,Working,Secondary / secondary special,Married,Co-op apartment,-15344,-1101,Managers,3,2,2
5066540,0.0,C,M,Y,Y,1,900000.0,Working,Secondary / secondary special,Married,Co-op apartment,-15344,-1101,Managers,3,2,2
5066542,0.0,0,M,Y,Y,1,900000.0,Working,Secondary / secondary special,Married,Co-op apartment,-15344,-1101,Managers,3,2,2
5066543,0.0,C,M,Y,Y,1,900000.0,Working,Secondary / secondary special,Married,Co-op apartment,-15344,-1101,Managers,3,2,2
5066544,0.0,X,M,Y,Y,1,900000.0,Working,Secondary / secondary special,Married,Co-op apartment,-15344,-1101,Managers,3,2,2
5066554,0.0,0,F,Y,N,1,180000.0,State servant,Secondary / secondary special,Married,Municipal apartment,-17558,-1802,Core staff,3,1,1
5066558,0.0,X,F,Y,N,1,180000.0,State servant,Secondary / secondary special,Married,Municipal apartment,-17558,-1802,Core staff,3,1,1
5066559,0.0,X,F,Y,N,1,180000.0,State servant,Secondary / secondary special,Married,Municipal apartment,-17558,-1802,Core staff,3,1,1
5066561,0.0,C,F,N,N,0,180000.0,Commercial associate,Incomplete higher,Married,With parents,-8247,-430,Sales staff,2,3,0
5066563,0.0,0,F,N,N,0,180000.0,Commercial associate,Incomplete higher,Married,With parents,-8247,-430,Sales staff,2,1,0
5066570,0.0,C,F,Y,Y,1,315000.0,Working,Incomplete higher,Single / not married,House / apartment,-11725,-2044,Core staff,2,0,2
5066571,0.0,C,F,Y,Y,1,315000.0,Working,Incomplete higher,Single / not married,House / apartment,-11725,-2044,Core staff,2,0,2
5066572,0.0,C,F,Y,Y,1,315000.0,Working,Incomplete higher,Single / not married,House / apartment,-11725,-2044,Core staff,2,0,2
5066574,0.0,0,F,Y,Y,1,315000.0,Working,Incomplete higher,Single / not married,House / apartment,-11725,-2044,Core staff,2,1,2
5066581,0.0,C,F,Y,Y,1,315000.0,Working,Incomplete higher,Single / not married,House / apartment,-11725,-2044,Core staff,2,0,2
5066582,0.0,X,F,Y,Y,1,315000.0,Working,Incomplete higher,Single / not married,House / apartment,-11725,-2044,Core staff,2,1,2
5066583,0.0,X,F,Y,Y,1,315000.0,Working,Incomplete higher,Single / not married,House / apartment,-11725,-2044,Core staff,2,1,2
5066586,0.0,0,F,Y,Y,0,76500.0,Working,Secondary / secondary special,Married,House / apartment,-12380,-2287,High skill tech staff,2,4,0
5066588,0.0,0,F,Y,Y,0,76500.0,Working,Secondary / secondary special,Married,House / apartment,-12380,-2287,High skill tech staff,2,4,0
5066592,0.0,C,F,N,N,1,360000.0,Commercial associate,Higher education,Civil marriage,House / apartment,-14805,-1922,Sales staff,3,3,2
5066602,0.0,0,F,N,N,1,360000.0,Commercial associate,Higher education,Civil marriage,House / apartment,-14805,-1922,Sales staff,3,3,2
5066611,0.0,C,M,N,Y,0,247500.0,Working,Secondary / secondary special,Married,House / apartment,-18538,-1437,Laborers,2,2,0
5066612,0.0,0,M,N,Y,0,247500.0,Working,Secondary / secondary special,Married,House / apartment,-18538,-1437,Laborers,2,4,0
5066614,0.0,C,F,N,Y,0,139500.0,Working,Secondary / secondary special,Married,House / apartment,-18730,-157,Cooking staff,2,2,0
5066617,0.0,C,F,N,Y,0,139500.0,Working,Secondary / secondary special,Married,House / apartment,-18730,-157,Cooking staff,2,2,0
5066618,0.0,0,F,N,Y,0,139500.0,Working,Secondary / secondary special,Married,House / apartment,-18730,-157,Cooking staff,2,4,0
5066620,0.0,0,F,N,Y,0,139500.0,Working,Secondary / secondary special,Married,House / apartment,-18730,-157,Cooking staff,2,4,0
5066621,0.0,0,F,N,Y,0,139500.0,Working,Secondary / secondary special,Married,House / apartment,-18730,-157,Cooking staff,2,4,0
5066622,0.0,C,F,N,Y,0,139500.0,Working,Secondary / secondary special,Married,House / apartment,-18730,-157,Cooking staff,2,2,0
5066646,0.0,0,F,N,N,4,67500.0,Commercial associate,Secondary / secondary special,Married,House / apartment,-13280,-280,Sales staff,6,1,1
5066668,0.0,0,F,N,Y,0,324000.0,Working,Secondary / secondary special,Separated,House / apartment,-16120,-1557,High skill tech staff,1,4,2
5066670,0.0,0,F,N,Y,0,324000.0,Working,Secondary / secondary special,Separated,House / apartment,-16120,-1557,High skill tech staff,1,4,2
5066671,0.0,C,F,N,Y,0,324000.0,Working,Secondary / secondary special,Separated,House / apartment,-16120,-1557,High skill tech staff,1,4,2
5066672,0.0,C,F,N,Y,0,324000.0,Working,Secondary / secondary special,Separated,House / apartment,-16120,-1557,High skill tech staff,1,4,2
5066673,0.0,C,F,N,Y,0,324000.0,Working,Secondary / secondary special,Separated,House / apartment,-16120,-1557,High skill tech staff,1,4,2
5066674,0.0,X,F,N,Y,0,324000.0,Working,Secondary / secondary special,Separated,House / apartment,-16120,-1557,High skill tech staff,1,4,2
5066689,0.0,C,F,N,Y,0,180000.0,Commercial associate,Higher education,Civil marriage,House / apartment,-12946,-341,Sales staff,2,3,0
5066691,0.0,C,F,N,Y,0,180000.0,Commercial associate,Higher education,Civil marriage,House / apartment,-12946,-341,Sales staff,2,3,0
5066693,0.0,X,F,N,Y,0,180000.0,Commercial associate,Higher education,Civil marriage,House / apartment,-12946,-341,Sales staff,2,3,0
5066696,0.0,0,F,N,Y,0,180000.0,Commercial associate,Higher education,Married,House / apartment,-15051,-614,Laborers,2,3,0
5066698,0.0,C,F,N,Y,0,180000.0,Commercial associate,Higher education,Married,House / apartment,-15051,-614,Laborers,2,3,0
5066706,0.0,X,M,Y,N,0,180000.0,Commercial associate,Secondary / secondary special,Single / not married,Office apartment,-9710,-1376,Drivers,1,1,0
5066707,0.0,X,M,Y,N,0,180000.0,Commercial associate,Secondary / secondary special,Single / not married,Office apartment,-9710,-1376,Drivers,1,1,0
5066721,0.0,C,M,Y,Y,0,108000.0,Working,Secondary / secondary special,Separated,With parents,-16835,-1132,Core staff,1,2,0
5066742,0.0,X,F,N,Y,0,112500.0,Working,Secondary / secondary special,Single / not married,House / apartment,-18929,-1376,Sales staff,1,4,0
5066745,0.0,X,F,N,Y,0,112500.0,Working,Secondary / secondary special,Single / not married,House / apartment,-18929,-1376,Sales staff,1,4,0
5066746,0.0,C,F,N,Y,0,112500.0,Working,Secondary / secondary special,Single / not married,House / apartment,-18929,-1376,Sales staff,1,4,0
5066759,0.0,0,F,Y,Y,0,225000.0,Commercial associate,Higher education,Married,House / apartment,-19368,-3018,Sales staff,2,3,0
5066766,0.0,X,F,N,Y,1,63000.0,Commercial associate,Secondary / secondary special,Married,House / apartment,-14550,-2987,Sales staff,3,1,1
5066767,0.0,X,F,N,Y,1,63000.0,Commercial associate,Secondary / secondary special,Married,House / apartment,-14550,-2987,Sales staff,3,1,1
5066768,0.0,0,F,N,Y,1,63000.0,Commercial associate,Secondary / secondary special,Married,House / apartment,-14550,-2987,Sales staff,3,1,1
5066771,0.0,C,M,Y,Y,0,225000.0,Commercial associate,Secondary / secondary special,Married,House / apartment,-10033,-2075,Managers,2,0,0
5066775,0.0,C,M,Y,Y,0,225000.0,Commercial associate,Secondary / secondary special,Married,House / apartment,-10033,-2075,Managers,2,0,0
5066778,0.0,C,M,N,Y,0,180000.0,Working,Secondary / secondary special,Single / not married,House / apartment,-15290,-1253,Security staff,1,2,0
5066779,0.0,C,M,N,Y,0,180000.0,Working,Secondary / secondary special,Single / not married,House / apartment,-15290,-1253,Security staff,1,2,0
5066783,0.0,0,M,Y,N,1,157500.0,Working,Secondary / secondary special,Married,House / apartment,-15567,-2014,Drivers,3,2,1
5066784,0.0,C,M,Y,N,1,157500.0,Working,Secondary / secondary special,Married,House / apartment,-15567,-2014,Drivers,3,2,1
5066785,0.0,0,M,Y,N,1,157500.0,Working,Secondary / secondary special,Married,House / apartment,-15567,-2014,Drivers,3,2,1
5066790,0.0,C,M,Y,N,1,157500.0,Working,Secondary / secondary special,Married,House / apartment,-15567,-2014,Drivers,3,2,1
5066791,0.0,X,M,Y,N,1,157500.0,Working,Secondary / secondary special,Married,House / apartment,-15567,-2014,Drivers,3,2,1
5066799,0.0,C,F,Y,Y,0,144000.0,Commercial associate,Secondary / secondary special,Married,House / apartment,-16539,-371,Laborers,2,0,0
5066800,0.0,0,F,Y,Y,0,144000.0,Commercial associate,Secondary / secondary special,Married,House / apartment,-16539,-371,Laborers,2,1,0
5066801,0.0,C,F,Y,Y,0,144000.0,Commercial associate,Secondary / secondary special,Married,House / apartment,-16539,-371,Laborers,2,0,0
5066803,0.0,X,F,Y,Y,0,144000.0,Commercial associate,Secondary / secondary special,Married,House / apartment,-16539,-371,Laborers,2,1,0
5066805,0.0,0,F,Y,Y,0,144000.0,Commercial associate,Secondary / secondary special,Married,House / apartment,-16539,-371,Laborers,2,1,0
5066816,0.0,C,F,Y,N,1,360000.0,Working,Higher education,Widow,House / apartment,-16480,-4023,Managers,2,0,2
5066817,0.0,0,F,Y,N,1,360000.0,Working,Higher education,Widow,House / apartment,-16480,-4023,Managers,2,1,2
5066819,0.0,0,F,Y,N,1,360000.0,Working,Higher education,Widow,House / apartment,-16480,-4023,Managers,2,1,2
5066820,0.0,0,F,Y,N,1,360000.0,Working,Higher education,Widow,House / apartment,-16480,-4023,Managers,2,1,2
5066822,0.0,C,F,Y,N,1,360000.0,Working,Higher education,Widow,House / apartment,-16480,-4023,Managers,2,0,2
5066823,0.0,C,F,Y,N,1,360000.0,Working,Higher education,Widow,House / apartment,-16480,-4023,Managers,2,0,2
5066824,0.0,C,F,Y,N,1,360000.0,Working,Higher education,Widow,House / apartment,-16480,-4023,Managers,2,0,2
5066827,0.0,C,F,Y,N,1,360000.0,Working,Higher education,Widow,House / apartment,-16480,-4023,Managers,2,0,2
5066836,0.0,C,F,N,Y,0,382500.0,Working,Secondary / secondary special,Married,House / apartment,-17432,-1710,Secretaries,2,2,2
5066837,0.0,X,F,N,Y,0,382500.0,Working,Secondary / secondary special,Married,House / apartment,-17432,-1710,Secretaries,2,4,2
5066839,0.0,0,F,N,Y,0,382500.0,Working,Secondary / secondary special,Married,House / apartment,-17432,-1710,Secretaries,2,4,2
5066840,0.0,0,M,Y,Y,1,112500.0,Working,Secondary / secondary special,Married,House / apartment,-16150,-1618,Drivers,3,2,1
5066842,0.0,X,M,Y,Y,1,112500.0,Working,Secondary / secondary special,Married,House / apartment,-16150,-1618,Drivers,3,2,1
5066860,0.0,C,F,N,Y,2,54000.0,Working,Secondary / secondary special,Married,House / apartment,-9905,-795,Sales staff,4,2,1
5066864,0.0,C,F,N,Y,2,54000.0,Working,Secondary / secondary special,Married,House / apartment,-9905,-795,Sales staff,4,2,1
5066866,0.0,C,F,N,Y,2,54000.0,Working,Secondary / secondary special,Married,House / apartment,-9905,-795,Sales staff,4,2,1
5066868,0.0,X,M,Y,Y,0,270000.0,Working,Secondary / secondary special,Single / not married,House / apartment,-13805,-1557,Laborers,1,2,0
5066869,0.0,X,M,Y,Y,0,270000.0,Working,Secondary / secondary special,Single / not married,House / apartment,-13805,-1557,Laborers,1,2,0
5066871,0.0,X,M,Y,Y,0,270000.0,Working,Secondary / secondary special,Single / not married,House / apartment,-13805,-1557,Laborers,1,2,0
5066872,0.0,C,M,Y,Y,0,270000.0,Working,Secondary / secondary special,Single / not married,House / apartment,-13805,-1557,Laborers,1,2,0
5066874,0.0,C,M,Y,Y,0,270000.0,Working,Secondary / secondary special,Single / not married,House / apartment,-13805,-1557,Laborers,1,2,0
5066875,0.0,X,M,Y,Y,0,270000.0,Working,Secondary / secondary special,Single / not married,House / apartment,-13805,-1557,Laborers,1,2,0
5066877,0.0,X,M,Y,Y,0,270000.0,Working,Secondary / secondary special,Single / not married,House / apartment,-13805,-1557,Laborers,1,2,0
5066878,0.0,X,M,Y,Y,0,270000.0,Working,Secondary / secondary special,Single / not married,House / apartment,-13805,-1557,Laborers,1,2,0
5066880,0.0,0,M,Y,Y,0,270000.0,Working,Secondary / secondary special,Single / not married,House / apartment,-13805,-1557,Laborers,1,4,0
5090126,0.0,C,M,Y,Y,0,270000.0,Working,Secondary / secondary special,Single / not married,House / apartment,-13805,-1557,Laborers,1,2,0
5066893,0.0,C,M,Y,Y,0,225000.0,Working,Incomplete higher,Married,House / apartment,-20976,-826,Drivers,2,0,0
5066898,0.0,C,F,N,Y,0,180000.0,State servant,Secondary / secondary special,Married,House / apartment,-14842,-8011,Managers,2,0,0
5066899,0.0,X,F,N,Y,0,180000.0,State servant,Secondary / secondary special,Married,House / apartment,-14842,-8011,Managers,2,1,0
5066901,0.0,0,F,N,Y,0,180000.0,State servant,Secondary / secondary special,Married,House / apartment,-14842,-8011,Managers,2,1,0
5066906,0.0,0,F,N,Y,1,180000.0,Commercial associate,Higher education,Civil marriage,With parents,-11471,-1010,HR staff,3,3,1
5066908,0.0,X,F,N,Y,1,180000.0,Commercial associate,Higher education,Civil marriage,With parents,-11471,-1010,HR staff,3,3,1
5066911,0.0,X,M,Y,Y,0,180000.0,Working,Higher education,Married,With parents,-11089,-1467,Laborers,2,0,0
5066915,0.0,C,M,Y,Y,0,180000.0,Working,Higher education,Married,With parents,-11089,-1467,Laborers,2,0,0
5066916,0.0,0,M,Y,Y,0,180000.0,Working,Higher education,Married,With parents,-11089,-1467,Laborers,2,0,0
5066917,0.0,X,M,Y,Y,0,180000.0,Working,Higher education,Married,With parents,-11089,-1467,Laborers,2,0,0
5066921,0.0,0,M,Y,Y,0,180000.0,Working,Higher education,Married,With parents,-11089,-1467,Laborers,2,0,0
5066925,0.0,C,M,N,Y,0,391500.0,Working,Secondary / secondary special,Separated,House / apartment,-17522,-1526,Security staff,1,2,2
5066926,0.0,0,M,N,Y,0,391500.0,Working,Secondary / secondary special,Separated,House / apartment,-17522,-1526,Security staff,1,4,2
5066929,0.0,C,M,N,Y,0,391500.0,Working,Secondary / secondary special,Separated,House / apartment,-17522,-1526,Security staff,1,2,2
5066930,0.0,C,M,N,Y,0,391500.0,Working,Secondary / secondary special,Separated,House / apartment,-17522,-1526,Security staff,1,2,2
5066931,0.0,C,M,N,Y,0,391500.0,Working,Secondary / secondary special,Separated,House / apartment,-17522,-1526,Security staff,1,2,2
5066932,0.0,0,M,N,Y,0,391500.0,Working,Secondary / secondary special,Separated,House / apartment,-17522,-1526,Security staff,1,4,2
5066935,0.0,C,F,N,Y,1,135000.0,Working,Secondary / secondary special,Married,Rented apartment,-14496,-4206,Medicine staff,3,2,1
5066936,0.0,C,F,N,Y,1,135000.0,Working,Secondary / secondary special,Married,Rented apartment,-14496,-4206,Medicine staff,3,2,1
5066937,0.0,0,F,N,Y,1,135000.0,Working,Secondary / secondary special,Married,Rented apartment,-14496,-4206,Medicine staff,3,4,1
5090152,0.0,C,F,N,Y,1,135000.0,Working,Secondary / secondary special,Married,Rented apartment,-14496,-4206,Medicine staff,3,2,1
5066962,0.0,C,F,Y,N,0,427500.0,State servant,Higher education,Married,House / apartment,-17677,-5119,Core staff,2,0,2
5066965,0.0,X,M,Y,N,0,119250.0,Working,Secondary / secondary special,Civil marriage,House / apartment,-17542,-645,Drivers,2,2,0
5066967,0.0,C,M,Y,N,0,119250.0,Working,Secondary / secondary special,Civil marriage,House / apartment,-17542,-645,Drivers,2,2,0
5066968,0.0,C,M,Y,N,0,119250.0,Working,Secondary / secondary special,Civil marriage,House / apartment,-17542,-645,Drivers,2,2,0
5066969,0.0,X,M,Y,N,0,119250.0,Working,Secondary / secondary special,Civil marriage,House / apartment,-17542,-645,Drivers,2,2,0
5066973,0.0,X,M,Y,N,0,119250.0,Working,Secondary / secondary special,Civil marriage,House / apartment,-17542,-645,Drivers,2,2,0
5066974,0.0,C,M,Y,N,0,119250.0,Working,Secondary / secondary special,Civil marriage,House / apartment,-17542,-645,Drivers,2,2,0
5066977,0.0,C,M,Y,N,0,119250.0,Working,Secondary / secondary special,Civil marriage,House / apartment,-17542,-645,Drivers,2,2,0
5066978,0.0,0,M,Y,N,0,119250.0,Working,Secondary / secondary special,Civil marriage,House / apartment,-17542,-645,Drivers,2,4,0
5066979,0.0,C,M,Y,N,0,119250.0,Working,Secondary / secondary special,Civil marriage,House / apartment,-17542,-645,Drivers,2,2,0
5066980,0.0,X,M,Y,N,0,119250.0,Working,Secondary / secondary special,Civil marriage,House / apartment,-17542,-645,Drivers,2,2,0
5066984,0.0,C,M,N,Y,0,180000.0,Working,Secondary / secondary special,Separated,House / apartment,-17965,-218,Laborers,1,2,0
5066985,0.0,0,M,N,Y,0,180000.0,Working,Secondary / secondary special,Separated,House / apartment,-17965,-218,Laborers,1,4,0
5090153,0.0,0,M,N,Y,0,180000.0,Working,Secondary / secondary special,Separated,House / apartment,-17965,-218,Laborers,1,4,0
5066988,0.0,0,F,Y,Y,0,225000.0,Working,Secondary / secondary special,Married,House / apartment,-21217,-1557,Accountants,2,4,0
5066993,0.0,0,F,Y,Y,0,225000.0,Working,Secondary / secondary special,Married,House / apartment,-21217,-1557,Accountants,2,4,0
5066994,0.0,X,F,Y,Y,0,225000.0,Working,Higher education,Civil marriage,House / apartment,-11067,-492,Sales staff,2,1,0
5066996,0.0,X,F,Y,Y,0,225000.0,Working,Higher education,Civil marriage,House / apartment,-11067,-492,Sales staff,2,1,0
5090154,0.0,X,F,Y,Y,0,225000.0,Working,Higher education,Civil marriage,House / apartment,-11067,-492,Sales staff,2,1,0
5067001,0.0,C,M,Y,Y,0,202500.0,Working,Secondary / secondary special,Married,House / apartment,-18752,-11906,Laborers,2,2,0
5067006,0.0,C,M,N,Y,1,157500.0,Working,Secondary / secondary special,Civil marriage,House / apartment,-20315,-5454,Laborers,3,2,1
5067017,0.0,X,M,N,Y,0,225000.0,Working,Secondary / secondary special,Single / not married,House / apartment,-9926,-461,Drivers,1,4,0
5067020,0.0,C,F,Y,Y,1,247500.0,Working,Secondary / secondary special,Civil marriage,House / apartment,-17152,-1253,Laborers,3,2,1
5067022,0.0,C,F,Y,Y,1,247500.0,Working,Secondary / secondary special,Civil marriage,House / apartment,-17152,-1253,Laborers,3,2,1
5067023,0.0,C,F,Y,Y,1,247500.0,Working,Secondary / secondary special,Civil marriage,House / apartment,-17152,-1253,Laborers,3,2,1
5067027,0.0,C,F,N,Y,1,135000.0,Working,Secondary / secondary special,Married,House / apartment,-13589,-1649,Waiters/barmen staff,3,2,1
5067028,0.0,C,F,N,Y,1,135000.0,Working,Secondary / secondary special,Married,House / apartment,-13589,-1649,Waiters/barmen staff,3,2,1
5067032,0.0,C,M,N,Y,0,292500.0,Working,Secondary / secondary special,Married,House / apartment,-19865,-9076,Drivers,2,2,2
5067033,0.0,0,M,N,Y,0,292500.0,Working,Secondary / secondary special,Married,House / apartment,-19865,-9076,Drivers,2,4,2
5067035,0.0,C,M,N,Y,0,292500.0,Working,Secondary / secondary special,Married,House / apartment,-19865,-9076,Drivers,2,2,2
5067039,0.0,C,M,Y,N,1,225000.0,Working,Secondary / secondary special,Married,House / apartment,-18617,-2928,Managers,3,2,1
5067044,0.0,0,F,N,Y,0,189000.0,Working,Secondary / secondary special,Married,House / apartment,-16495,-1437,Sales staff,2,4,0
5067045,0.0,C,F,N,Y,0,189000.0,Working,Secondary / secondary special,Married,House / apartment,-16495,-1437,Sales staff,2,2,0
5067048,0.0,0,M,Y,Y,2,270000.0,Commercial associate,Secondary / secondary special,Married,House / apartment,-17359,-3748,Laborers,4,1,1
5067052,0.0,C,F,Y,Y,2,72000.0,Working,Secondary / secondary special,Married,House / apartment,-10753,-3809,Laborers,4,2,1
5067054,0.0,C,F,Y,Y,0,144000.0,Working,Secondary / secondary special,Married,House / apartment,-15394,-2959,Core staff,2,2,0
5067055,0.0,C,F,Y,Y,0,144000.0,Working,Secondary / secondary special,Married,House / apartment,-15394,-2959,Core staff,2,2,0
5067057,0.0,C,F,Y,Y,0,144000.0,Working,Secondary / secondary special,Married,House / apartment,-15394,-2959,Core staff,2,2,0
5067059,0.0,X,F,Y,Y,2,450000.0,Working,Secondary / secondary special,Married,House / apartment,-14874,-4693,Core staff,4,4,2
5067061,0.0,C,F,Y,Y,2,450000.0,Working,Secondary / secondary special,Married,House / apartment,-14874,-4693,Core staff,4,2,2
5067062,0.0,X,F,Y,Y,2,450000.0,Working,Secondary / secondary special,Married,House / apartment,-14874,-4693,Core staff,4,4,2
5067063,0.0,0,F,Y,Y,2,450000.0,Working,Secondary / secondary special,Married,House / apartment,-14874,-4693,Core staff,4,4,2
5067064,0.0,0,F,Y,Y,2,450000.0,Working,Secondary / secondary special,Married,House / apartment,-14874,-4693,Core staff,4,4,2
5067065,0.0,0,F,Y,Y,2,450000.0,Working,Secondary / secondary special,Married,House / apartment,-14874,-4693,Core staff,4,4,2
5067070,0.0,0,F,N,Y,0,171000.0,State servant,Lower secondary,Widow,House / apartment,-18672,-2593,Medicine staff,1,1,0
5067071,0.0,0,F,N,Y,0,171000.0,State servant,Lower secondary,Widow,House / apartment,-18672,-2593,Medicine staff,1,1,0
5067073,0.0,0,F,N,Y,0,171000.0,State servant,Lower secondary,Widow,House / apartment,-18672,-2593,Medicine staff,1,1,0
5067074,0.0,C,F,N,Y,0,171000.0,State servant,Lower secondary,Widow,House / apartment,-18672,-2593,Medicine staff,1,1,0
5067075,0.0,0,F,N,Y,0,171000.0,State servant,Lower secondary,Widow,House / apartment,-18672,-2593,Medicine staff,1,1,0
5067076,0.0,C,F,N,Y,0,171000.0,State servant,Lower secondary,Widow,House / apartment,-18672,-2593,Medicine staff,1,1,0
5067079,0.0,X,F,N,N,1,225000.0,State servant,Secondary / secondary special,Civil marriage,House / apartment,-17616,-7189,Managers,3,1,1
5067083,0.0,C,M,Y,Y,1,180000.0,Commercial associate,Secondary / secondary special,Single / not married,House / apartment,-12323,-2898,Drivers,2,0,0
5067085,0.0,C,M,Y,Y,1,180000.0,Commercial associate,Secondary / secondary special,Single / not married,House / apartment,-12323,-2898,Drivers,2,0,0
5067086,0.0,C,M,Y,Y,1,180000.0,Commercial associate,Secondary / secondary special,Single / not married,House / apartment,-12323,-2898,Drivers,2,0,0
5067087,0.0,0,M,N,N,0,180000.0,Working,Secondary / secondary special,Married,House / apartment,-13643,-4663,Laborers,2,4,0
5067088,0.0,C,M,N,N,0,180000.0,Working,Secondary / secondary special,Married,House / apartment,-13643,-4663,Laborers,2,2,0
5067089,0.0,C,M,N,N,0,180000.0,Working,Secondary / secondary special,Married,House / apartment,-13643,-4663,Laborers,2,2,0
5067092,0.0,C,M,Y,Y,0,202500.0,Working,Higher education,Married,House / apartment,-14646,-1953,Managers,2,0,0
5067095,0.0,C,M,Y,Y,0,202500.0,Working,Higher education,Married,House / apartment,-14646,-1953,Managers,2,0,0
5067096,0.0,0,M,Y,Y,0,202500.0,Working,Higher education,Married,House / apartment,-14646,-1953,Managers,2,0,0
5067098,0.0,C,M,Y,Y,0,202500.0,Working,Higher education,Married,House / apartment,-14646,-1953,Managers,2,0,0
5067099,0.0,C,F,N,Y,0,121500.0,Working,Secondary / secondary special,Single / not married,House / apartment,-22067,-1625,Laborers,1,4,0
5067100,0.0,0,F,N,Y,0,121500.0,Working,Secondary / secondary special,Single / not married,House / apartment,-22067,-1625,Laborers,1,4,0
5067101,0.0,0,F,N,N,0,180000.0,Commercial associate,Secondary / secondary special,Single / not married,Municipal apartment,-16761,-4534,Sales staff,1,1,0
5067102,0.0,0,F,N,N,0,180000.0,Commercial associate,Secondary / secondary special,Single / not married,Municipal apartment,-16761,-4534,Sales staff,1,1,0
5067103,0.0,0,F,N,N,0,180000.0,Commercial associate,Secondary / secondary special,Single / not married,Municipal apartment,-16761,-4534,Sales staff,1,1,0
5067107,0.0,0,M,N,Y,0,225000.0,Working,Secondary / secondary special,Married,House / apartment,-19378,-396,Drivers,2,4,0
5067125,0.0,X,F,Y,Y,4,112500.0,Working,Secondary / secondary special,Married,House / apartment,-13754,-4169,Medicine staff,6,4,1
5067126,0.0,X,F,Y,Y,4,112500.0,Working,Secondary / secondary special,Married,House / apartment,-13754,-4169,Medicine staff,6,4,1
5067131,0.0,X,M,N,N,0,180000.0,Commercial associate,Higher education,Civil marriage,House / apartment,-19365,-243,Laborers,2,3,0
5067132,0.0,C,M,N,N,0,180000.0,Commercial associate,Higher education,Civil marriage,House / apartment,-19365,-243,Laborers,2,3,0
5067133,0.0,C,M,N,N,0,180000.0,Commercial associate,Higher education,Civil marriage,House / apartment,-19365,-243,Laborers,2,3,0
5067134,0.0,C,M,N,N,0,180000.0,Commercial associate,Higher education,Civil marriage,House / apartment,-19365,-243,Laborers,2,3,0
5067142,0.0,C,F,N,N,0,247500.0,Working,Higher education,Single / not married,With parents,-10343,-2058,Sales staff,1,0,0
5067143,0.0,C,F,N,N,0,247500.0,Working,Higher education,Single / not married,With parents,-10343,-2058,Sales staff,1,0,0
5067144,0.0,C,F,N,N,0,247500.0,Working,Higher education,Single / not married,With parents,-10343,-2058,Sales staff,1,0,0
5067145,0.0,C,F,N,N,0,247500.0,Working,Higher education,Single / not married,With parents,-10343,-2058,Sales staff,1,0,0
5067155,0.0,C,M,Y,N,0,157500.0,Working,Secondary / secondary special,Single / not married,House / apartment,-11724,-3703,Laborers,1,2,0
5067157,0.0,0,M,Y,N,0,157500.0,Working,Secondary / secondary special,Single / not married,House / apartment,-11724,-3703,Laborers,1,4,0
5067158,0.0,C,M,Y,N,0,157500.0,Working,Secondary / secondary special,Single / not married,House / apartment,-11724,-3703,Laborers,1,2,0
5067160,0.0,C,M,Y,N,0,157500.0,Working,Secondary / secondary special,Single / not married,House / apartment,-11724,-3703,Laborers,1,2,0
5067161,0.0,0,M,Y,N,0,157500.0,Working,Secondary / secondary special,Single / not married,House / apartment,-11724,-3703,Laborers,1,4,0
5067162,0.0,X,M,Y,N,0,157500.0,Working,Secondary / secondary special,Single / not married,House / apartment,-11724,-3703,Laborers,1,2,0
5067163,0.0,X,F,N,N,0,122400.0,Working,Secondary / secondary special,Married,House / apartment,-20952,-1155,Medicine staff,2,4,0
5067165,0.0,0,F,N,N,0,122400.0,Working,Secondary / secondary special,Married,House / apartment,-20952,-1155,Medicine staff,2,4,0
5067166,0.0,C,F,N,N,0,122400.0,Working,Secondary / secondary special,Married,House / apartment,-20952,-1155,Medicine staff,2,2,0
5067168,0.0,X,F,N,N,0,122400.0,Working,Secondary / secondary special,Married,House / apartment,-20952,-1155,Medicine staff,2,4,0
5067170,0.0,X,F,N,N,0,122400.0,Working,Secondary / secondary special,Married,House / apartment,-20952,-1155,Medicine staff,2,4,0
5067171,0.0,C,F,N,N,0,122400.0,Working,Secondary / secondary special,Married,House / apartment,-20952,-1155,Medicine staff,2,2,0
5067172,0.0,X,F,N,N,0,122400.0,Working,Secondary / secondary special,Married,House / apartment,-20952,-1155,Medicine staff,2,4,0
5067174,0.0,X,F,N,N,0,122400.0,Working,Secondary / secondary special,Married,House / apartment,-20952,-1155,Medicine staff,2,4,0
5067175,0.0,0,F,N,N,0,122400.0,Working,Secondary / secondary special,Married,House / apartment,-20952,-1155,Medicine staff,2,4,0
5067182,0.0,0,F,N,Y,0,112500.0,Working,Higher education,Married,House / apartment,-11432,-820,Core staff,2,1,0
5067187,0.0,0,F,N,Y,0,112500.0,Working,Higher education,Married,House / apartment,-11432,-820,Core staff,2,1,0
5067188,0.0,C,F,N,Y,0,112500.0,Working,Higher education,Married,House / apartment,-11432,-820,Core staff,2,0,0
5067189,0.0,0,F,N,Y,0,112500.0,Working,Higher education,Married,House / apartment,-11432,-820,Core staff,2,1,0
5067190,0.0,0,F,N,Y,0,112500.0,Working,Higher education,Married,House / apartment,-11432,-820,Core staff,2,1,0
5067191,0.0,C,M,Y,Y,0,180000.0,Working,Lower secondary,Single / not married,House / apartment,-11988,-2495,Laborers,1,2,0
5067192,0.0,0,M,Y,Y,0,180000.0,Working,Lower secondary,Single / not married,House / apartment,-11988,-2495,Laborers,1,4,0
5067193,0.0,0,M,Y,Y,0,180000.0,Working,Lower secondary,Single / not married,House / apartment,-11988,-2495,Laborers,1,4,0
5067194,0.0,X,M,N,N,1,405000.0,Working,Secondary / secondary special,Married,With parents,-12675,-1328,Drivers,3,4,2
5067196,0.0,X,M,N,N,1,405000.0,Working,Secondary / secondary special,Married,With parents,-12675,-1328,Drivers,3,4,2
5067199,0.0,C,M,N,N,1,405000.0,Working,Secondary / secondary special,Married,With parents,-12675,-1328,Drivers,3,2,2
5067200,0.0,C,M,N,N,1,405000.0,Working,Secondary / secondary special,Married,With parents,-12675,-1328,Drivers,3,2,2
5067201,0.0,C,M,N,N,1,405000.0,Working,Secondary / secondary special,Married,With parents,-12675,-1328,Drivers,3,2,2
5067202,0.0,C,M,N,N,1,405000.0,Working,Secondary / secondary special,Married,With parents,-12675,-1328,Drivers,3,2,2
5067203,0.0,C,M,N,N,1,405000.0,Working,Secondary / secondary special,Married,With parents,-12675,-1328,Drivers,3,2,2
5067205,0.0,0,M,N,N,1,405000.0,Working,Secondary / secondary special,Married,With parents,-12675,-1328,Drivers,3,4,2
5067206,0.0,0,M,N,N,1,405000.0,Working,Secondary / secondary special,Married,With parents,-12675,-1328,Drivers,3,4,2
5067207,0.0,X,M,N,N,1,405000.0,Working,Secondary / secondary special,Married,With parents,-12675,-1328,Drivers,3,4,2
5067208,0.0,0,M,N,N,1,405000.0,Working,Secondary / secondary special,Married,With parents,-12675,-1328,Drivers,3,4,2
5067213,0.0,0,F,Y,Y,0,202500.0,Commercial associate,Secondary / secondary special,Married,House / apartment,-9613,-1085,Core staff,2,1,0
5067214,0.0,C,F,Y,Y,0,202500.0,Commercial associate,Secondary / secondary special,Married,House / apartment,-9613,-1085,Core staff,2,0,0
5067215,0.0,C,F,Y,Y,0,202500.0,Commercial associate,Secondary / secondary special,Married,House / apartment,-9613,-1085,Core staff,2,0,0
5067216,0.0,C,F,Y,Y,0,202500.0,Commercial associate,Secondary / secondary special,Married,House / apartment,-9613,-1085,Core staff,2,0,0
5067222,0.0,X,F,Y,Y,0,391500.0,Working,Secondary / secondary special,Married,House / apartment,-16995,-7264,Core staff,2,4,2
5067223,0.0,C,F,Y,Y,0,391500.0,Working,Secondary / secondary special,Married,House / apartment,-16995,-7264,Core staff,2,2,2
5067224,0.0,C,F,Y,Y,0,391500.0,Working,Secondary / secondary special,Married,House / apartment,-16995,-7264,Core staff,2,2,2
5067225,0.0,C,F,Y,Y,0,391500.0,Working,Secondary / secondary special,Married,House / apartment,-16995,-7264,Core staff,2,2,2
5067226,0.0,C,F,Y,Y,0,391500.0,Working,Secondary / secondary special,Married,House / apartment,-16995,-7264,Core staff,2,2,2
5067228,0.0,0,F,Y,Y,0,391500.0,Working,Secondary / secondary special,Married,House / apartment,-16995,-7264,Core staff,2,4,2
5067232,0.0,C,F,Y,Y,0,391500.0,Working,Secondary / secondary special,Married,House / apartment,-16995,-7264,Core staff,2,2,2
5067233,0.0,C,F,Y,Y,0,391500.0,Working,Secondary / secondary special,Married,House / apartment,-16995,-7264,Core staff,2,2,2
5067236,0.0,C,F,Y,Y,0,391500.0,Working,Secondary / secondary special,Married,House / apartment,-16995,-7264,Core staff,2,2,2
5067237,0.0,C,F,Y,Y,0,391500.0,Working,Secondary / secondary special,Married,House / apartment,-16995,-7264,Core staff,2,2,2
5067238,0.0,C,F,Y,Y,0,391500.0,Working,Secondary / secondary special,Married,House / apartment,-16995,-7264,Core staff,2,2,2
5067239,0.0,C,F,Y,Y,0,391500.0,Working,Secondary / secondary special,Married,House / apartment,-16995,-7264,Core staff,2,2,2
5067240,0.0,0,F,Y,Y,0,391500.0,Working,Secondary / secondary special,Married,House / apartment,-16995,-7264,Core staff,2,4,2
5067241,0.0,X,F,Y,Y,0,391500.0,Working,Secondary / secondary special,Married,House / apartment,-16995,-7264,Core staff,2,4,2
5067242,0.0,0,F,Y,Y,0,391500.0,Working,Secondary / secondary special,Married,House / apartment,-16995,-7264,Core staff,2,4,2
5067243,0.0,C,F,Y,Y,0,391500.0,Working,Secondary / secondary special,Married,House / apartment,-16995,-7264,Core staff,2,2,2
5067244,0.0,C,F,Y,Y,0,391500.0,Working,Secondary / secondary special,Married,House / apartment,-16995,-7264,Core staff,2,2,2
5067245,0.0,C,F,Y,Y,0,391500.0,Working,Secondary / secondary special,Married,House / apartment,-16995,-7264,Core staff,2,2,2
5067246,0.0,C,F,Y,Y,0,391500.0,Working,Secondary / secondary special,Married,House / apartment,-16995,-7264,Core staff,2,2,2
5067247,0.0,C,F,Y,Y,0,391500.0,Working,Secondary / secondary special,Married,House / apartment,-16995,-7264,Core staff,2,2,2
5067248,0.0,C,F,Y,Y,0,391500.0,Working,Secondary / secondary special,Married,House / apartment,-16995,-7264,Core staff,2,2,2
5067249,0.0,C,F,Y,Y,0,391500.0,Working,Secondary / secondary special,Married,House / apartment,-16995,-7264,Core staff,2,2,2
5067273,0.0,C,F,N,Y,0,135000.0,Working,Secondary / secondary special,Civil marriage,House / apartment,-13797,-4230,Core staff,2,4,0
5067274,0.0,C,F,N,Y,0,135000.0,Working,Secondary / secondary special,Civil marriage,House / apartment,-13797,-4230,Core staff,2,4,0
5067275,0.0,0,F,N,Y,0,135000.0,Working,Secondary / secondary special,Civil marriage,House / apartment,-13797,-4230,Core staff,2,4,0
5067276,0.0,C,F,N,Y,0,135000.0,Working,Secondary / secondary special,Civil marriage,House / apartment,-13797,-4230,Core staff,2,4,0
5067277,0.0,0,F,N,Y,0,135000.0,Working,Secondary / secondary special,Civil marriage,House / apartment,-13797,-4230,Core staff,2,4,0
5067278,0.0,C,F,N,Y,0,135000.0,Working,Secondary / secondary special,Civil marriage,House / apartment,-13797,-4230,Core staff,2,4,0
5067294,0.0,X,F,N,Y,0,60376.5,Working,Secondary / secondary special,Separated,House / apartment,-18304,-171,Sales staff,1,4,0
5067295,0.0,C,F,N,Y,0,60376.5,Working,Secondary / secondary special,Separated,House / apartment,-18304,-171,Sales staff,1,4,0
5067296,0.0,C,F,N,Y,0,60376.5,Working,Secondary / secondary special,Separated,House / apartment,-18304,-171,Sales staff,1,4,0
5067300,0.0,C,F,N,N,1,67500.0,Working,Higher education,Married,With parents,-10935,-455,Sales staff,3,0,1
5067301,0.0,X,F,Y,Y,1,103500.0,Working,Higher education,Married,House / apartment,-10024,-1663,Sales staff,3,0,1
5067302,0.0,X,F,Y,Y,1,103500.0,Working,Higher education,Married,House / apartment,-10024,-1663,Sales staff,3,0,1
5067310,0.0,C,F,N,N,0,112500.0,State servant,Secondary / secondary special,Married,House / apartment,-16242,-1540,Core staff,2,1,0
5067311,0.0,0,F,N,N,0,112500.0,State servant,Secondary / secondary special,Married,House / apartment,-16242,-1540,Core staff,2,1,0
5067320,0.0,C,F,Y,N,0,180000.0,Working,Secondary / secondary special,Married,House / apartment,-19007,-7415,Managers,2,2,0
5067321,0.0,X,F,Y,N,0,180000.0,Working,Secondary / secondary special,Married,House / apartment,-19007,-7415,Managers,2,2,0
5067322,0.0,X,M,N,N,2,202500.0,Working,Lower secondary,Married,House / apartment,-13593,-2546,Laborers,4,2,1
5067326,0.0,C,M,N,N,2,202500.0,Working,Lower secondary,Married,House / apartment,-13593,-2546,Laborers,4,2,1
5067327,0.0,X,M,N,N,2,202500.0,Working,Lower secondary,Married,House / apartment,-13593,-2546,Laborers,4,2,1
5067328,0.0,C,M,N,N,2,202500.0,Working,Lower secondary,Married,House / apartment,-13593,-2546,Laborers,4,2,1
5067329,0.0,C,M,N,N,2,202500.0,Working,Lower secondary,Married,House / apartment,-13593,-2546,Laborers,4,2,1
5067332,0.0,0,M,N,N,2,202500.0,Working,Lower secondary,Married,House / apartment,-13593,-2546,Laborers,4,4,1
5067333,0.0,X,M,N,N,2,202500.0,Working,Lower secondary,Married,House / apartment,-13593,-2546,Laborers,4,2,1
5067336,0.0,0,F,N,N,0,441000.0,State servant,Higher education,Married,House / apartment,-18261,-7811,Core staff,2,3,2
5067337,0.0,0,F,N,N,0,441000.0,State servant,Higher education,Married,House / apartment,-18261,-7811,Core staff,2,3,2
5067338,0.0,C,F,N,N,0,441000.0,State servant,Higher education,Married,House / apartment,-18261,-7811,Core staff,2,3,2
5067347,0.0,C,M,Y,Y,1,90000.0,Commercial associate,Secondary / secondary special,Married,House / apartment,-9792,-365,Sales staff,3,0,1
5067348,0.0,0,F,Y,Y,0,202500.0,Working,Secondary / secondary special,Married,House / apartment,-14842,-1420,Sales staff,2,4,0
5067349,0.0,0,F,Y,Y,0,202500.0,Working,Secondary / secondary special,Married,House / apartment,-14842,-1420,Sales staff,2,4,0
5067355,0.0,C,F,N,Y,0,99000.0,State servant,Higher education,Married,Municipal apartment,-23395,-151,Core staff,2,3,0
5067358,0.0,X,M,Y,Y,0,180000.0,Commercial associate,Secondary / secondary special,Married,House / apartment,-16244,-8206,Core staff,2,1,0
5067359,0.0,X,M,Y,Y,0,180000.0,Commercial associate,Secondary / secondary special,Married,House / apartment,-16244,-8206,Core staff,2,1,0
5067360,0.0,X,M,Y,Y,0,180000.0,Commercial associate,Secondary / secondary special,Married,House / apartment,-16244,-8206,Core staff,2,1,0
5067362,0.0,C,M,Y,Y,0,180000.0,Commercial associate,Secondary / secondary special,Married,House / apartment,-16244,-8206,Core staff,2,0,0
5067363,0.0,0,M,Y,Y,0,180000.0,Commercial associate,Secondary / secondary special,Married,House / apartment,-16244,-8206,Core staff,2,1,0
5067366,0.0,C,F,Y,Y,0,315000.0,Commercial associate,Incomplete higher,Single / not married,House / apartment,-9130,-1390,Core staff,1,3,2
5067367,0.0,C,F,Y,Y,0,315000.0,Commercial associate,Incomplete higher,Single / not married,House / apartment,-9130,-1390,Core staff,1,3,2
5067368,0.0,0,F,Y,Y,0,315000.0,Commercial associate,Incomplete higher,Single / not married,House / apartment,-9130,-1390,Core staff,1,1,2
5067369,0.0,C,F,Y,Y,0,315000.0,Commercial associate,Incomplete higher,Single / not married,House / apartment,-9130,-1390,Core staff,1,3,2
5067370,0.0,0,F,Y,Y,0,315000.0,Commercial associate,Incomplete higher,Single / not married,House / apartment,-9130,-1390,Core staff,1,1,2
5067371,0.0,C,F,Y,Y,0,315000.0,Commercial associate,Incomplete higher,Single / not married,House / apartment,-9130,-1390,Core staff,1,3,2
5067372,0.0,C,F,Y,Y,0,315000.0,Commercial associate,Incomplete higher,Single / not married,House / apartment,-9130,-1390,Core staff,1,3,2
5067373,0.0,C,F,Y,Y,0,315000.0,Commercial associate,Incomplete higher,Single / not married,House / apartment,-9130,-1390,Core staff,1,3,2
5067374,0.0,C,F,Y,Y,0,315000.0,Commercial associate,Incomplete higher,Single / not married,House / apartment,-9130,-1390,Core staff,1,3,2
5067375,0.0,C,F,Y,Y,0,315000.0,Commercial associate,Incomplete higher,Single / not married,House / apartment,-9130,-1390,Core staff,1,3,2
5067376,0.0,C,F,Y,Y,0,315000.0,Commercial associate,Incomplete higher,Single / not married,House / apartment,-9130,-1390,Core staff,1,3,2
5067377,0.0,C,F,Y,Y,0,315000.0,Commercial associate,Incomplete higher,Single / not married,House / apartment,-9130,-1390,Core staff,1,3,2
5067378,0.0,1,F,Y,Y,0,315000.0,Commercial associate,Incomplete higher,Single / not married,House / apartment,-9130,-1390,Core staff,1,1,0
5067379,0.0,C,F,Y,Y,0,315000.0,Commercial associate,Incomplete higher,Single / not married,House / apartment,-9130,-1390,Core staff,1,3,2
5067380,0.0,C,F,Y,Y,0,315000.0,Commercial associate,Incomplete higher,Single / not married,House / apartment,-9130,-1390,Core staff,1,3,2
5067381,0.0,C,F,Y,Y,0,315000.0,Commercial associate,Incomplete higher,Single / not married,House / apartment,-9130,-1390,Core staff,1,3,2
5067382,0.0,X,M,N,Y,0,157500.0,Working,Secondary / secondary special,Married,House / apartment,-21794,-1175,Drivers,2,2,0
5067385,0.0,C,M,Y,Y,2,254700.0,Commercial associate,Secondary / secondary special,Married,House / apartment,-17254,-9131,Laborers,4,0,1
5067387,0.0,C,M,Y,Y,2,254700.0,Commercial associate,Secondary / secondary special,Married,House / apartment,-17254,-9131,Laborers,4,0,1
5067388,0.0,0,M,Y,Y,2,254700.0,Commercial associate,Secondary / secondary special,Married,House / apartment,-17254,-9131,Laborers,4,1,1
5067392,0.0,0,M,Y,Y,2,254700.0,Commercial associate,Secondary / secondary special,Married,House / apartment,-17254,-9131,Laborers,4,1,1
5067394,0.0,X,F,N,Y,0,157500.0,Commercial associate,Secondary / secondary special,Single / not married,House / apartment,-18258,-628,Laborers,1,1,0
5067395,0.0,C,F,N,Y,0,157500.0,Commercial associate,Secondary / secondary special,Single / not married,House / apartment,-18258,-628,Laborers,1,1,0
5067399,0.0,C,F,N,Y,0,157500.0,Commercial associate,Secondary / secondary special,Single / not married,House / apartment,-18258,-628,Laborers,1,1,0
5067400,0.0,C,F,N,Y,0,157500.0,Commercial associate,Secondary / secondary special,Single / not married,House / apartment,-18258,-628,Laborers,1,1,0
5067402,0.0,X,F,N,Y,0,157500.0,Commercial associate,Secondary / secondary special,Single / not married,House / apartment,-18258,-628,Laborers,1,1,0
5067403,0.0,C,F,N,Y,0,157500.0,Commercial associate,Secondary / secondary special,Single / not married,House / apartment,-18258,-628,Laborers,1,1,0
5067404,0.0,C,F,N,Y,0,157500.0,Commercial associate,Secondary / secondary special,Single / not married,House / apartment,-18258,-628,Laborers,1,1,0
5067406,0.0,C,F,N,Y,0,157500.0,Commercial associate,Secondary / secondary special,Single / not married,House / apartment,-18258,-628,Laborers,1,1,0
5067407,0.0,0,F,N,Y,0,157500.0,Commercial associate,Secondary / secondary special,Single / not married,House / apartment,-18258,-628,Laborers,1,1,0
5067408,0.0,C,F,N,Y,0,157500.0,Commercial associate,Secondary / secondary special,Single / not married,House / apartment,-18258,-628,Laborers,1,1,0
5067409,0.0,C,F,N,Y,0,157500.0,Commercial associate,Secondary / secondary special,Single / not married,House / apartment,-18258,-628,Laborers,1,1,0
5067413,0.0,0,M,Y,Y,0,225000.0,Commercial associate,Secondary / secondary special,Married,House / apartment,-11963,-3742,Managers,2,1,0
5067414,0.0,1,M,Y,Y,0,225000.0,Commercial associate,Secondary / secondary special,Married,House / apartment,-11963,-3742,Managers,2,1,0
5067426,0.0,0,F,N,Y,0,193500.0,Commercial associate,Secondary / secondary special,Married,House / apartment,-17909,-121,Laborers,2,1,0
5067427,0.0,0,F,N,Y,0,193500.0,Commercial associate,Secondary / secondary special,Married,House / apartment,-17909,-121,Laborers,2,1,0
5067428,0.0,0,F,N,Y,0,193500.0,Commercial associate,Secondary / secondary special,Married,House / apartment,-17909,-121,Laborers,2,1,0
5067429,0.0,0,F,N,Y,0,193500.0,Commercial associate,Secondary / secondary special,Married,House / apartment,-17909,-121,Laborers,2,1,0
5067453,0.0,X,F,N,Y,0,90000.0,Working,Secondary / secondary special,Married,House / apartment,-18916,-4718,Cleaning staff,2,4,0
5067454,0.0,C,F,N,N,1,121500.0,Working,Secondary / secondary special,Married,House / apartment,-12845,-1278,Sales staff,3,2,1
5067455,0.0,C,F,N,N,1,121500.0,Working,Secondary / secondary special,Married,House / apartment,-12845,-1278,Sales staff,3,2,1
5067456,0.0,C,F,N,N,1,121500.0,Working,Secondary / secondary special,Married,House / apartment,-12845,-1278,Sales staff,3,2,1
5067457,0.0,C,F,N,N,1,121500.0,Working,Secondary / secondary special,Married,House / apartment,-12845,-1278,Sales staff,3,2,1
5067461,0.0,X,F,N,Y,1,247500.0,Commercial associate,Secondary / secondary special,Civil marriage,House / apartment,-11380,-1540,Laborers,3,1,1
5067462,0.0,X,F,N,Y,1,247500.0,Commercial associate,Secondary / secondary special,Civil marriage,House / apartment,-11380,-1540,Laborers,3,1,1
5067463,0.0,X,F,N,Y,1,247500.0,Commercial associate,Secondary / secondary special,Civil marriage,House / apartment,-11380,-1540,Laborers,3,1,1
5067465,0.0,0,F,N,Y,1,247500.0,Commercial associate,Secondary / secondary special,Civil marriage,House / apartment,-11380,-1540,Laborers,3,1,1
5067466,0.0,X,F,N,Y,1,247500.0,Commercial associate,Secondary / secondary special,Civil marriage,House / apartment,-11380,-1540,Laborers,3,1,1
5067467,0.0,0,F,N,Y,1,247500.0,Commercial associate,Secondary / secondary special,Civil marriage,House / apartment,-11380,-1540,Laborers,3,1,1
5067468,0.0,C,F,N,Y,1,247500.0,Commercial associate,Secondary / secondary special,Civil marriage,House / apartment,-11380,-1540,Laborers,3,1,1
5067469,0.0,C,F,N,Y,1,247500.0,Commercial associate,Secondary / secondary special,Civil marriage,House / apartment,-11380,-1540,Laborers,3,1,1
5067470,0.0,C,F,N,Y,1,247500.0,Commercial associate,Secondary / secondary special,Civil marriage,House / apartment,-11380,-1540,Laborers,3,1,1
5067471,0.0,C,F,N,Y,1,247500.0,Commercial associate,Secondary / secondary special,Civil marriage,House / apartment,-11380,-1540,Laborers,3,1,1
5067475,0.0,0,M,Y,Y,0,360000.0,Working,Higher education,Married,House / apartment,-10929,-3318,Drivers,2,0,2
5067477,0.0,C,M,Y,Y,0,360000.0,Working,Higher education,Married,House / apartment,-10929,-3318,Drivers,2,0,2
5067480,0.0,0,M,Y,Y,0,360000.0,Working,Higher education,Married,House / apartment,-10929,-3318,Drivers,2,0,2
5067481,0.0,0,M,Y,Y,0,360000.0,Working,Higher education,Married,House / apartment,-10929,-3318,Drivers,2,0,2
5067482,0.0,C,M,Y,Y,0,360000.0,Working,Higher education,Married,House / apartment,-10929,-3318,Drivers,2,0,2
5067484,0.0,C,F,N,Y,2,180000.0,Working,Higher education,Married,House / apartment,-12860,-4657,High skill tech staff,4,0,1
5067485,0.0,X,F,N,Y,2,180000.0,Working,Higher education,Married,House / apartment,-12860,-4657,High skill tech staff,4,1,1
5067487,0.0,0,F,N,Y,2,180000.0,Working,Higher education,Married,House / apartment,-12860,-4657,High skill tech staff,4,1,1
5067491,0.0,0,M,N,Y,0,112500.0,Working,Secondary / secondary special,Married,House / apartment,-8699,-202,Cooking staff,2,4,0
5067497,0.0,X,F,N,Y,1,112500.0,State servant,Secondary / secondary special,Married,House / apartment,-17956,-9363,Core staff,3,1,0
5067499,0.0,X,F,N,Y,1,112500.0,State servant,Secondary / secondary special,Married,House / apartment,-17956,-9363,Core staff,3,1,0
5067500,0.0,0,F,N,Y,1,112500.0,State servant,Secondary / secondary special,Married,House / apartment,-17956,-9363,Core staff,3,1,0
5067501,0.0,X,F,N,Y,1,112500.0,State servant,Secondary / secondary special,Married,House / apartment,-17956,-9363,Core staff,3,1,0
5067502,0.0,C,F,N,Y,1,112500.0,State servant,Secondary / secondary special,Married,House / apartment,-17956,-9363,Core staff,3,1,0
5067503,0.0,1,F,N,Y,1,112500.0,State servant,Secondary / secondary special,Married,House / apartment,-17956,-9363,Core staff,3,1,0
5067506,0.0,C,M,N,Y,0,180000.0,Working,Lower secondary,Civil marriage,House / apartment,-13024,-2191,Managers,2,0,0
5067507,0.0,C,M,N,Y,0,180000.0,Working,Lower secondary,Civil marriage,House / apartment,-13024,-2191,Managers,2,0,0
5067509,0.0,0,M,Y,Y,1,225000.0,Commercial associate,Secondary / secondary special,Married,House / apartment,-18824,-840,Laborers,3,1,1
5067510,0.0,X,M,Y,Y,1,225000.0,Commercial associate,Secondary / secondary special,Married,House / apartment,-18824,-840,Laborers,3,2,1
5067511,0.0,0,M,Y,Y,1,225000.0,Commercial associate,Secondary / secondary special,Married,House / apartment,-18824,-840,Laborers,3,1,1
5067512,0.0,C,M,Y,Y,1,225000.0,Commercial associate,Secondary / secondary special,Married,House / apartment,-18824,-840,Laborers,3,0,1
5067513,0.0,C,M,Y,Y,1,225000.0,Commercial associate,Secondary / secondary special,Married,House / apartment,-18824,-840,Laborers,3,0,1
5067529,0.0,X,F,Y,Y,0,157500.0,State servant,Higher education,Civil marriage,House / apartment,-13783,-2058,Core staff,2,3,0
5067554,0.0,0,F,Y,Y,0,279000.0,Commercial associate,Higher education,Single / not married,Office apartment,-10039,-2851,Managers,1,3,2
5067555,0.0,X,F,Y,Y,0,279000.0,Commercial associate,Higher education,Single / not married,Office apartment,-10039,-2851,Managers,1,3,2
5067556,0.0,C,F,N,Y,0,135000.0,Commercial associate,Secondary / secondary special,Married,House / apartment,-18816,-11494,Laborers,2,1,0
5067557,0.0,0,F,N,Y,0,135000.0,Commercial associate,Secondary / secondary special,Married,House / apartment,-18816,-11494,Laborers,2,1,0
5067559,0.0,0,F,N,Y,1,225000.0,Commercial associate,Higher education,Married,House / apartment,-15158,-3642,Core staff,3,3,1
5067560,0.0,0,M,Y,Y,0,900000.0,Commercial associate,Higher education,Married,House / apartment,-15295,-5498,Managers,2,3,2
5067561,0.0,0,M,Y,Y,0,900000.0,Commercial associate,Higher education,Married,House / apartment,-15295,-5498,Managers,2,3,2
5067562,0.0,0,M,Y,Y,0,900000.0,Commercial associate,Higher education,Married,House / apartment,-15295,-5498,Managers,2,3,2
5067563,0.0,0,M,Y,Y,0,900000.0,Commercial associate,Higher education,Married,House / apartment,-15295,-5498,Managers,2,3,2
5067567,0.0,C,M,N,Y,0,157500.0,Working,Secondary / secondary special,Civil marriage,House / apartment,-9312,-1095,Laborers,2,2,0
5067568,0.0,C,M,N,Y,0,157500.0,Working,Secondary / secondary special,Civil marriage,House / apartment,-9312,-1095,Laborers,2,2,0
5067569,0.0,C,M,N,Y,0,157500.0,Working,Secondary / secondary special,Civil marriage,House / apartment,-9312,-1095,Laborers,2,2,0
5067570,0.0,C,M,N,Y,0,157500.0,Working,Secondary / secondary special,Civil marriage,House / apartment,-9312,-1095,Laborers,2,2,0
5067571,0.0,X,M,Y,N,1,180000.0,Commercial associate,Higher education,Married,House / apartment,-12925,-1693,IT staff,3,3,1
5067572,0.0,0,M,Y,N,1,180000.0,Commercial associate,Higher education,Married,House / apartment,-12925,-1693,IT staff,3,3,1
5067573,0.0,0,M,Y,N,1,180000.0,Commercial associate,Higher education,Married,House / apartment,-12925,-1693,IT staff,3,3,1
5067583,0.0,X,M,N,N,1,67500.0,Working,Secondary / secondary special,Civil marriage,House / apartment,-8729,-1755,Drivers,3,4,1
5067584,0.0,X,M,Y,Y,0,247500.0,Commercial associate,Secondary / secondary special,Married,House / apartment,-17887,-567,Drivers,2,1,0
5067585,0.0,C,M,Y,Y,0,247500.0,Commercial associate,Secondary / secondary special,Married,House / apartment,-17887,-567,Drivers,2,0,0
5067586,0.0,X,M,Y,Y,0,247500.0,Commercial associate,Secondary / secondary special,Married,House / apartment,-17887,-567,Drivers,2,1,0
5067587,0.0,0,M,Y,Y,0,247500.0,Commercial associate,Secondary / secondary special,Married,House / apartment,-17887,-567,Drivers,2,1,0
5067588,0.0,X,M,Y,Y,0,247500.0,Commercial associate,Secondary / secondary special,Married,House / apartment,-17887,-567,Drivers,2,1,0
5067589,0.0,C,M,Y,Y,0,247500.0,Commercial associate,Secondary / secondary special,Married,House / apartment,-17887,-567,Drivers,2,0,0
5067590,0.0,C,M,Y,Y,0,247500.0,Commercial associate,Secondary / secondary special,Married,House / apartment,-17887,-567,Drivers,2,0,0
5067591,0.0,0,F,Y,Y,0,135000.0,Working,Secondary / secondary special,Married,House / apartment,-14926,-789,Cooking staff,2,4,0
5067594,0.0,0,F,Y,Y,0,135000.0,Working,Secondary / secondary special,Married,House / apartment,-14926,-789,Cooking staff,2,4,0
5067598,0.0,0,F,Y,Y,0,135000.0,Working,Secondary / secondary special,Married,House / apartment,-14926,-789,Cooking staff,2,4,0
5067600,0.0,0,F,Y,Y,0,135000.0,Working,Secondary / secondary special,Married,House / apartment,-14926,-789,Cooking staff,2,4,0
5067605,0.0,0,F,N,N,0,139500.0,State servant,Secondary / secondary special,Widow,House / apartment,-19662,-11658,Managers,1,1,0
5067606,0.0,C,F,N,Y,0,112500.0,Working,Secondary / secondary special,Married,House / apartment,-15515,-2485,Sales staff,2,2,0
5067607,0.0,C,F,N,Y,0,112500.0,Working,Secondary / secondary special,Married,House / apartment,-15515,-2485,Sales staff,2,2,0
5067608,0.0,0,F,N,Y,0,112500.0,Working,Secondary / secondary special,Married,House / apartment,-15515,-2485,Sales staff,2,4,0
5067609,0.0,X,M,Y,Y,0,270000.0,Working,Secondary / secondary special,Civil marriage,House / apartment,-19891,-1065,Laborers,2,2,0
5067610,0.0,C,M,Y,Y,0,270000.0,Working,Secondary / secondary special,Civil marriage,House / apartment,-19891,-1065,Laborers,2,2,0
5067622,0.0,C,F,N,N,1,67500.0,Working,Secondary / secondary special,Married,House / apartment,-16581,-6959,Laborers,3,2,1
5067623,0.0,C,F,N,N,1,67500.0,Working,Secondary / secondary special,Married,House / apartment,-16581,-6959,Laborers,3,2,1
5067624,0.0,0,F,N,N,1,67500.0,Working,Secondary / secondary special,Married,House / apartment,-16581,-6959,Laborers,3,4,1
5067625,0.0,0,F,N,N,1,67500.0,Working,Secondary / secondary special,Married,House / apartment,-16581,-6959,Laborers,3,4,1
5067627,0.0,0,F,N,N,1,67500.0,Working,Secondary / secondary special,Married,House / apartment,-16581,-6959,Laborers,3,4,1
5067628,0.0,C,F,N,N,1,67500.0,Working,Secondary / secondary special,Married,House / apartment,-16581,-6959,Laborers,3,2,1
5067629,0.0,C,F,N,N,1,67500.0,Working,Secondary / secondary special,Married,House / apartment,-16581,-6959,Laborers,3,2,1
5067630,0.0,C,F,N,N,1,67500.0,Working,Secondary / secondary special,Married,House / apartment,-16581,-6959,Laborers,3,2,1
5067631,0.0,X,F,N,Y,1,126000.0,Working,Secondary / secondary special,Married,House / apartment,-17815,-932,Core staff,3,4,1
5067632,0.0,C,F,N,Y,1,126000.0,Working,Secondary / secondary special,Married,House / apartment,-17815,-932,Core staff,3,2,1
5067652,0.0,0,F,N,Y,0,787500.0,State servant,Higher education,Married,House / apartment,-17203,-1431,Managers,2,3,2
5067653,0.0,0,F,N,Y,0,787500.0,State servant,Higher education,Married,House / apartment,-17203,-1431,Managers,2,3,2
5067654,0.0,X,F,N,Y,0,787500.0,State servant,Higher education,Married,House / apartment,-17203,-1431,Managers,2,3,2
5067655,0.0,0,F,N,Y,0,787500.0,State servant,Higher education,Married,House / apartment,-17203,-1431,Managers,2,3,2
5067661,0.0,0,F,N,Y,0,112500.0,Commercial associate,Higher education,Married,House / apartment,-8573,-121,Accountants,2,3,0
5067662,0.0,0,F,N,Y,0,112500.0,Commercial associate,Higher education,Married,House / apartment,-8573,-121,Accountants,2,3,0
5067664,0.0,C,M,Y,Y,0,225000.0,Commercial associate,Secondary / secondary special,Civil marriage,House / apartment,-17706,-3043,Laborers,2,0,0
5067665,0.0,X,M,Y,Y,0,157500.0,Working,Higher education,Married,House / apartment,-18750,-536,Security staff,2,0,0
5067666,0.0,X,M,Y,Y,0,157500.0,Working,Higher education,Married,House / apartment,-18750,-536,Security staff,2,0,0
5067668,0.0,C,M,Y,Y,0,157500.0,Working,Higher education,Married,House / apartment,-18750,-536,Security staff,2,0,0
5067669,0.0,C,M,Y,Y,0,157500.0,Working,Higher education,Married,House / apartment,-18750,-536,Security staff,2,0,0
5067670,0.0,C,M,Y,Y,0,157500.0,Working,Higher education,Married,House / apartment,-18750,-536,Security staff,2,0,0
5067672,0.0,C,M,Y,Y,0,225000.0,Working,Secondary / secondary special,Single / not married,Rented apartment,-8905,-669,Drivers,1,2,0
5067673,0.0,C,M,Y,Y,0,225000.0,Working,Secondary / secondary special,Single / not married,Rented apartment,-8905,-669,Drivers,1,2,0
5067674,0.0,C,F,N,Y,0,171000.0,Commercial associate,Secondary / secondary special,Married,House / apartment,-23077,-9527,Laborers,2,1,0
5067693,0.0,X,F,Y,N,1,175500.0,Working,Secondary / secondary special,Married,House / apartment,-7980,-597,Core staff,3,4,1
5067696,0.0,0,M,Y,Y,0,450000.0,Working,Higher education,Married,House / apartment,-19087,-4434,Managers,2,0,2
5067697,0.0,C,M,Y,Y,0,450000.0,Working,Higher education,Married,House / apartment,-19087,-4434,Managers,2,0,2
5067699,0.0,0,M,Y,Y,0,450000.0,Working,Higher education,Married,House / apartment,-19087,-4434,Managers,2,0,2
5067700,0.0,0,M,Y,Y,0,450000.0,Working,Higher education,Married,House / apartment,-19087,-4434,Managers,2,0,2
5067702,0.0,X,M,Y,Y,0,450000.0,Working,Higher education,Married,House / apartment,-19087,-4434,Managers,2,0,2
5067704,0.0,0,M,Y,Y,0,450000.0,Working,Higher education,Married,House / apartment,-19087,-4434,Managers,2,0,2
5067708,0.0,C,M,Y,Y,0,450000.0,Working,Higher education,Married,House / apartment,-19087,-4434,Managers,2,0,2
5067709,0.0,C,M,Y,Y,0,450000.0,Working,Higher education,Married,House / apartment,-19087,-4434,Managers,2,0,2
5067705,0.0,C,M,N,Y,1,112500.0,Working,Secondary / secondary special,Married,House / apartment,-10145,-1126,Laborers,3,2,1
5067706,0.0,C,M,N,Y,1,112500.0,Working,Secondary / secondary special,Married,House / apartment,-10145,-1126,Laborers,3,2,1
5067713,0.0,X,F,N,Y,2,157500.0,State servant,Secondary / secondary special,Married,House / apartment,-12682,-932,Managers,4,1,1
5067714,0.0,X,F,N,Y,2,157500.0,State servant,Secondary / secondary special,Married,House / apartment,-12682,-932,Managers,4,1,1
5067715,0.0,0,F,N,Y,2,157500.0,State servant,Secondary / secondary special,Married,House / apartment,-12682,-932,Managers,4,1,1
5067716,0.0,C,F,N,Y,2,157500.0,State servant,Secondary / secondary special,Married,House / apartment,-12682,-932,Managers,4,0,1
5067717,0.0,0,F,N,Y,2,157500.0,State servant,Secondary / secondary special,Married,House / apartment,-12682,-932,Managers,4,1,1
5067726,0.0,C,F,N,Y,1,135000.0,Commercial associate,Incomplete higher,Married,House / apartment,-10288,-2616,Managers,3,3,1
5067728,0.0,0,F,N,Y,1,135000.0,Commercial associate,Incomplete higher,Married,House / apartment,-10288,-2616,Managers,3,1,1
5067729,0.0,C,F,N,Y,1,135000.0,Commercial associate,Incomplete higher,Married,House / apartment,-10288,-2616,Managers,3,3,1
5067733,0.0,C,F,N,Y,1,135000.0,Commercial associate,Incomplete higher,Married,House / apartment,-10288,-2616,Managers,3,3,1
5067736,0.0,C,F,N,Y,1,135000.0,Commercial associate,Incomplete higher,Married,House / apartment,-10288,-2616,Managers,3,3,1
5067737,0.0,C,F,N,Y,1,135000.0,Commercial associate,Incomplete higher,Married,House / apartment,-10288,-2616,Managers,3,3,1
5067740,0.0,C,F,Y,Y,1,135000.0,Working,Higher education,Married,House / apartment,-9192,-1308,High skill tech staff,3,0,1
5067741,0.0,C,F,Y,Y,1,135000.0,Working,Higher education,Married,House / apartment,-9192,-1308,High skill tech staff,3,0,1
5067746,0.0,X,F,N,Y,0,135000.0,Working,Higher education,Married,House / apartment,-22112,-8491,Private service staff,2,1,0
5067750,0.0,0,F,N,Y,0,135000.0,Working,Higher education,Married,House / apartment,-22112,-8491,Private service staff,2,1,0
5067756,0.0,C,M,Y,Y,1,315000.0,Working,Secondary / secondary special,Married,House / apartment,-20302,-973,Drivers,3,2,2
5067757,0.0,X,M,Y,Y,1,315000.0,Working,Secondary / secondary special,Married,House / apartment,-20302,-973,Drivers,3,2,2
5067758,0.0,C,M,Y,Y,1,315000.0,Working,Secondary / secondary special,Married,House / apartment,-20302,-973,Drivers,3,2,2
5067759,0.0,X,F,N,Y,0,202500.0,State servant,Secondary / secondary special,Single / not married,House / apartment,-23341,-5437,Medicine staff,1,1,0
5067760,0.0,X,F,N,Y,0,202500.0,State servant,Secondary / secondary special,Single / not married,House / apartment,-23341,-5437,Medicine staff,1,1,0
5067761,0.0,C,F,N,Y,0,202500.0,State servant,Secondary / secondary special,Single / not married,House / apartment,-23341,-5437,Medicine staff,1,1,0
5067762,0.0,0,F,N,Y,0,202500.0,State servant,Secondary / secondary special,Single / not married,House / apartment,-23341,-5437,Medicine staff,1,1,0
5067763,0.0,X,F,N,Y,0,202500.0,State servant,Secondary / secondary special,Single / not married,House / apartment,-23341,-5437,Medicine staff,1,1,0
5067764,0.0,C,F,N,Y,0,202500.0,State servant,Secondary / secondary special,Single / not married,House / apartment,-23341,-5437,Medicine staff,1,1,0
5067765,0.0,C,F,N,Y,0,202500.0,State servant,Secondary / secondary special,Single / not married,House / apartment,-23341,-5437,Medicine staff,1,1,0
5067766,0.0,X,F,N,Y,0,202500.0,State servant,Secondary / secondary special,Single / not married,House / apartment,-23341,-5437,Medicine staff,1,1,0
5067767,0.0,0,F,N,Y,0,202500.0,State servant,Secondary / secondary special,Single / not married,House / apartment,-23341,-5437,Medicine staff,1,1,0
5067775,0.0,X,F,Y,Y,1,225000.0,Commercial associate,Higher education,Separated,House / apartment,-15671,-232,Laborers,2,3,0
5067776,0.0,X,F,Y,Y,1,225000.0,Commercial associate,Higher education,Separated,House / apartment,-15671,-232,Laborers,2,3,0
5067777,0.0,X,F,Y,Y,1,225000.0,Commercial associate,Higher education,Separated,House / apartment,-15671,-232,Laborers,2,3,0
5067778,0.0,C,F,Y,Y,1,225000.0,Commercial associate,Higher education,Separated,House / apartment,-15671,-232,Laborers,2,3,0
5067779,0.0,0,F,Y,Y,1,225000.0,Commercial associate,Higher education,Separated,House / apartment,-15671,-232,Laborers,2,3,0
5067780,0.0,0,F,Y,Y,1,225000.0,Commercial associate,Higher education,Separated,House / apartment,-15671,-232,Laborers,2,3,0
5067781,0.0,C,F,Y,Y,1,225000.0,Commercial associate,Higher education,Separated,House / apartment,-15671,-232,Laborers,2,3,0
5067782,0.0,X,M,Y,N,2,225000.0,Working,Secondary / secondary special,Married,House / apartment,-12428,-1400,High skill tech staff,4,2,1
5067788,0.0,0,M,Y,N,2,450000.0,Working,Secondary / secondary special,Married,House / apartment,-14970,-7183,Drivers,4,2,2
5067789,0.0,0,M,Y,N,2,450000.0,Working,Secondary / secondary special,Married,House / apartment,-14970,-7183,Drivers,4,2,2
5067790,0.0,0,M,Y,N,2,450000.0,Working,Secondary / secondary special,Married,House / apartment,-14970,-7183,Drivers,4,2,2
5067791,0.0,C,M,Y,N,2,450000.0,Working,Secondary / secondary special,Married,House / apartment,-14970,-7183,Drivers,4,2,2
5067793,0.0,X,F,N,Y,1,121500.0,Working,Secondary / secondary special,Married,House / apartment,-9448,-355,Laborers,3,4,1
5067795,0.0,X,F,N,Y,1,121500.0,Working,Secondary / secondary special,Married,House / apartment,-9448,-355,Laborers,3,4,1
5067796,0.0,X,F,N,Y,1,121500.0,Working,Secondary / secondary special,Married,House / apartment,-9448,-355,Laborers,3,4,1
5067797,0.0,X,F,N,Y,1,121500.0,Working,Secondary / secondary special,Married,House / apartment,-9448,-355,Laborers,3,4,1
5067798,0.0,X,F,N,Y,1,121500.0,Working,Secondary / secondary special,Married,House / apartment,-9448,-355,Laborers,3,4,1
5067807,0.0,0,M,Y,Y,0,139500.0,Working,Secondary / secondary special,Civil marriage,House / apartment,-16812,-182,Laborers,2,4,0
5067811,0.0,X,M,N,Y,1,157500.0,Working,Secondary / secondary special,Civil marriage,Municipal apartment,-13273,-1024,Drivers,3,4,1
5067812,0.0,C,M,N,Y,1,157500.0,Working,Secondary / secondary special,Civil marriage,Municipal apartment,-13273,-1024,Drivers,3,2,1
5067813,0.0,C,M,N,Y,1,157500.0,Working,Secondary / secondary special,Civil marriage,Municipal apartment,-13273,-1024,Drivers,3,2,1
5067819,0.0,C,M,N,Y,0,180000.0,Commercial associate,Secondary / secondary special,Single / not married,House / apartment,-17844,-1095,Sales staff,1,1,0
5067820,0.0,0,M,N,Y,0,180000.0,Commercial associate,Secondary / secondary special,Single / not married,House / apartment,-17844,-1095,Sales staff,1,1,0
5067821,0.0,0,M,N,Y,0,180000.0,Commercial associate,Secondary / secondary special,Single / not married,House / apartment,-17844,-1095,Sales staff,1,1,0
5067822,0.0,0,M,N,Y,0,180000.0,Commercial associate,Secondary / secondary special,Single / not married,House / apartment,-17844,-1095,Sales staff,1,1,0
5067823,0.0,0,M,N,Y,0,180000.0,Commercial associate,Secondary / secondary special,Single / not married,House / apartment,-17844,-1095,Sales staff,1,1,0
5067824,0.0,0,M,N,Y,0,180000.0,Commercial associate,Secondary / secondary special,Single / not married,House / apartment,-17844,-1095,Sales staff,1,1,0
5067826,0.0,1,F,Y,Y,2,675000.0,Working,Higher education,Married,House / apartment,-13567,-1175,HR staff,4,1,0
5067827,0.0,X,F,Y,Y,2,675000.0,Working,Higher education,Married,House / apartment,-13567,-1175,HR staff,4,0,2
5067829,0.0,C,F,Y,Y,2,675000.0,Working,Higher education,Married,House / apartment,-13567,-1175,HR staff,4,0,2
5067830,0.0,C,F,Y,Y,2,675000.0,Working,Higher education,Married,House / apartment,-13567,-1175,HR staff,4,0,2
5067851,0.0,C,F,Y,N,1,90000.0,Working,Higher education,Married,House / apartment,-11865,-3895,Core staff,3,0,1
5067853,0.0,C,F,Y,N,1,90000.0,Working,Higher education,Married,House / apartment,-11865,-3895,Core staff,3,0,1
5067859,0.0,0,F,N,Y,1,193500.0,Commercial associate,Secondary / secondary special,Married,House / apartment,-16921,-1095,Laborers,3,1,1
5067860,0.0,0,F,N,Y,1,193500.0,Commercial associate,Secondary / secondary special,Married,House / apartment,-16921,-1095,Laborers,3,1,1
5067861,0.0,0,F,Y,Y,0,180000.0,Working,Secondary / secondary special,Civil marriage,House / apartment,-14488,-2181,Drivers,2,4,0
5067863,0.0,C,F,N,Y,0,144000.0,Working,Secondary / secondary special,Married,House / apartment,-18705,-5345,Medicine staff,2,2,0
5067864,0.0,C,F,N,Y,0,144000.0,Working,Secondary / secondary special,Married,House / apartment,-18705,-5345,Medicine staff,2,2,0
5067866,0.0,C,F,N,Y,0,144000.0,Working,Secondary / secondary special,Married,House / apartment,-18705,-5345,Medicine staff,2,2,0
5067867,0.0,C,F,N,Y,0,144000.0,Working,Secondary / secondary special,Married,House / apartment,-18705,-5345,Medicine staff,2,2,0
5067868,0.0,0,F,N,Y,0,144000.0,Working,Secondary / secondary special,Married,House / apartment,-18705,-5345,Medicine staff,2,4,0
5067869,0.0,X,F,N,Y,0,144000.0,Working,Secondary / secondary special,Married,House / apartment,-18705,-5345,Medicine staff,2,4,0
5067870,0.0,0,F,N,Y,0,144000.0,Working,Secondary / secondary special,Married,House / apartment,-18705,-5345,Medicine staff,2,4,0
5067871,0.0,C,F,N,Y,0,144000.0,Working,Secondary / secondary special,Married,House / apartment,-18705,-5345,Medicine staff,2,2,0
5067872,0.0,C,M,Y,Y,1,315000.0,Working,Secondary / secondary special,Married,House / apartment,-17543,-2851,Drivers,3,2,2
5067873,0.0,X,M,Y,Y,1,315000.0,Working,Secondary / secondary special,Married,House / apartment,-17543,-2851,Drivers,3,2,2
5067874,0.0,X,M,Y,Y,1,315000.0,Working,Secondary / secondary special,Married,House / apartment,-17543,-2851,Drivers,3,2,2
5067875,0.0,C,M,Y,Y,1,315000.0,Working,Secondary / secondary special,Married,House / apartment,-17543,-2851,Drivers,3,2,2
5067876,0.0,C,M,Y,Y,1,315000.0,Working,Secondary / secondary special,Married,House / apartment,-17543,-2851,Drivers,3,2,2
5067877,0.0,C,M,Y,Y,1,315000.0,Working,Secondary / secondary special,Married,House / apartment,-17543,-2851,Drivers,3,2,2
5067878,0.0,0,M,Y,Y,1,315000.0,Working,Secondary / secondary special,Married,House / apartment,-17543,-2851,Drivers,3,2,2
5067879,0.0,0,M,Y,Y,1,315000.0,Working,Secondary / secondary special,Married,House / apartment,-17543,-2851,Drivers,3,2,2
5067880,0.0,0,M,Y,Y,1,315000.0,Working,Secondary / secondary special,Married,House / apartment,-17543,-2851,Drivers,3,2,2
5067881,0.0,C,M,Y,Y,1,315000.0,Working,Secondary / secondary special,Married,House / apartment,-17543,-2851,Drivers,3,2,2
5067882,0.0,C,M,Y,Y,1,315000.0,Working,Secondary / secondary special,Married,House / apartment,-17543,-2851,Drivers,3,2,2
5067883,0.0,C,M,Y,Y,1,315000.0,Working,Secondary / secondary special,Married,House / apartment,-17543,-2851,Drivers,3,2,2
5067884,0.0,C,M,Y,Y,1,315000.0,Working,Secondary / secondary special,Married,House / apartment,-17543,-2851,Drivers,3,2,2
5067910,0.0,C,M,Y,N,0,135000.0,Working,Secondary / secondary special,Married,House / apartment,-13483,-1816,Laborers,2,2,0
5067911,0.0,C,M,Y,N,0,135000.0,Working,Secondary / secondary special,Married,House / apartment,-13483,-1816,Laborers,2,2,0
5067912,0.0,C,M,Y,N,0,135000.0,Working,Secondary / secondary special,Married,House / apartment,-13483,-1816,Laborers,2,2,0
5067913,0.0,C,M,Y,N,0,135000.0,Working,Secondary / secondary special,Married,House / apartment,-13483,-1816,Laborers,2,2,0
5067915,0.0,X,M,Y,N,0,135000.0,Working,Secondary / secondary special,Married,House / apartment,-13483,-1816,Laborers,2,2,0
5067916,0.0,0,M,Y,N,0,135000.0,Working,Secondary / secondary special,Married,House / apartment,-13483,-1816,Laborers,2,2,0
5067917,0.0,C,M,Y,N,0,135000.0,Working,Secondary / secondary special,Married,House / apartment,-13483,-1816,Laborers,2,2,0
5067918,0.0,C,M,Y,N,0,135000.0,Working,Secondary / secondary special,Married,House / apartment,-13483,-1816,Laborers,2,2,0
5067919,0.0,C,M,Y,N,0,135000.0,Working,Secondary / secondary special,Married,House / apartment,-13483,-1816,Laborers,2,2,0
5067953,0.0,C,M,Y,Y,0,360000.0,Working,Higher education,Married,House / apartment,-22111,-3854,Managers,2,0,2
5067954,0.0,C,M,Y,Y,0,360000.0,Working,Higher education,Married,House / apartment,-22111,-3854,Managers,2,0,2
5067955,0.0,C,M,Y,Y,0,360000.0,Working,Higher education,Married,House / apartment,-22111,-3854,Managers,2,0,2
5067956,0.0,0,M,Y,Y,0,360000.0,Working,Higher education,Married,House / apartment,-22111,-3854,Managers,2,0,2
5067957,0.0,0,M,Y,Y,0,360000.0,Working,Higher education,Married,House / apartment,-22111,-3854,Managers,2,0,2
5067961,0.0,C,M,Y,Y,0,360000.0,Working,Higher education,Married,House / apartment,-22111,-3854,Managers,2,0,2
5067962,0.0,0,M,Y,Y,0,360000.0,Working,Higher education,Married,House / apartment,-22111,-3854,Managers,2,0,2
5067963,0.0,C,M,Y,Y,0,360000.0,Working,Higher education,Married,House / apartment,-22111,-3854,Managers,2,0,2
5067965,0.0,C,M,Y,Y,0,360000.0,Working,Higher education,Married,House / apartment,-22111,-3854,Managers,2,0,2
5067966,0.0,C,M,Y,Y,0,360000.0,Working,Higher education,Married,House / apartment,-22111,-3854,Managers,2,0,2
5067967,0.0,C,M,Y,Y,0,360000.0,Working,Higher education,Married,House / apartment,-22111,-3854,Managers,2,0,2
5067968,0.0,C,F,N,N,0,108000.0,Commercial associate,Secondary / secondary special,Married,House / apartment,-15803,-9029,High skill tech staff,2,1,0
5067970,0.0,0,F,N,N,0,108000.0,Commercial associate,Secondary / secondary special,Married,House / apartment,-15803,-9029,High skill tech staff,2,1,0
5067973,0.0,C,F,N,N,0,108000.0,Commercial associate,Secondary / secondary special,Married,House / apartment,-15803,-9029,High skill tech staff,2,1,0
5067974,0.0,0,F,N,N,0,108000.0,Commercial associate,Secondary / secondary special,Married,House / apartment,-15803,-9029,High skill tech staff,2,1,0
5067975,0.0,0,F,N,N,0,108000.0,Commercial associate,Secondary / secondary special,Married,House / apartment,-15803,-9029,High skill tech staff,2,1,0
5067976,0.0,X,F,N,N,0,108000.0,Commercial associate,Secondary / secondary special,Married,House / apartment,-15803,-9029,High skill tech staff,2,1,0
5067977,0.0,C,F,N,N,0,108000.0,Commercial associate,Secondary / secondary special,Married,House / apartment,-15803,-9029,High skill tech staff,2,1,0
5067978,0.0,C,F,N,N,0,108000.0,Commercial associate,Secondary / secondary special,Married,House / apartment,-15803,-9029,High skill tech staff,2,1,0
5067982,0.0,0,M,Y,Y,0,153000.0,Working,Higher education,Separated,With parents,-20013,-7640,Managers,1,1,0
5067983,0.0,0,M,Y,Y,0,153000.0,Working,Higher education,Separated,With parents,-20013,-7640,Managers,1,1,0
5067984,0.0,0,M,Y,Y,0,153000.0,Working,Higher education,Separated,With parents,-20013,-7640,Managers,1,1,0
5067987,0.0,C,F,N,Y,2,135000.0,Working,Secondary / secondary special,Married,House / apartment,-17268,-2576,Managers,4,2,1
5067997,0.0,C,F,N,Y,0,76500.0,Working,Secondary / secondary special,Married,House / apartment,-19380,-5022,Laborers,2,2,0
5068001,0.0,C,F,N,Y,0,76500.0,Working,Secondary / secondary special,Married,House / apartment,-19380,-5022,Laborers,2,2,0
5068003,0.0,C,F,N,Y,0,76500.0,Working,Secondary / secondary special,Married,House / apartment,-19380,-5022,Laborers,2,2,0
5068007,0.0,C,M,N,Y,0,135000.0,Commercial associate,Secondary / secondary special,Married,House / apartment,-23093,-659,Security staff,2,0,0
5068008,0.0,C,M,N,Y,0,135000.0,Commercial associate,Secondary / secondary special,Married,House / apartment,-23093,-659,Security staff,2,0,0
5068011,0.0,X,M,N,Y,0,135000.0,Commercial associate,Secondary / secondary special,Married,House / apartment,-23093,-659,Security staff,2,1,0
5068012,0.0,X,M,N,Y,0,135000.0,Commercial associate,Secondary / secondary special,Married,House / apartment,-23093,-659,Security staff,2,1,0
5068013,0.0,0,M,N,Y,0,135000.0,Commercial associate,Secondary / secondary special,Married,House / apartment,-23093,-659,Security staff,2,1,0
5068019,0.0,0,M,Y,Y,0,135000.0,Working,Secondary / secondary special,Married,House / apartment,-15438,-3377,Laborers,2,2,0
5068021,0.0,X,M,Y,Y,0,135000.0,Working,Secondary / secondary special,Married,House / apartment,-15438,-3377,Laborers,2,2,0
5068030,0.0,0,F,N,N,0,135000.0,Commercial associate,Secondary / secondary special,Married,House / apartment,-17614,-4219,Sales staff,2,1,0
5068031,0.0,0,F,N,N,0,135000.0,Commercial associate,Secondary / secondary special,Married,House / apartment,-17614,-4219,Sales staff,2,1,0
5068032,0.0,0,F,N,N,0,135000.0,Commercial associate,Secondary / secondary special,Married,House / apartment,-17614,-4219,Sales staff,2,1,0
5068033,0.0,0,F,N,N,0,135000.0,Commercial associate,Secondary / secondary special,Married,House / apartment,-17614,-4219,Sales staff,2,1,0
5068034,0.0,C,F,N,N,0,135000.0,Commercial associate,Secondary / secondary special,Married,House / apartment,-17614,-4219,Sales staff,2,1,0
5068035,0.0,C,F,N,N,0,135000.0,Commercial associate,Secondary / secondary special,Married,House / apartment,-17614,-4219,Sales staff,2,1,0
5068038,0.0,C,F,N,N,0,112500.0,State servant,Secondary / secondary special,Married,With parents,-17164,-9363,Medicine staff,2,1,0
5068039,0.0,C,F,N,N,0,112500.0,State servant,Secondary / secondary special,Married,With parents,-17164,-9363,Medicine staff,2,1,0
5068040,0.0,C,F,N,N,0,112500.0,State servant,Secondary / secondary special,Married,With parents,-17164,-9363,Medicine staff,2,1,0
5068042,0.0,0,F,Y,Y,0,247500.0,Working,Secondary / secondary special,Married,House / apartment,-16391,-1601,Security staff,2,4,0
5068043,0.0,X,F,Y,Y,0,247500.0,Working,Secondary / secondary special,Married,House / apartment,-16391,-1601,Security staff,2,4,0
5068045,0.0,0,F,Y,Y,0,247500.0,Working,Secondary / secondary special,Married,House / apartment,-16391,-1601,Security staff,2,4,0
5068049,0.0,0,F,N,Y,1,180000.0,Working,Secondary / secondary special,Married,House / apartment,-19990,-10490,Accountants,3,4,0
5068050,0.0,0,F,N,Y,1,180000.0,Working,Secondary / secondary special,Married,House / apartment,-19990,-10490,Accountants,3,4,0
5068051,0.0,C,F,N,Y,1,180000.0,Working,Secondary / secondary special,Married,House / apartment,-19990,-10490,Accountants,3,2,0
5068053,0.0,C,M,N,Y,0,180000.0,Working,Secondary / secondary special,Separated,House / apartment,-18252,-1754,Drivers,1,2,0
5068054,0.0,C,M,N,Y,0,180000.0,Working,Secondary / secondary special,Separated,House / apartment,-18252,-1754,Drivers,1,2,0
5068057,0.0,X,M,Y,Y,1,427500.0,Working,Higher education,Married,House / apartment,-15085,-354,Managers,3,0,2
5068058,0.0,X,M,Y,Y,1,427500.0,Working,Higher education,Married,House / apartment,-15085,-354,Managers,3,0,2
5068060,0.0,0,M,Y,Y,1,427500.0,Working,Higher education,Married,House / apartment,-15085,-354,Managers,3,0,2
5068061,0.0,C,M,Y,Y,1,427500.0,Working,Higher education,Married,House / apartment,-15085,-354,Managers,3,0,2
5068062,0.0,0,M,Y,Y,1,427500.0,Working,Higher education,Married,House / apartment,-15085,-354,Managers,3,0,2
5068063,0.0,C,M,Y,Y,1,427500.0,Working,Higher education,Married,House / apartment,-15085,-354,Managers,3,0,2
5068064,0.0,C,M,Y,Y,1,427500.0,Working,Higher education,Married,House / apartment,-15085,-354,Managers,3,0,2
5068080,0.0,0,M,N,Y,0,157500.0,Commercial associate,Secondary / secondary special,Married,House / apartment,-14149,-3093,Laborers,2,1,0
5068087,0.0,C,M,Y,Y,0,220500.0,Working,Secondary / secondary special,Married,House / apartment,-19597,-993,Drivers,2,2,0
5068089,0.0,0,M,Y,Y,0,220500.0,Working,Secondary / secondary special,Married,House / apartment,-19597,-993,Drivers,2,2,0
5068092,0.0,X,M,Y,Y,0,220500.0,Working,Secondary / secondary special,Married,House / apartment,-19597,-993,Drivers,2,2,0
5068097,0.0,0,F,Y,Y,1,234000.0,Commercial associate,Secondary / secondary special,Married,House / apartment,-10865,-1481,Sales staff,3,1,1
5068098,0.0,0,F,Y,Y,1,234000.0,Commercial associate,Secondary / secondary special,Married,House / apartment,-10865,-1481,Sales staff,3,1,1
5068100,0.0,C,F,Y,Y,1,234000.0,Commercial associate,Secondary / secondary special,Married,House / apartment,-10865,-1481,Sales staff,3,0,1
5068102,0.0,C,F,Y,Y,1,234000.0,Commercial associate,Secondary / secondary special,Married,House / apartment,-10865,-1481,Sales staff,3,0,1
5068104,0.0,C,F,Y,Y,1,234000.0,Commercial associate,Secondary / secondary special,Married,House / apartment,-10865,-1481,Sales staff,3,0,1
5068107,0.0,C,F,Y,Y,1,234000.0,Commercial associate,Secondary / secondary special,Married,House / apartment,-10865,-1481,Sales staff,3,0,1
5068108,0.0,C,F,N,Y,0,450000.0,State servant,Higher education,Single / not married,House / apartment,-20142,-3093,Core staff,1,3,2
5068114,0.0,C,F,N,Y,0,450000.0,State servant,Higher education,Single / not married,House / apartment,-20142,-3093,Core staff,1,3,2
5068117,0.0,0,F,N,Y,0,450000.0,State servant,Higher education,Single / not married,House / apartment,-20142,-3093,Core staff,1,3,2
5068119,0.0,C,M,N,Y,0,180000.0,Working,Secondary / secondary special,Married,House / apartment,-17075,-2942,Laborers,2,2,0
5068123,0.0,C,M,N,Y,0,180000.0,Working,Secondary / secondary special,Married,House / apartment,-17075,-2942,Laborers,2,2,0
5068124,0.0,C,M,N,Y,0,180000.0,Working,Secondary / secondary special,Married,House / apartment,-17075,-2942,Laborers,2,2,0
5068125,0.0,C,M,N,Y,0,180000.0,Working,Secondary / secondary special,Married,House / apartment,-17075,-2942,Laborers,2,2,0
5068130,0.0,C,F,N,Y,0,180000.0,Working,Secondary / secondary special,Married,House / apartment,-18439,-2758,Laborers,2,2,0
5068133,0.0,C,F,N,Y,0,180000.0,Working,Secondary / secondary special,Married,House / apartment,-18439,-2758,Laborers,2,2,0
5068162,0.0,X,M,Y,N,0,247500.0,Working,Higher education,Married,Municipal apartment,-17075,-1815,Security staff,2,0,0
5068164,0.0,0,M,Y,N,0,247500.0,Working,Higher education,Married,Municipal apartment,-17075,-1815,Security staff,2,0,0
5068165,0.0,0,M,Y,N,0,247500.0,Working,Higher education,Married,Municipal apartment,-17075,-1815,Security staff,2,0,0
5068166,0.0,0,M,Y,N,0,247500.0,Working,Higher education,Married,Municipal apartment,-17075,-1815,Security staff,2,0,0
5068169,0.0,C,M,Y,Y,1,310500.0,Working,Higher education,Married,House / apartment,-11023,-3093,IT staff,3,0,2
5068170,0.0,X,M,Y,Y,1,310500.0,Working,Higher education,Married,House / apartment,-11023,-3093,IT staff,3,0,2
5068171,0.0,X,M,Y,Y,1,310500.0,Working,Higher education,Married,House / apartment,-11023,-3093,IT staff,3,0,2
5068174,0.0,X,F,Y,Y,2,112500.0,Working,Secondary / secondary special,Married,House / apartment,-13295,-2454,Sales staff,4,4,1
5068175,0.0,C,F,Y,Y,2,112500.0,Working,Secondary / secondary special,Married,House / apartment,-13295,-2454,Sales staff,4,2,1
5068178,0.0,0,F,Y,Y,2,112500.0,Working,Secondary / secondary special,Married,House / apartment,-13295,-2454,Sales staff,4,4,1
5068181,0.0,C,M,Y,Y,3,148500.0,State servant,Secondary / secondary special,Married,House / apartment,-12960,-2027,Drivers,5,0,1
5068184,0.0,0,M,Y,Y,3,148500.0,State servant,Secondary / secondary special,Married,House / apartment,-12960,-2027,Drivers,5,4,1
5068188,0.0,C,M,N,Y,0,351000.0,Working,Secondary / secondary special,Single / not married,House / apartment,-18616,-293,Laborers,1,2,2
5068191,0.0,0,F,Y,Y,0,135000.0,Working,Secondary / secondary special,Married,House / apartment,-10209,-1724,Realty agents,2,4,0
5068194,0.0,0,M,Y,N,0,270000.0,Working,Secondary / secondary special,Married,House / apartment,-17901,-3611,Laborers,2,2,2
5068195,0.0,0,M,Y,N,0,270000.0,Working,Secondary / secondary special,Married,House / apartment,-17901,-3611,Laborers,2,2,2
5068196,0.0,0,M,Y,Y,0,173250.0,Working,Secondary / secondary special,Civil marriage,House / apartment,-16273,-2362,Drivers,2,4,0
5068198,0.0,0,M,Y,Y,0,173250.0,Working,Secondary / secondary special,Civil marriage,House / apartment,-16273,-2362,Drivers,2,4,0
5068199,0.0,0,M,Y,Y,0,173250.0,Working,Secondary / secondary special,Civil marriage,House / apartment,-16273,-2362,Drivers,2,4,0
5068202,0.0,C,M,Y,Y,0,180000.0,Working,Secondary / secondary special,Married,House / apartment,-16280,-3062,Managers,2,2,0
5068203,0.0,0,M,Y,Y,0,180000.0,Working,Secondary / secondary special,Married,House / apartment,-16280,-3062,Managers,2,2,0
5068227,0.0,X,F,Y,Y,1,144000.0,Working,Higher education,Separated,House / apartment,-13657,-4097,Core staff,2,3,0
5068233,0.0,C,M,N,Y,1,112500.0,State servant,Secondary / secondary special,Married,House / apartment,-13885,-232,Laborers,3,2,1
5068234,0.0,C,M,N,Y,1,112500.0,State servant,Secondary / secondary special,Married,House / apartment,-13885,-232,Laborers,3,2,1
5068236,0.0,0,M,Y,N,0,225000.0,State servant,Higher education,Civil marriage,House / apartment,-16032,-5406,Drivers,2,3,0
5068237,0.0,X,F,N,Y,0,247500.0,Working,Secondary / secondary special,Married,House / apartment,-11268,-2545,Laborers,2,4,0
5068238,0.0,C,F,N,Y,0,247500.0,Working,Secondary / secondary special,Married,House / apartment,-11268,-2545,Laborers,2,2,0
5068239,0.0,C,F,N,Y,0,247500.0,Working,Secondary / secondary special,Married,House / apartment,-11268,-2545,Laborers,2,2,0
5068243,0.0,C,F,N,Y,0,247500.0,Working,Secondary / secondary special,Married,House / apartment,-11268,-2545,Laborers,2,2,0
5068244,0.0,0,F,N,Y,0,247500.0,Working,Secondary / secondary special,Married,House / apartment,-11268,-2545,Laborers,2,4,0
5068245,0.0,C,F,N,Y,0,112500.0,Commercial associate,Higher education,Married,House / apartment,-20063,-3062,Accountants,2,3,0
5068251,0.0,0,F,N,Y,0,225000.0,Working,Secondary / secondary special,Separated,House / apartment,-13445,-2728,Laborers,1,4,0
5068252,0.0,0,F,N,Y,0,225000.0,Working,Secondary / secondary special,Separated,House / apartment,-13445,-2728,Laborers,1,4,0
5068254,0.0,C,M,N,Y,2,90000.0,Commercial associate,Secondary / secondary special,Married,House / apartment,-19026,-2881,Sales staff,4,0,1
5068255,0.0,0,M,N,Y,2,90000.0,Commercial associate,Secondary / secondary special,Married,House / apartment,-19026,-2881,Sales staff,4,1,1
5068257,0.0,C,M,N,Y,2,90000.0,Commercial associate,Secondary / secondary special,Married,House / apartment,-19026,-2881,Sales staff,4,0,1
5068264,0.0,C,F,N,N,2,157500.0,State servant,Higher education,Married,House / apartment,-12636,-5345,Medicine staff,4,3,1
5068265,0.0,C,F,N,N,2,157500.0,State servant,Higher education,Married,House / apartment,-12636,-5345,Medicine staff,4,3,1
5068268,0.0,0,F,Y,Y,0,450000.0,Commercial associate,Secondary / secondary special,Single / not married,House / apartment,-16053,-1905,Core staff,1,1,2
5068274,0.0,C,F,Y,Y,0,450000.0,Commercial associate,Secondary / secondary special,Single / not married,House / apartment,-16053,-1905,Core staff,1,1,2
5068283,0.0,0,F,Y,Y,0,450000.0,Commercial associate,Secondary / secondary special,Single / not married,House / apartment,-16053,-1905,Core staff,1,1,2
5068284,0.0,0,F,Y,Y,0,450000.0,Commercial associate,Secondary / secondary special,Single / not married,House / apartment,-16053,-1905,Core staff,1,1,2
5068285,0.0,0,F,Y,Y,0,450000.0,Commercial associate,Secondary / secondary special,Single / not married,House / apartment,-16053,-1905,Core staff,1,1,2
5068286,0.0,X,F,Y,Y,0,450000.0,Commercial associate,Secondary / secondary special,Single / not married,House / apartment,-16053,-1905,Core staff,1,1,2
5068287,0.0,C,F,Y,Y,0,450000.0,Commercial associate,Secondary / secondary special,Single / not married,House / apartment,-16053,-1905,Core staff,1,1,2
5068289,0.0,C,F,N,N,1,112500.0,Commercial associate,Secondary / secondary special,Married,With parents,-11028,-110,Sales staff,3,1,1
5068291,0.0,C,F,N,N,1,112500.0,Commercial associate,Secondary / secondary special,Married,With parents,-11028,-110,Sales staff,3,1,1
5068292,0.0,X,F,N,N,1,112500.0,Commercial associate,Secondary / secondary special,Married,With parents,-11028,-110,Sales staff,3,1,1
5068296,0.0,0,M,Y,Y,0,292500.0,Working,Secondary / secondary special,Married,House / apartment,-15351,-566,Drivers,2,2,2
5068298,0.0,C,F,N,Y,0,121500.0,State servant,Secondary / secondary special,Married,House / apartment,-19644,-536,Managers,2,0,0
5068299,0.0,C,F,N,Y,0,121500.0,State servant,Secondary / secondary special,Married,House / apartment,-19644,-536,Managers,2,0,0
5068300,0.0,0,F,N,Y,1,135000.0,Working,Higher education,Civil marriage,House / apartment,-9792,-293,Core staff,3,1,1
5068301,0.0,0,F,N,Y,1,135000.0,Working,Higher education,Civil marriage,House / apartment,-9792,-293,Core staff,3,1,1
5068302,0.0,0,F,N,Y,1,135000.0,Working,Higher education,Civil marriage,House / apartment,-9792,-293,Core staff,3,1,1
5068303,0.0,0,F,N,Y,1,135000.0,Working,Higher education,Civil marriage,House / apartment,-9792,-293,Core staff,3,1,1
5068308,0.0,X,M,N,Y,1,198000.0,Commercial associate,Incomplete higher,Single / not married,House / apartment,-9649,-140,Managers,2,3,0
5068309,0.0,C,M,N,Y,1,198000.0,Commercial associate,Incomplete higher,Single / not married,House / apartment,-9649,-140,Managers,2,3,0
5068310,0.0,C,M,N,Y,1,198000.0,Commercial associate,Incomplete higher,Single / not married,House / apartment,-9649,-140,Managers,2,3,0
5068311,0.0,X,M,N,Y,1,198000.0,Commercial associate,Incomplete higher,Single / not married,House / apartment,-9649,-140,Managers,2,3,0
5068315,0.0,C,M,N,Y,0,450000.0,Working,Secondary / secondary special,Single / not married,House / apartment,-17038,-5498,Drivers,1,2,2
5068322,0.0,0,F,N,Y,0,171000.0,Working,Higher education,Married,House / apartment,-18348,-3853,High skill tech staff,2,1,0
5068323,0.0,0,F,N,Y,0,171000.0,Working,Higher education,Married,House / apartment,-18348,-3853,High skill tech staff,2,1,0
5068324,0.0,X,F,N,Y,0,171000.0,Working,Higher education,Married,House / apartment,-18348,-3853,High skill tech staff,2,1,0
5068329,0.0,C,F,N,Y,1,135000.0,Working,Secondary / secondary special,Civil marriage,House / apartment,-16323,-5467,Medicine staff,3,4,1
5068330,0.0,C,F,N,Y,1,135000.0,Working,Secondary / secondary special,Civil marriage,House / apartment,-16323,-5467,Medicine staff,3,4,1
5068331,0.0,C,F,N,Y,1,135000.0,Working,Secondary / secondary special,Civil marriage,House / apartment,-16323,-5467,Medicine staff,3,4,1
5068332,0.0,X,F,N,Y,1,135000.0,Working,Secondary / secondary special,Civil marriage,House / apartment,-16323,-5467,Medicine staff,3,4,1
5068333,0.0,X,F,N,Y,1,135000.0,Working,Secondary / secondary special,Civil marriage,House / apartment,-16323,-5467,Medicine staff,3,4,1
5068334,0.0,0,F,Y,Y,0,112500.0,Working,Higher education,Married,House / apartment,-10101,-505,Laborers,2,1,0
5068337,0.0,0,F,Y,Y,0,112500.0,Working,Higher education,Married,House / apartment,-10101,-505,Laborers,2,1,0
5068338,0.0,0,F,Y,Y,0,112500.0,Working,Higher education,Married,House / apartment,-10101,-505,Laborers,2,1,0
5068339,0.0,0,F,Y,Y,0,112500.0,Working,Higher education,Married,House / apartment,-10101,-505,Laborers,2,1,0
5068341,0.0,C,M,N,Y,0,157500.0,Working,Secondary / secondary special,Married,House / apartment,-20831,-2423,Drivers,2,2,0
5068345,0.0,C,M,N,Y,0,157500.0,Working,Secondary / secondary special,Married,House / apartment,-20831,-2423,Drivers,2,2,0
5068347,0.0,0,M,Y,Y,1,135000.0,Commercial associate,Higher education,Married,House / apartment,-18230,-444,Managers,3,3,1
5068349,0.0,0,M,Y,Y,1,135000.0,Commercial associate,Higher education,Married,House / apartment,-18230,-444,Managers,3,3,1
5068351,0.0,0,M,Y,Y,1,135000.0,Commercial associate,Higher education,Married,House / apartment,-18230,-444,Managers,3,3,1
5068353,0.0,0,M,Y,Y,1,135000.0,Commercial associate,Higher education,Married,House / apartment,-18230,-444,Managers,3,3,1
5068358,0.0,C,M,N,N,1,180000.0,Working,Lower secondary,Married,House / apartment,-14291,-4707,Laborers,3,2,1
5068361,0.0,0,F,Y,Y,1,270000.0,Working,Secondary / secondary special,Married,House / apartment,-14084,-3246,Laborers,3,4,1
5068364,0.0,C,F,Y,Y,1,270000.0,Working,Secondary / secondary special,Married,House / apartment,-14084,-3246,Laborers,3,2,1
5068367,0.0,0,F,Y,Y,1,270000.0,Working,Secondary / secondary special,Married,House / apartment,-14084,-3246,Laborers,3,4,1
5068368,0.0,0,M,N,Y,0,135000.0,Working,Higher education,Married,House / apartment,-11762,-385,Sales staff,2,1,0
5068369,0.0,C,M,N,Y,0,135000.0,Working,Higher education,Married,House / apartment,-11762,-385,Sales staff,2,0,0
5068370,0.0,0,M,Y,Y,0,180000.0,Working,Secondary / secondary special,Married,House / apartment,-19438,-5314,Drivers,2,2,0
5068371,0.0,X,M,Y,Y,0,180000.0,Working,Secondary / secondary special,Married,House / apartment,-19438,-5314,Drivers,2,2,0
5068373,0.0,X,M,Y,Y,0,180000.0,Working,Secondary / secondary special,Married,House / apartment,-19438,-5314,Drivers,2,2,0
5068378,0.0,C,F,N,Y,1,126000.0,Working,Higher education,Married,House / apartment,-12662,-1359,Sales staff,3,0,1
5068381,0.0,0,F,N,Y,1,126000.0,Working,Higher education,Married,House / apartment,-12662,-1359,Sales staff,3,1,1
5068382,0.0,C,F,N,Y,1,126000.0,Working,Higher education,Married,House / apartment,-12662,-1359,Sales staff,3,0,1
5068383,0.0,0,F,N,Y,0,90000.0,Working,Incomplete higher,Single / not married,House / apartment,-8408,-171,Sales staff,1,1,0
5068390,0.0,C,F,Y,Y,1,270000.0,Working,Higher education,Separated,House / apartment,-14052,-140,Sales staff,2,0,2
5068391,0.0,C,F,Y,Y,1,270000.0,Working,Higher education,Separated,House / apartment,-14052,-140,Sales staff,2,0,2
5068394,0.0,C,F,Y,Y,1,270000.0,Working,Higher education,Separated,House / apartment,-14052,-140,Sales staff,2,0,2
5068402,0.0,0,M,Y,Y,0,225000.0,Working,Secondary / secondary special,Civil marriage,House / apartment,-17809,-840,Drivers,2,4,0
5068405,0.0,C,F,N,Y,0,157500.0,Working,Higher education,Married,House / apartment,-9876,-1571,Core staff,2,0,0
5068407,0.0,C,F,N,Y,0,157500.0,Working,Higher education,Married,House / apartment,-9876,-1571,Core staff,2,0,0
5068410,0.0,0,F,N,Y,0,157500.0,Working,Higher education,Married,House / apartment,-9876,-1571,Core staff,2,1,0
5068412,0.0,C,M,N,Y,1,135000.0,Working,Secondary / secondary special,Married,House / apartment,-12520,-5345,Drivers,3,2,1
5068414,0.0,C,M,N,Y,1,135000.0,Working,Secondary / secondary special,Married,House / apartment,-12520,-5345,Drivers,3,2,1
5068415,0.0,C,M,N,Y,1,135000.0,Working,Secondary / secondary special,Married,House / apartment,-12520,-5345,Drivers,3,2,1
5068416,0.0,C,F,N,Y,1,157500.0,State servant,Secondary / secondary special,Married,House / apartment,-12047,-4796,Medicine staff,3,1,1
5068419,0.0,0,F,N,Y,1,157500.0,State servant,Secondary / secondary special,Married,House / apartment,-12047,-4796,Medicine staff,3,1,1
5068420,0.0,C,F,N,Y,1,157500.0,State servant,Secondary / secondary special,Married,House / apartment,-12047,-4796,Medicine staff,3,1,1
5068421,0.0,X,F,N,Y,1,157500.0,State servant,Secondary / secondary special,Married,House / apartment,-12047,-4796,Medicine staff,3,1,1
5068422,0.0,C,F,N,Y,0,360000.0,State servant,Secondary / secondary special,Married,House / apartment,-19070,-10490,Accountants,2,1,2
5068427,0.0,0,F,N,Y,0,360000.0,State servant,Secondary / secondary special,Married,House / apartment,-19070,-10490,Accountants,2,1,2
5068428,0.0,C,F,N,Y,0,360000.0,State servant,Secondary / secondary special,Married,House / apartment,-19070,-10490,Accountants,2,1,2
5068433,0.0,X,F,N,Y,0,360000.0,State servant,Secondary / secondary special,Married,House / apartment,-19070,-10490,Accountants,2,1,2
5068441,0.0,C,M,Y,N,0,202500.0,Working,Secondary / secondary special,Married,House / apartment,-11270,-870,Laborers,2,2,0
5068442,0.0,C,M,Y,N,0,202500.0,Working,Secondary / secondary special,Married,House / apartment,-11270,-870,Laborers,2,2,0
5068445,0.0,C,M,N,N,0,112500.0,Working,Secondary / secondary special,Married,House / apartment,-10396,-778,Laborers,2,2,0
5068452,0.0,C,M,Y,Y,0,135000.0,Working,Secondary / secondary special,Married,House / apartment,-18820,-3185,Low-skill Laborers,2,2,0
5068453,0.0,C,M,Y,Y,0,135000.0,Working,Secondary / secondary special,Married,House / apartment,-18820,-3185,Low-skill Laborers,2,2,0
5068454,0.0,C,M,Y,Y,0,135000.0,Working,Secondary / secondary special,Married,House / apartment,-18820,-3185,Low-skill Laborers,2,2,0
5068455,0.0,X,M,Y,Y,0,135000.0,Working,Secondary / secondary special,Married,House / apartment,-18820,-3185,Low-skill Laborers,2,2,0
5068461,0.0,0,F,N,Y,1,90000.0,Commercial associate,Secondary / secondary special,Married,House / apartment,-10175,-1966,Private service staff,3,1,1
5068464,0.0,0,F,N,Y,1,90000.0,Commercial associate,Secondary / secondary special,Married,House / apartment,-10175,-1966,Private service staff,3,1,1
5068465,0.0,0,F,N,Y,1,90000.0,Commercial associate,Secondary / secondary special,Married,House / apartment,-10175,-1966,Private service staff,3,1,1
5068467,0.0,0,F,N,Y,1,90000.0,Commercial associate,Secondary / secondary special,Married,House / apartment,-10175,-1966,Private service staff,3,1,1
5068470,0.0,C,F,N,N,1,108000.0,Commercial associate,Secondary / secondary special,Married,House / apartment,-15150,-719,Medicine staff,3,1,1
5068471,0.0,C,F,N,N,1,108000.0,Commercial associate,Secondary / secondary special,Married,House / apartment,-15150,-719,Medicine staff,3,1,1
5068472,0.0,C,F,N,N,1,108000.0,Commercial associate,Secondary / secondary special,Married,House / apartment,-15150,-719,Medicine staff,3,1,1
5068475,0.0,0,M,Y,N,1,229500.0,State servant,Secondary / secondary special,Married,House / apartment,-21665,-4342,Managers,3,1,1
5068478,0.0,C,M,Y,N,1,229500.0,State servant,Secondary / secondary special,Married,House / apartment,-21665,-4342,Managers,3,0,1
5068480,0.0,0,M,Y,N,1,229500.0,State servant,Secondary / secondary special,Married,House / apartment,-21665,-4342,Managers,3,1,1
5068481,0.0,X,M,Y,N,1,229500.0,State servant,Secondary / secondary special,Married,House / apartment,-21665,-4342,Managers,3,0,1
5068482,0.0,0,M,Y,N,1,229500.0,State servant,Secondary / secondary special,Married,House / apartment,-21665,-4342,Managers,3,1,1
5068483,0.0,0,M,Y,N,1,229500.0,State servant,Secondary / secondary special,Married,House / apartment,-21665,-4342,Managers,3,1,1
5068486,0.0,C,M,N,Y,0,180000.0,Working,Secondary / secondary special,Married,House / apartment,-11425,-2636,Security staff,2,2,0
5068507,0.0,C,F,N,Y,0,135000.0,Commercial associate,Secondary / secondary special,Married,House / apartment,-15875,-2758,Core staff,2,1,0
5068510,0.0,X,F,N,Y,0,135000.0,Commercial associate,Secondary / secondary special,Married,House / apartment,-15875,-2758,Core staff,2,1,0
5068511,0.0,X,F,N,Y,0,135000.0,Commercial associate,Secondary / secondary special,Married,House / apartment,-15875,-2758,Core staff,2,1,0
5068512,0.0,X,F,N,Y,0,135000.0,Commercial associate,Secondary / secondary special,Married,House / apartment,-15875,-2758,Core staff,2,1,0
5068514,0.0,C,F,N,Y,0,135000.0,Commercial associate,Secondary / secondary special,Married,House / apartment,-15875,-2758,Core staff,2,1,0
5068515,0.0,C,F,N,Y,0,135000.0,Commercial associate,Secondary / secondary special,Married,House / apartment,-15875,-2758,Core staff,2,1,0
5068516,0.0,C,F,N,Y,0,135000.0,Commercial associate,Secondary / secondary special,Married,House / apartment,-15875,-2758,Core staff,2,1,0
5068517,0.0,0,F,N,Y,0,135000.0,Commercial associate,Secondary / secondary special,Married,House / apartment,-15875,-2758,Core staff,2,1,0
5068519,0.0,C,F,N,Y,0,135000.0,Commercial associate,Secondary / secondary special,Married,House / apartment,-15875,-2758,Core staff,2,1,0
5068521,0.0,X,F,N,Y,0,135000.0,Commercial associate,Secondary / secondary special,Married,House / apartment,-15875,-2758,Core staff,2,1,0
5068522,0.0,C,F,N,Y,0,135000.0,Commercial associate,Secondary / secondary special,Married,House / apartment,-15875,-2758,Core staff,2,1,0
5068523,0.0,C,F,N,Y,0,135000.0,Working,Secondary / secondary special,Single / not married,House / apartment,-12360,-385,Laborers,1,4,0
5068524,0.0,0,F,N,Y,0,135000.0,Working,Secondary / secondary special,Single / not married,House / apartment,-12360,-385,Laborers,1,4,0
5068525,0.0,0,F,N,Y,0,135000.0,Working,Secondary / secondary special,Single / not married,House / apartment,-12360,-385,Laborers,1,4,0
5068526,0.0,C,F,N,Y,0,135000.0,Working,Secondary / secondary special,Single / not married,House / apartment,-12360,-385,Laborers,1,4,0
5068535,0.0,0,M,N,N,0,157500.0,Working,Secondary / secondary special,Married,House / apartment,-20993,-1874,Laborers,2,4,0
5068536,0.0,C,F,Y,Y,0,337500.0,Working,Secondary / secondary special,Single / not married,House / apartment,-19804,-3246,Sales staff,1,2,2
5068537,0.0,X,F,Y,Y,0,337500.0,Working,Secondary / secondary special,Single / not married,House / apartment,-19804,-3246,Sales staff,1,4,2
5068539,0.0,0,F,Y,Y,0,337500.0,Working,Secondary / secondary special,Single / not married,House / apartment,-19804,-3246,Sales staff,1,4,2
5068540,0.0,0,F,Y,Y,0,337500.0,Working,Secondary / secondary special,Single / not married,House / apartment,-19804,-3246,Sales staff,1,4,2
5068541,0.0,X,F,Y,Y,0,337500.0,Working,Secondary / secondary special,Single / not married,House / apartment,-19804,-3246,Sales staff,1,4,2
5068546,0.0,X,M,Y,Y,0,117000.0,Commercial associate,Secondary / secondary special,Married,House / apartment,-19351,-1023,Laborers,2,2,0
5068547,0.0,X,M,Y,Y,0,117000.0,Commercial associate,Secondary / secondary special,Married,House / apartment,-19351,-1023,Laborers,2,2,0
5068548,0.0,X,M,Y,Y,0,117000.0,Commercial associate,Secondary / secondary special,Married,House / apartment,-19351,-1023,Laborers,2,2,0
5068549,0.0,X,M,Y,Y,0,117000.0,Commercial associate,Secondary / secondary special,Married,House / apartment,-19351,-1023,Laborers,2,2,0
5068556,0.0,X,M,N,Y,0,202500.0,Working,Higher education,Single / not married,House / apartment,-12389,-1874,High skill tech staff,1,1,0
5068559,0.0,X,M,Y,N,0,135000.0,Working,Secondary / secondary special,Married,House / apartment,-19614,-385,Laborers,2,2,0
5068563,0.0,C,F,N,Y,0,216000.0,Working,Secondary / secondary special,Married,House / apartment,-18571,-2970,Medicine staff,2,2,0
5068564,0.0,C,F,N,Y,0,216000.0,Working,Secondary / secondary special,Married,House / apartment,-18571,-2970,Medicine staff,2,2,0
5068565,0.0,X,F,N,Y,0,216000.0,Working,Secondary / secondary special,Married,House / apartment,-18571,-2970,Medicine staff,2,4,0
5068566,0.0,C,F,N,Y,0,216000.0,Working,Secondary / secondary special,Married,House / apartment,-18571,-2970,Medicine staff,2,2,0
5068567,0.0,C,F,N,Y,0,216000.0,Working,Secondary / secondary special,Married,House / apartment,-18571,-2970,Medicine staff,2,2,0
5068573,0.0,C,F,N,Y,1,67500.0,Working,Secondary / secondary special,Married,With parents,-15964,-385,Sales staff,3,2,1
5068574,0.0,C,F,N,Y,1,67500.0,Working,Secondary / secondary special,Married,With parents,-15964,-385,Sales staff,3,2,1
5068577,0.0,0,F,N,Y,3,140400.0,Working,Secondary / secondary special,Married,House / apartment,-12372,-3246,Core staff,5,4,1
5068578,0.0,C,F,N,Y,3,140400.0,Working,Secondary / secondary special,Married,House / apartment,-12372,-3246,Core staff,5,2,1
5068580,0.0,0,F,N,Y,3,140400.0,Working,Secondary / secondary special,Married,House / apartment,-12372,-3246,Core staff,5,4,1
5068582,0.0,C,F,N,Y,3,140400.0,Working,Secondary / secondary special,Married,House / apartment,-12372,-3246,Core staff,5,2,1
5068585,0.0,0,F,N,Y,1,121500.0,Working,Secondary / secondary special,Married,House / apartment,-16375,-962,Sales staff,3,4,1
5068586,0.0,X,F,N,Y,1,121500.0,Working,Secondary / secondary special,Married,House / apartment,-16375,-962,Sales staff,3,4,1
5068590,0.0,C,F,N,Y,1,157500.0,Commercial associate,Higher education,Married,House / apartment,-13673,-2667,Core staff,3,3,1
5068591,0.0,X,F,N,Y,1,157500.0,Commercial associate,Higher education,Married,House / apartment,-13673,-2667,Core staff,3,3,1
5068592,0.0,C,F,N,Y,1,157500.0,Commercial associate,Higher education,Married,House / apartment,-13673,-2667,Core staff,3,3,1
5068596,0.0,C,F,N,Y,1,157500.0,Commercial associate,Higher education,Married,House / apartment,-13673,-2667,Core staff,3,3,1
5068598,0.0,C,F,N,Y,1,157500.0,Commercial associate,Higher education,Married,House / apartment,-13673,-2667,Core staff,3,3,1
5068599,0.0,C,F,N,Y,1,157500.0,Commercial associate,Higher education,Married,House / apartment,-13673,-2667,Core staff,3,3,1
5068600,0.0,X,F,N,Y,1,157500.0,Commercial associate,Higher education,Married,House / apartment,-13673,-2667,Core staff,3,3,1
5068601,0.0,X,F,N,Y,1,157500.0,Commercial associate,Higher education,Married,House / apartment,-13673,-2667,Core staff,3,3,1
5068602,0.0,X,F,N,Y,1,157500.0,Commercial associate,Higher education,Married,House / apartment,-13673,-2667,Core staff,3,3,1
5068603,0.0,C,F,N,Y,1,225000.0,Working,Secondary / secondary special,Married,House / apartment,-15256,-8664,Managers,3,2,1
5068604,0.0,X,F,N,Y,1,225000.0,Working,Secondary / secondary special,Married,House / apartment,-15256,-8664,Managers,3,4,1
5068605,0.0,C,F,N,Y,0,90000.0,Working,Secondary / secondary special,Married,With parents,-9217,-1785,Core staff,2,2,0
5068606,0.0,0,F,N,Y,2,360000.0,Working,Secondary / secondary special,Married,House / apartment,-15812,-658,Sales staff,4,4,1
5068607,0.0,0,F,N,Y,2,360000.0,Working,Secondary / secondary special,Married,House / apartment,-15812,-658,Sales staff,4,4,1
5068608,0.0,0,F,N,Y,2,360000.0,Working,Secondary / secondary special,Married,House / apartment,-15812,-658,Sales staff,4,4,1
5068610,0.0,0,F,N,Y,0,135000.0,Working,Incomplete higher,Married,House / apartment,-14998,-1509,Managers,2,1,0
5068615,0.0,0,F,N,N,0,135000.0,Working,Secondary / secondary special,Married,With parents,-9864,-2089,Medicine staff,2,4,0
5068620,0.0,C,F,N,N,0,135000.0,Working,Secondary / secondary special,Separated,House / apartment,-17146,-1509,High skill tech staff,1,4,0
5068621,0.0,0,M,N,Y,0,270000.0,Working,Higher education,Separated,House / apartment,-16142,-5527,Managers,1,1,2
5068622,0.0,C,F,Y,Y,0,216000.0,Working,Secondary / secondary special,Married,House / apartment,-21216,-3641,Managers,2,2,0
5068624,0.0,0,F,Y,Y,0,216000.0,Working,Secondary / secondary special,Married,House / apartment,-21216,-3641,Managers,2,4,0
5068625,0.0,0,F,Y,Y,0,216000.0,Working,Secondary / secondary special,Married,House / apartment,-21216,-3641,Managers,2,4,0
5068628,0.0,0,F,Y,Y,0,216000.0,Working,Secondary / secondary special,Married,House / apartment,-21216,-3641,Managers,2,4,0
5068631,0.0,X,F,Y,Y,0,216000.0,Working,Secondary / secondary special,Married,House / apartment,-21216,-3641,Managers,2,2,0
5068632,0.0,0,F,Y,Y,0,216000.0,Working,Secondary / secondary special,Married,House / apartment,-21216,-3641,Managers,2,4,0
5068633,0.0,X,F,Y,Y,0,216000.0,Working,Secondary / secondary special,Married,House / apartment,-21216,-3641,Managers,2,2,0
5068634,0.0,0,F,Y,Y,0,216000.0,Working,Secondary / secondary special,Married,House / apartment,-21216,-3641,Managers,2,4,0
5068638,0.0,C,F,N,Y,0,337500.0,Working,Higher education,Widow,House / apartment,-22613,-2970,Accountants,1,0,2
5068642,0.0,C,F,N,Y,0,337500.0,Working,Higher education,Widow,House / apartment,-22613,-2970,Accountants,1,0,2
5068644,0.0,C,F,N,Y,0,337500.0,Working,Higher education,Widow,House / apartment,-22613,-2970,Accountants,1,0,2
5068647,0.0,X,M,N,Y,0,135000.0,Working,Secondary / secondary special,Single / not married,With parents,-11344,-1054,Drivers,1,4,0
5068648,0.0,C,M,N,Y,0,135000.0,Working,Secondary / secondary special,Single / not married,With parents,-11344,-1054,Drivers,1,2,0
5068649,0.0,X,M,N,Y,0,135000.0,Working,Secondary / secondary special,Single / not married,With parents,-11344,-1054,Drivers,1,4,0
5068650,0.0,X,M,N,Y,0,135000.0,Working,Secondary / secondary special,Single / not married,With parents,-11344,-1054,Drivers,1,4,0
5068652,0.0,X,F,Y,Y,0,360000.0,State servant,Higher education,Separated,House / apartment,-19305,-1905,Core staff,1,3,2
5068654,0.0,X,F,Y,Y,0,360000.0,State servant,Higher education,Separated,House / apartment,-19305,-1905,Core staff,1,3,2
5068657,0.0,C,F,Y,Y,0,360000.0,State servant,Higher education,Separated,House / apartment,-19305,-1905,Core staff,1,3,2
5068658,0.0,C,F,Y,Y,0,360000.0,State servant,Higher education,Separated,House / apartment,-19305,-1905,Core staff,1,3,2
5068663,0.0,X,F,Y,Y,0,360000.0,State servant,Higher education,Separated,House / apartment,-19305,-1905,Core staff,1,3,2
5068667,0.0,X,F,Y,Y,0,360000.0,State servant,Higher education,Separated,House / apartment,-19305,-1905,Core staff,1,3,2
5068669,0.0,C,M,N,Y,0,247500.0,Working,Incomplete higher,Married,House / apartment,-9159,-413,Core staff,2,0,0
5068670,0.0,C,M,N,Y,0,247500.0,Working,Incomplete higher,Married,House / apartment,-9159,-413,Core staff,2,0,0
5068671,0.0,0,M,N,Y,0,247500.0,Working,Incomplete higher,Married,House / apartment,-9159,-413,Core staff,2,1,0
5068675,0.0,C,M,Y,Y,1,198000.0,Working,Secondary / secondary special,Married,House / apartment,-15427,-3307,Drivers,3,2,1
5068676,0.0,X,M,Y,Y,1,198000.0,Working,Secondary / secondary special,Married,House / apartment,-15427,-3307,Drivers,3,2,1
5068678,0.0,0,M,Y,Y,1,198000.0,Working,Secondary / secondary special,Married,House / apartment,-15427,-3307,Drivers,3,2,1
5068679,0.0,C,M,Y,Y,1,198000.0,Working,Secondary / secondary special,Married,House / apartment,-15427,-3307,Drivers,3,2,1
5068680,0.0,C,M,Y,Y,1,198000.0,Working,Secondary / secondary special,Married,House / apartment,-15427,-3307,Drivers,3,2,1
5068682,0.0,0,M,N,Y,0,148500.0,Working,Secondary / secondary special,Single / not married,House / apartment,-11819,-962,Laborers,1,4,0
5068683,0.0,C,M,N,Y,0,148500.0,Working,Secondary / secondary special,Single / not married,House / apartment,-11819,-962,Laborers,1,2,0
5068684,0.0,C,M,N,Y,0,148500.0,Working,Secondary / secondary special,Single / not married,House / apartment,-11819,-962,Laborers,1,2,0
5068686,0.0,0,M,N,Y,0,148500.0,Working,Secondary / secondary special,Single / not married,House / apartment,-11819,-962,Laborers,1,4,0
5068687,0.0,C,M,N,Y,0,148500.0,Working,Secondary / secondary special,Single / not married,House / apartment,-11819,-962,Laborers,1,2,0
5068689,0.0,C,M,N,Y,0,148500.0,Working,Secondary / secondary special,Single / not married,House / apartment,-11819,-962,Laborers,1,2,0
5068691,0.0,C,M,N,Y,0,148500.0,Working,Secondary / secondary special,Single / not married,House / apartment,-11819,-962,Laborers,1,2,0
5068694,0.0,C,M,N,Y,0,148500.0,Working,Secondary / secondary special,Single / not married,House / apartment,-11819,-962,Laborers,1,2,0
5068697,0.0,C,M,Y,Y,1,270000.0,Commercial associate,Higher education,Married,House / apartment,-14775,-5558,Laborers,3,0,2
5068698,0.0,C,M,Y,Y,1,270000.0,Commercial associate,Higher education,Married,House / apartment,-14775,-5558,Laborers,3,0,2
5068699,0.0,0,M,Y,Y,1,270000.0,Commercial associate,Higher education,Married,House / apartment,-14775,-5558,Laborers,3,3,2
5068705,0.0,C,F,Y,Y,0,90000.0,Working,Secondary / secondary special,Married,House / apartment,-13483,-5345,Laborers,2,2,0
5068707,0.0,C,F,Y,Y,0,90000.0,Working,Secondary / secondary special,Married,House / apartment,-13483,-5345,Laborers,2,2,0
5068710,0.0,C,F,Y,Y,0,90000.0,Working,Secondary / secondary special,Married,House / apartment,-13483,-5345,Laborers,2,2,0
5068711,0.0,0,F,Y,Y,0,90000.0,Working,Secondary / secondary special,Married,House / apartment,-13483,-5345,Laborers,2,4,0
5068712,0.0,C,F,Y,Y,0,90000.0,Working,Secondary / secondary special,Married,House / apartment,-13483,-5345,Laborers,2,2,0
5068713,0.0,C,F,N,N,0,157500.0,Commercial associate,Secondary / secondary special,Civil marriage,House / apartment,-15454,-354,Laborers,2,1,0
5068714,0.0,C,F,N,N,0,157500.0,Commercial associate,Secondary / secondary special,Civil marriage,House / apartment,-15454,-354,Laborers,2,1,0
5068721,0.0,0,F,N,N,0,180000.0,Working,Secondary / secondary special,Single / not married,House / apartment,-14817,-1115,Cooking staff,1,4,0
5068722,0.0,C,F,N,N,0,180000.0,Working,Secondary / secondary special,Single / not married,House / apartment,-14817,-1115,Cooking staff,1,4,0
5068723,0.0,C,F,N,N,0,180000.0,Working,Secondary / secondary special,Single / not married,House / apartment,-14817,-1115,Cooking staff,1,4,0
5068724,0.0,C,F,N,N,0,180000.0,Working,Secondary / secondary special,Single / not married,House / apartment,-14817,-1115,Cooking staff,1,4,0
5068728,0.0,C,M,Y,Y,0,180000.0,Commercial associate,Higher education,Married,House / apartment,-9925,-1023,Laborers,2,0,0
5068729,0.0,C,M,Y,Y,0,180000.0,Commercial associate,Higher education,Married,House / apartment,-9925,-1023,Laborers,2,0,0
5068734,0.0,X,M,Y,Y,1,202500.0,Working,Secondary / secondary special,Married,House / apartment,-9120,-1693,Laborers,3,2,1
5068735,0.0,0,M,Y,Y,1,202500.0,Working,Secondary / secondary special,Married,House / apartment,-9120,-1693,Laborers,3,2,1
5068736,0.0,X,M,Y,Y,1,202500.0,Working,Secondary / secondary special,Married,House / apartment,-9120,-1693,Laborers,3,2,1
5068737,0.0,X,M,Y,Y,1,202500.0,Working,Secondary / secondary special,Married,House / apartment,-9120,-1693,Laborers,3,2,1
5068744,0.0,X,F,N,Y,3,225000.0,Commercial associate,Secondary / secondary special,Single / not married,House / apartment,-11870,-5072,Laborers,4,1,1
5068747,0.0,0,F,N,N,0,157500.0,Working,Higher education,Civil marriage,With parents,-13231,-201,Accountants,2,1,0
5068748,0.0,0,F,N,N,0,157500.0,Working,Higher education,Civil marriage,With parents,-13231,-201,Accountants,2,1,0
5068750,0.0,C,F,N,Y,0,135000.0,Commercial associate,Secondary / secondary special,Married,House / apartment,-17733,-2362,Security staff,2,1,0
5068752,0.0,0,F,N,Y,0,135000.0,Commercial associate,Secondary / secondary special,Married,House / apartment,-17733,-2362,Security staff,2,1,0
5068754,0.0,0,F,N,Y,0,135000.0,Commercial associate,Secondary / secondary special,Married,House / apartment,-17733,-2362,Security staff,2,1,0
5068757,0.0,C,F,N,Y,0,135000.0,Commercial associate,Secondary / secondary special,Married,House / apartment,-17733,-2362,Security staff,2,1,0
5068758,0.0,C,F,N,Y,0,135000.0,Commercial associate,Secondary / secondary special,Married,House / apartment,-17733,-2362,Security staff,2,1,0
5068759,0.0,C,F,N,Y,0,135000.0,Commercial associate,Secondary / secondary special,Married,House / apartment,-17733,-2362,Security staff,2,1,0
5068765,0.0,C,F,N,Y,0,369000.0,State servant,Secondary / secondary special,Married,House / apartment,-17965,-2881,Medicine staff,2,1,2
5068766,0.0,0,F,N,N,0,135000.0,Working,Incomplete higher,Married,House / apartment,-16392,-2119,Core staff,2,1,0
5068768,0.0,0,F,N,N,0,135000.0,Working,Incomplete higher,Married,House / apartment,-16392,-2119,Core staff,2,1,0
5068772,0.0,X,F,N,N,0,135000.0,Working,Incomplete higher,Married,House / apartment,-16392,-2119,Core staff,2,1,0
5068774,0.0,0,F,N,N,0,135000.0,Working,Incomplete higher,Married,House / apartment,-16392,-2119,Core staff,2,1,0
5068783,0.0,0,F,N,N,0,180000.0,Working,Secondary / secondary special,Single / not married,With parents,-13396,-3853,Private service staff,1,4,0
5068784,0.0,0,F,N,N,0,180000.0,Working,Secondary / secondary special,Single / not married,With parents,-13396,-3853,Private service staff,1,4,0
5068799,0.0,X,M,Y,Y,1,112500.0,Working,Higher education,Married,House / apartment,-11809,-536,Accountants,3,0,1
5068804,0.0,C,M,Y,Y,1,112500.0,Working,Higher education,Married,House / apartment,-11809,-536,Accountants,3,0,1
5068805,0.0,C,M,Y,Y,1,112500.0,Working,Higher education,Married,House / apartment,-11809,-536,Accountants,3,0,1
5068807,0.0,0,M,Y,Y,1,112500.0,Working,Higher education,Married,House / apartment,-11809,-536,Accountants,3,0,1
5068808,0.0,0,M,Y,Y,1,112500.0,Working,Higher education,Married,House / apartment,-11809,-536,Accountants,3,0,1
5068809,0.0,X,M,Y,Y,1,112500.0,Working,Higher education,Married,House / apartment,-11809,-536,Accountants,3,0,1
5068822,0.0,X,F,Y,Y,0,157500.0,Working,Higher education,Married,House / apartment,-14976,-3550,Drivers,2,0,0
5068828,0.0,X,F,Y,Y,0,157500.0,Working,Higher education,Married,House / apartment,-14976,-3550,Drivers,2,0,0
5068831,0.0,0,F,N,Y,1,157500.0,Commercial associate,Secondary / secondary special,Married,Municipal apartment,-13480,-1328,Sales staff,3,1,1
5068841,0.0,C,F,N,Y,0,135000.0,Working,Secondary / secondary special,Single / not married,House / apartment,-22751,-4219,Secretaries,1,4,0
5068843,0.0,0,F,N,Y,0,135000.0,Working,Secondary / secondary special,Single / not married,House / apartment,-22751,-4219,Secretaries,1,4,0
5068844,0.0,X,F,N,Y,0,135000.0,Working,Secondary / secondary special,Single / not married,House / apartment,-22751,-4219,Secretaries,1,4,0
5068852,0.0,C,M,N,Y,0,157500.0,Working,Secondary / secondary special,Single / not married,House / apartment,-20603,-1175,Laborers,1,2,0
5068853,0.0,C,M,N,Y,0,157500.0,Working,Secondary / secondary special,Single / not married,House / apartment,-20603,-1175,Laborers,1,2,0
5068854,0.0,C,M,N,Y,0,157500.0,Working,Secondary / secondary special,Single / not married,House / apartment,-20603,-1175,Laborers,1,2,0
5068855,0.0,0,M,Y,Y,1,180000.0,Working,Secondary / secondary special,Married,House / apartment,-10790,-2576,Laborers,3,2,1
5068858,0.0,C,M,N,Y,1,135000.0,Commercial associate,Secondary / secondary special,Separated,House / apartment,-14309,-1359,Security staff,2,1,0
5068862,0.0,X,M,N,Y,1,135000.0,Commercial associate,Secondary / secondary special,Separated,House / apartment,-14309,-1359,Security staff,2,1,0
5068863,0.0,0,M,N,Y,1,135000.0,Commercial associate,Secondary / secondary special,Separated,House / apartment,-14309,-1359,Security staff,2,1,0
5068865,0.0,0,M,N,Y,0,162000.0,Working,Secondary / secondary special,Married,House / apartment,-10020,-536,Low-skill Laborers,2,4,0
5068875,0.0,C,F,N,N,1,112500.0,Working,Secondary / secondary special,Married,With parents,-11499,-4006,Core staff,3,2,1
5068878,0.0,X,F,N,N,1,112500.0,Working,Secondary / secondary special,Married,With parents,-11499,-4006,Core staff,3,4,1
5068879,0.0,C,F,N,N,1,112500.0,Working,Secondary / secondary special,Married,With parents,-11499,-4006,Core staff,3,2,1
5068882,0.0,0,F,N,N,1,112500.0,Working,Secondary / secondary special,Married,With parents,-11499,-4006,Core staff,3,4,1
5068888,0.0,C,F,N,Y,0,225000.0,Working,Secondary / secondary special,Married,House / apartment,-23537,-4888,Medicine staff,2,2,0
5068889,0.0,X,F,N,Y,0,225000.0,Working,Secondary / secondary special,Married,House / apartment,-23537,-4888,Medicine staff,2,4,0
5068891,0.0,0,F,N,Y,0,225000.0,Working,Secondary / secondary special,Married,House / apartment,-23537,-4888,Medicine staff,2,4,0
5068892,0.0,C,F,N,Y,0,225000.0,Working,Secondary / secondary special,Married,House / apartment,-23537,-4888,Medicine staff,2,2,0
5068893,0.0,C,F,N,Y,0,225000.0,Working,Secondary / secondary special,Married,House / apartment,-23537,-4888,Medicine staff,2,2,0
5068896,0.0,0,M,Y,Y,0,126000.0,Working,Secondary / secondary special,Married,House / apartment,-20113,-1754,Laborers,2,2,0
5068898,0.0,0,M,Y,Y,0,126000.0,Working,Secondary / secondary special,Married,House / apartment,-20113,-1754,Laborers,2,2,0
5068903,0.0,0,M,N,N,0,225000.0,Working,Secondary / secondary special,Single / not married,Co-op apartment,-11762,-293,Laborers,1,4,0
5068905,0.0,X,F,Y,Y,1,157500.0,Commercial associate,Secondary / secondary special,Married,House / apartment,-15355,-4403,Sales staff,3,1,1
5068906,0.0,0,F,Y,Y,1,157500.0,Commercial associate,Secondary / secondary special,Married,House / apartment,-15355,-4403,Sales staff,3,1,1
5068907,0.0,X,F,Y,Y,1,157500.0,Commercial associate,Secondary / secondary special,Married,House / apartment,-15355,-4403,Sales staff,3,1,1
5068909,0.0,0,F,Y,Y,1,157500.0,Commercial associate,Secondary / secondary special,Married,House / apartment,-15355,-4403,Sales staff,3,1,1
5068913,0.0,C,F,N,N,1,144000.0,Working,Secondary / secondary special,Married,House / apartment,-14802,-1846,Drivers,3,2,1
5068915,0.0,C,F,N,Y,1,112500.0,Working,Secondary / secondary special,Civil marriage,House / apartment,-13541,-3427,Core staff,3,4,1
5068916,0.0,C,F,N,Y,1,112500.0,Working,Secondary / secondary special,Civil marriage,House / apartment,-13541,-3427,Core staff,3,4,1
5068917,0.0,C,F,N,Y,1,112500.0,Working,Secondary / secondary special,Civil marriage,House / apartment,-13541,-3427,Core staff,3,4,1
5068919,0.0,C,F,N,Y,1,112500.0,Working,Secondary / secondary special,Civil marriage,House / apartment,-13541,-3427,Core staff,3,4,1
5068920,0.0,C,F,N,Y,1,112500.0,Working,Secondary / secondary special,Civil marriage,House / apartment,-13541,-3427,Core staff,3,4,1
5068921,0.0,0,F,N,Y,1,112500.0,Working,Secondary / secondary special,Civil marriage,House / apartment,-13541,-3427,Core staff,3,4,1
5068922,0.0,X,F,N,Y,1,112500.0,Working,Secondary / secondary special,Civil marriage,House / apartment,-13541,-3427,Core staff,3,4,1
5068927,0.0,C,F,N,N,0,270000.0,Working,Secondary / secondary special,Civil marriage,Office apartment,-9184,-840,Sales staff,2,4,0
5068928,0.0,0,F,N,N,0,270000.0,Working,Secondary / secondary special,Civil marriage,Office apartment,-9184,-840,Sales staff,2,4,0
5068929,0.0,C,F,N,N,0,270000.0,Working,Secondary / secondary special,Civil marriage,Office apartment,-9184,-840,Sales staff,2,4,0
5068930,0.0,C,F,N,N,0,270000.0,Working,Secondary / secondary special,Civil marriage,Office apartment,-9184,-840,Sales staff,2,4,0
5068931,0.0,C,F,N,N,0,270000.0,Working,Secondary / secondary special,Civil marriage,Office apartment,-9184,-840,Sales staff,2,4,0
5068933,0.0,C,F,N,N,0,270000.0,Working,Secondary / secondary special,Civil marriage,Office apartment,-9184,-840,Sales staff,2,4,0
5068940,0.0,1,M,Y,Y,2,225000.0,Working,Secondary / secondary special,Married,House / apartment,-15210,-4707,Security staff,4,1,0
5068952,0.0,X,M,N,N,0,180000.0,Working,Higher education,Single / not married,House / apartment,-9503,-354,Managers,1,1,0
5068953,0.0,C,M,N,N,0,180000.0,Working,Higher education,Single / not married,House / apartment,-9503,-354,Managers,1,0,0
5068972,0.0,0,F,N,Y,0,292500.0,Working,Higher education,Single / not married,House / apartment,-17388,-1662,Managers,1,1,2
5068973,0.0,0,F,N,Y,0,292500.0,Working,Higher education,Single / not married,House / apartment,-17388,-1662,Managers,1,1,2
5068976,0.0,0,F,N,Y,0,292500.0,Working,Higher education,Single / not married,House / apartment,-17388,-1662,Managers,1,1,2
5068978,0.0,0,M,Y,N,0,153000.0,Working,Secondary / secondary special,Single / not married,With parents,-10937,-1144,Laborers,1,4,0
5068979,0.0,C,M,Y,N,0,153000.0,Working,Secondary / secondary special,Single / not married,With parents,-10937,-1144,Laborers,1,2,0
5068980,0.0,X,M,Y,N,0,153000.0,Working,Secondary / secondary special,Single / not married,With parents,-10937,-1144,Laborers,1,4,0
5068981,0.0,0,M,Y,N,0,153000.0,Working,Secondary / secondary special,Single / not married,With parents,-10937,-1144,Laborers,1,4,0
5068982,0.0,0,M,N,Y,0,112500.0,Working,Higher education,Single / not married,House / apartment,-14846,-6380,Laborers,1,1,0
5068983,0.0,0,M,N,Y,0,112500.0,Working,Higher education,Single / not married,House / apartment,-14846,-6380,Laborers,1,1,0
5068984,0.0,0,M,N,Y,0,112500.0,Working,Higher education,Single / not married,House / apartment,-14846,-6380,Laborers,1,1,0
5068988,0.0,0,F,N,N,0,180000.0,Working,Higher education,Separated,House / apartment,-14127,-2058,Accountants,1,1,0
5068989,0.0,0,F,N,N,0,180000.0,Working,Higher education,Separated,House / apartment,-14127,-2058,Accountants,1,1,0
5068990,0.0,X,F,N,N,0,180000.0,Working,Higher education,Separated,House / apartment,-14127,-2058,Accountants,1,1,0
5068991,0.0,C,F,N,N,0,180000.0,Working,Higher education,Separated,House / apartment,-14127,-2058,Accountants,1,0,0
5068992,0.0,X,F,N,N,0,180000.0,Working,Higher education,Separated,House / apartment,-14127,-2058,Accountants,1,1,0
5068995,0.0,0,F,Y,Y,1,279000.0,Working,Higher education,Civil marriage,House / apartment,-16187,-3731,Managers,3,1,2
5068996,0.0,0,F,Y,Y,1,279000.0,Working,Higher education,Civil marriage,House / apartment,-16187,-3731,Managers,3,1,2
5068998,0.0,1,F,Y,Y,1,279000.0,Working,Higher education,Civil marriage,House / apartment,-16187,-3731,Managers,3,1,0
5069000,0.0,C,F,Y,Y,1,279000.0,Working,Higher education,Civil marriage,House / apartment,-16187,-3731,Managers,3,0,2
5069001,0.0,C,M,Y,Y,0,225000.0,Working,Higher education,Married,House / apartment,-18537,-354,Sales staff,2,0,0
5069003,0.0,C,F,N,Y,0,202500.0,State servant,Secondary / secondary special,Married,House / apartment,-15078,-809,Medicine staff,2,1,0
5069004,0.0,C,M,Y,Y,0,337500.0,Working,Higher education,Married,With parents,-10622,-1175,Laborers,2,0,2
5069005,0.0,C,M,Y,Y,0,337500.0,Working,Higher education,Married,With parents,-10622,-1175,Laborers,2,0,2
5069006,0.0,0,M,Y,Y,0,337500.0,Working,Higher education,Married,With parents,-10622,-1175,Laborers,2,0,2
5069007,0.0,C,M,Y,Y,0,337500.0,Working,Higher education,Married,With parents,-10622,-1175,Laborers,2,0,2
5069008,0.0,C,M,Y,Y,0,337500.0,Working,Higher education,Married,With parents,-10622,-1175,Laborers,2,0,2
5069010,0.0,C,M,N,Y,0,157500.0,Working,Secondary / secondary special,Married,House / apartment,-21867,-3611,Laborers,2,2,0
5069011,0.0,C,M,N,Y,0,157500.0,Working,Secondary / secondary special,Married,House / apartment,-21867,-3611,Laborers,2,2,0
5069017,0.0,C,F,N,Y,0,202500.0,Working,Secondary / secondary special,Married,House / apartment,-20295,-3700,Laborers,2,2,0
5069018,0.0,0,F,N,Y,0,202500.0,Working,Secondary / secondary special,Married,House / apartment,-20295,-3700,Laborers,2,4,0
5069019,0.0,0,F,N,Y,0,202500.0,Working,Secondary / secondary special,Married,House / apartment,-20295,-3700,Laborers,2,4,0
5069020,0.0,0,F,N,Y,0,202500.0,Working,Secondary / secondary special,Married,House / apartment,-20295,-3700,Laborers,2,4,0
5069022,0.0,0,F,N,Y,0,202500.0,Working,Secondary / secondary special,Married,House / apartment,-20295,-3700,Laborers,2,4,0
5069026,0.0,C,M,Y,Y,0,202500.0,Working,Secondary / secondary special,Married,House / apartment,-20768,-3519,Laborers,2,2,0
5069028,0.0,C,F,N,Y,0,157500.0,Commercial associate,Secondary / secondary special,Married,House / apartment,-16605,-1359,Sales staff,2,1,0
5069030,0.0,C,F,N,Y,0,157500.0,Commercial associate,Secondary / secondary special,Married,House / apartment,-16605,-1359,Sales staff,2,1,0
5069031,0.0,C,F,N,Y,0,157500.0,Commercial associate,Secondary / secondary special,Married,House / apartment,-16605,-1359,Sales staff,2,1,0
5069032,0.0,C,M,Y,N,0,157500.0,State servant,Secondary / secondary special,Single / not married,Municipal apartment,-8466,-1236,Laborers,1,2,0
5069034,0.0,C,M,Y,N,0,157500.0,State servant,Secondary / secondary special,Single / not married,Municipal apartment,-8466,-1236,Laborers,1,2,0
5069035,0.0,0,M,Y,N,0,157500.0,State servant,Secondary / secondary special,Single / not married,Municipal apartment,-8466,-1236,Laborers,1,4,0
5069036,0.0,C,M,Y,N,0,157500.0,State servant,Secondary / secondary special,Single / not married,Municipal apartment,-8466,-1236,Laborers,1,2,0
5069038,0.0,C,F,N,Y,0,180000.0,Working,Secondary / secondary special,Married,House / apartment,-12699,-2484,Core staff,2,2,0
5069039,0.0,X,F,N,Y,0,180000.0,Working,Secondary / secondary special,Married,House / apartment,-12699,-2484,Core staff,2,4,0
5069050,0.0,0,M,Y,N,0,225000.0,Commercial associate,Secondary / secondary special,Married,House / apartment,-17762,-2484,Laborers,2,1,0
5069051,0.0,C,M,Y,N,0,225000.0,Commercial associate,Secondary / secondary special,Married,House / apartment,-17762,-2484,Laborers,2,0,0
5069052,0.0,C,M,Y,N,0,225000.0,Commercial associate,Secondary / secondary special,Married,House / apartment,-17762,-2484,Laborers,2,0,0
5069053,0.0,0,M,Y,N,0,225000.0,Commercial associate,Secondary / secondary special,Married,House / apartment,-17762,-2484,Laborers,2,1,0
5069055,0.0,C,M,Y,N,0,225000.0,Commercial associate,Secondary / secondary special,Married,House / apartment,-17762,-2484,Laborers,2,0,0
5069056,0.0,0,M,Y,N,0,225000.0,Commercial associate,Secondary / secondary special,Married,House / apartment,-17762,-2484,Laborers,2,1,0
5069057,0.0,C,M,Y,N,0,225000.0,Commercial associate,Secondary / secondary special,Married,House / apartment,-17762,-2484,Laborers,2,0,0
5069058,0.0,C,M,Y,N,0,225000.0,Commercial associate,Secondary / secondary special,Married,House / apartment,-17762,-2484,Laborers,2,0,0
5069060,0.0,C,M,Y,N,0,225000.0,Commercial associate,Secondary / secondary special,Married,House / apartment,-17762,-2484,Laborers,2,0,0
5069061,0.0,C,M,Y,N,0,225000.0,Commercial associate,Secondary / secondary special,Married,House / apartment,-17762,-2484,Laborers,2,0,0
5069062,0.0,0,M,Y,N,0,225000.0,Commercial associate,Secondary / secondary special,Married,House / apartment,-17762,-2484,Laborers,2,1,0
5069063,0.0,0,M,Y,N,0,225000.0,Commercial associate,Secondary / secondary special,Married,House / apartment,-17762,-2484,Laborers,2,1,0
5069064,0.0,0,M,Y,N,0,225000.0,Commercial associate,Secondary / secondary special,Married,House / apartment,-17762,-2484,Laborers,2,1,0
5069065,0.0,0,M,Y,N,0,225000.0,Commercial associate,Secondary / secondary special,Married,House / apartment,-17762,-2484,Laborers,2,1,0
5069066,0.0,0,M,N,Y,0,202500.0,Working,Secondary / secondary special,Single / not married,House / apartment,-9743,-3093,Laborers,1,4,0
5069068,0.0,0,F,Y,Y,0,157500.0,State servant,Secondary / secondary special,Married,House / apartment,-18893,-2423,Core staff,2,1,0
5069069,0.0,C,F,Y,Y,0,157500.0,State servant,Secondary / secondary special,Married,House / apartment,-18893,-2423,Core staff,2,0,0
5069071,0.0,0,F,Y,Y,0,157500.0,State servant,Secondary / secondary special,Married,House / apartment,-18893,-2423,Core staff,2,1,0
5069072,0.0,C,F,Y,Y,0,157500.0,State servant,Secondary / secondary special,Married,House / apartment,-18893,-2423,Core staff,2,0,0
5069073,0.0,C,F,Y,Y,0,157500.0,State servant,Secondary / secondary special,Married,House / apartment,-18893,-2423,Core staff,2,0,0
5069077,0.0,C,F,N,Y,1,202500.0,Commercial associate,Higher education,Civil marriage,House / apartment,-14069,-3093,Accountants,3,3,1
5069078,0.0,C,F,N,Y,1,202500.0,Commercial associate,Higher education,Civil marriage,House / apartment,-14069,-3093,Accountants,3,3,1
5069079,0.0,C,F,N,Y,1,202500.0,Commercial associate,Higher education,Civil marriage,House / apartment,-14069,-3093,Accountants,3,3,1
5069080,0.0,1,F,N,Y,1,202500.0,Commercial associate,Higher education,Civil marriage,House / apartment,-14069,-3093,Accountants,3,1,0
5069098,0.0,C,F,N,Y,0,135000.0,Commercial associate,Secondary / secondary special,Married,House / apartment,-18195,-11555,High skill tech staff,2,1,0
5069099,0.0,C,F,N,Y,0,135000.0,Commercial associate,Secondary / secondary special,Married,House / apartment,-18195,-11555,High skill tech staff,2,1,0
5069100,0.0,C,F,N,Y,0,135000.0,Commercial associate,Secondary / secondary special,Married,House / apartment,-18195,-11555,High skill tech staff,2,1,0
5069101,0.0,0,F,N,Y,0,135000.0,Commercial associate,Secondary / secondary special,Married,House / apartment,-18195,-11555,High skill tech staff,2,1,0
5069106,0.0,0,M,N,Y,0,450000.0,State servant,Secondary / secondary special,Married,House / apartment,-17380,-6594,Core staff,2,1,2
5069107,0.0,0,M,N,Y,0,450000.0,State servant,Secondary / secondary special,Married,House / apartment,-17380,-6594,Core staff,2,1,2
5069111,0.0,X,M,Y,Y,0,135000.0,Working,Secondary / secondary special,Single / not married,House / apartment,-10576,-901,Laborers,1,2,0
5069113,0.0,0,M,N,Y,0,135000.0,Working,Secondary / secondary special,Single / not married,House / apartment,-8186,-597,Sales staff,1,4,0
5069114,0.0,0,M,N,Y,0,135000.0,Working,Secondary / secondary special,Single / not married,House / apartment,-8186,-597,Sales staff,1,4,0
5069115,0.0,0,F,N,N,1,180000.0,Commercial associate,Secondary / secondary special,Married,House / apartment,-17929,-6288,Sales staff,3,1,1
5069125,0.0,C,F,N,Y,1,180000.0,Working,Higher education,Married,House / apartment,-11199,-2576,HR staff,3,0,1
5069126,0.0,X,F,Y,Y,1,247500.0,Commercial associate,Secondary / secondary special,Separated,House / apartment,-13466,-1328,Accountants,2,1,0
5069131,0.0,X,F,N,N,0,135000.0,Commercial associate,Higher education,Married,With parents,-15360,-413,Core staff,2,3,0
5069133,0.0,0,F,N,N,0,135000.0,Commercial associate,Higher education,Married,With parents,-15360,-413,Core staff,2,3,0
5069134,0.0,C,F,N,N,0,135000.0,Commercial associate,Higher education,Married,With parents,-15360,-413,Core staff,2,3,0
5069135,0.0,0,F,N,N,0,135000.0,Commercial associate,Higher education,Married,With parents,-15360,-413,Core staff,2,3,0
5069136,0.0,X,F,N,N,0,135000.0,Commercial associate,Higher education,Married,With parents,-15360,-413,Core staff,2,3,0
5069137,0.0,0,F,N,N,0,135000.0,Commercial associate,Higher education,Married,With parents,-15360,-413,Core staff,2,3,0
5069138,0.0,C,F,N,N,0,135000.0,Commercial associate,Higher education,Married,With parents,-15360,-413,Core staff,2,3,0
5069139,0.0,C,F,N,N,0,135000.0,Commercial associate,Higher education,Married,With parents,-15360,-413,Core staff,2,3,0
5069140,0.0,X,F,N,N,0,135000.0,Commercial associate,Higher education,Married,With parents,-15360,-413,Core staff,2,3,0
5069143,0.0,C,F,N,N,0,135000.0,Commercial associate,Higher education,Married,With parents,-15360,-413,Core staff,2,3,0
5069146,0.0,0,M,N,Y,0,216000.0,Commercial associate,Higher education,Married,House / apartment,-19150,-7415,Managers,2,3,0
5069147,0.0,C,M,N,Y,0,216000.0,Commercial associate,Higher education,Married,House / apartment,-19150,-7415,Managers,2,3,0
5069148,0.0,C,M,N,Y,0,216000.0,Commercial associate,Higher education,Married,House / apartment,-19150,-7415,Managers,2,3,0
5069152,0.0,C,M,N,Y,0,216000.0,Commercial associate,Higher education,Married,House / apartment,-19150,-7415,Managers,2,3,0
5069160,0.0,C,M,N,Y,0,216000.0,Commercial associate,Higher education,Married,House / apartment,-19150,-7415,Managers,2,3,0
5069162,0.0,0,M,N,Y,0,216000.0,Commercial associate,Higher education,Married,House / apartment,-19150,-7415,Managers,2,3,0
5069164,0.0,C,M,N,Y,0,216000.0,Commercial associate,Higher education,Married,House / apartment,-19150,-7415,Managers,2,3,0
5069165,0.0,C,M,N,Y,0,216000.0,Commercial associate,Higher education,Married,House / apartment,-19150,-7415,Managers,2,3,0
5069167,0.0,X,M,Y,Y,0,135000.0,Working,Secondary / secondary special,Married,House / apartment,-10314,-962,Sales staff,2,2,0
5069168,0.0,X,M,Y,Y,0,135000.0,Working,Secondary / secondary special,Married,House / apartment,-10314,-962,Sales staff,2,2,0
5069171,0.0,X,M,Y,Y,0,135000.0,Working,Secondary / secondary special,Married,House / apartment,-10314,-962,Sales staff,2,2,0
5069172,0.0,0,F,N,N,0,193500.0,Working,Secondary / secondary special,Single / not married,House / apartment,-17826,-201,Laborers,1,4,0
5069173,0.0,X,M,N,N,0,157500.0,Working,Secondary / secondary special,Single / not married,With parents,-8509,-201,Drivers,1,4,0
5069178,0.0,0,F,N,Y,0,225000.0,Working,Higher education,Single / not married,House / apartment,-13813,-3366,Accountants,1,1,0
5069180,0.0,C,F,N,Y,0,225000.0,Working,Higher education,Single / not married,House / apartment,-13813,-3366,Accountants,1,0,0
5069184,0.0,C,F,N,Y,1,185400.0,Working,Higher education,Married,House / apartment,-14817,-413,Core staff,3,0,1
5069186,0.0,0,F,N,Y,1,185400.0,Working,Higher education,Married,House / apartment,-14817,-413,Core staff,3,1,1
5069187,0.0,C,F,N,Y,1,185400.0,Working,Higher education,Married,House / apartment,-14817,-413,Core staff,3,0,1
5069195,0.0,X,F,N,Y,0,135000.0,Commercial associate,Secondary / secondary special,Married,House / apartment,-16024,-171,Laborers,2,1,0
5069197,0.0,C,F,Y,Y,1,225000.0,Commercial associate,Secondary / secondary special,Married,House / apartment,-13591,-3246,Sales staff,3,0,1
5069198,0.0,C,F,Y,Y,1,225000.0,Commercial associate,Secondary / secondary special,Married,House / apartment,-13591,-3246,Sales staff,3,0,1
5069199,0.0,C,F,Y,Y,1,225000.0,Commercial associate,Secondary / secondary special,Married,House / apartment,-13591,-3246,Sales staff,3,0,1
5069200,0.0,C,F,N,Y,0,238500.0,Commercial associate,Secondary / secondary special,Married,House / apartment,-17100,-1236,Core staff,2,1,0
5069201,0.0,C,F,N,Y,0,238500.0,Commercial associate,Secondary / secondary special,Married,House / apartment,-17100,-1236,Core staff,2,1,0
5069202,0.0,C,F,N,Y,0,238500.0,Commercial associate,Secondary / secondary special,Married,House / apartment,-17100,-1236,Core staff,2,1,0
5069216,0.0,C,F,Y,Y,0,256500.0,Commercial associate,Higher education,Married,House / apartment,-11210,-1724,Accountants,2,3,2
5069223,0.0,X,M,N,N,3,135000.0,Working,Secondary / secondary special,Married,With parents,-11757,-658,Laborers,5,4,1
5069224,0.0,C,F,Y,Y,0,247500.0,Commercial associate,Secondary / secondary special,Married,House / apartment,-17330,-962,Sales staff,2,0,0
5069226,0.0,0,F,Y,Y,0,247500.0,Commercial associate,Secondary / secondary special,Married,House / apartment,-17330,-962,Sales staff,2,1,0
5069227,0.0,C,F,Y,Y,0,247500.0,Commercial associate,Secondary / secondary special,Married,House / apartment,-17330,-962,Sales staff,2,0,0
5069228,0.0,0,F,Y,Y,0,247500.0,Commercial associate,Secondary / secondary special,Married,House / apartment,-17330,-962,Sales staff,2,1,0
5069231,0.0,X,F,N,N,1,67500.0,Working,Secondary / secondary special,Married,With parents,-10565,-2970,Medicine staff,3,4,1
5069232,0.0,C,F,N,N,1,67500.0,Working,Secondary / secondary special,Married,With parents,-10565,-2970,Medicine staff,3,2,1
5069233,0.0,0,F,N,N,1,67500.0,Working,Secondary / secondary special,Married,With parents,-10565,-2970,Medicine staff,3,4,1
5069235,0.0,0,F,Y,Y,0,202500.0,State servant,Secondary / secondary special,Married,House / apartment,-11836,-4646,Medicine staff,2,1,0
5069237,0.0,0,M,Y,Y,0,225000.0,Commercial associate,Secondary / secondary special,Married,House / apartment,-14827,-4037,High skill tech staff,2,1,0
5069248,0.0,C,F,N,N,0,180000.0,Working,Higher education,Single / not married,House / apartment,-13619,-385,IT staff,1,0,0
5069249,0.0,C,F,N,N,0,180000.0,Working,Higher education,Single / not married,House / apartment,-13619,-385,IT staff,1,0,0
5069250,0.0,C,F,N,N,0,180000.0,Working,Higher education,Single / not married,House / apartment,-13619,-385,IT staff,1,0,0
5069251,0.0,C,F,N,N,0,180000.0,Working,Higher education,Single / not married,House / apartment,-13619,-385,IT staff,1,0,0
5069252,0.0,C,F,N,N,0,180000.0,Working,Higher education,Single / not married,House / apartment,-13619,-385,IT staff,1,0,0
5069254,0.0,0,F,N,Y,1,112500.0,Working,Secondary / secondary special,Married,House / apartment,-17058,-628,Sales staff,3,4,1
5069255,0.0,0,F,N,Y,1,112500.0,Working,Secondary / secondary special,Married,House / apartment,-17058,-628,Sales staff,3,4,1
5069256,0.0,C,F,Y,Y,1,67500.0,Working,Secondary / secondary special,Married,House / apartment,-12821,-931,Laborers,3,2,1
5069257,0.0,C,F,Y,Y,1,67500.0,Working,Secondary / secondary special,Married,House / apartment,-12821,-931,Laborers,3,2,1
5069263,0.0,C,F,Y,Y,1,67500.0,Working,Secondary / secondary special,Married,House / apartment,-12821,-931,Laborers,3,2,1
5069273,0.0,0,F,N,Y,0,135000.0,Commercial associate,Secondary / secondary special,Civil marriage,House / apartment,-17108,-901,Cleaning staff,2,1,0
5069274,0.0,C,F,N,Y,0,135000.0,Commercial associate,Secondary / secondary special,Civil marriage,House / apartment,-17108,-901,Cleaning staff,2,1,0
5069278,0.0,X,F,N,Y,1,315000.0,Working,Secondary / secondary special,Married,House / apartment,-16359,-4342,Core staff,3,4,2
5069280,0.0,X,F,N,Y,1,315000.0,Working,Secondary / secondary special,Married,House / apartment,-16359,-4342,Core staff,3,4,2
5069281,0.0,0,F,N,Y,1,315000.0,Working,Secondary / secondary special,Married,House / apartment,-16359,-4342,Core staff,3,4,2
5069285,0.0,X,F,N,Y,1,315000.0,Working,Secondary / secondary special,Married,House / apartment,-16359,-4342,Core staff,3,4,2
5069289,0.0,C,F,N,Y,0,270000.0,Commercial associate,Incomplete higher,Married,House / apartment,-14783,-3397,Core staff,2,3,2
5069290,0.0,C,F,N,Y,0,270000.0,Commercial associate,Incomplete higher,Married,House / apartment,-14783,-3397,Core staff,2,3,2
5069292,0.0,0,F,Y,Y,1,180000.0,Commercial associate,Secondary / secondary special,Married,House / apartment,-15461,-2605,Managers,3,1,1
5069294,0.0,C,F,N,Y,0,180000.0,Commercial associate,Secondary / secondary special,Married,House / apartment,-15133,-4888,Secretaries,2,1,0
5069309,0.0,X,F,N,Y,0,112500.0,Working,Lower secondary,Civil marriage,Municipal apartment,-12325,-536,Cleaning staff,2,1,0
5069311,0.0,X,F,N,Y,0,112500.0,Working,Lower secondary,Civil marriage,Municipal apartment,-12325,-536,Cleaning staff,2,1,0
5069312,0.0,C,M,N,Y,0,495000.0,Commercial associate,Secondary / secondary special,Civil marriage,House / apartment,-16741,-658,Managers,2,1,2
5069314,0.0,X,M,N,Y,0,495000.0,Commercial associate,Secondary / secondary special,Civil marriage,House / apartment,-16741,-658,Managers,2,1,2
5069315,0.0,C,M,N,Y,0,495000.0,Commercial associate,Secondary / secondary special,Civil marriage,House / apartment,-16741,-658,Managers,2,1,2
5069317,0.0,C,M,Y,Y,1,450000.0,Commercial associate,Secondary / secondary special,Married,House / apartment,-15439,-2605,Managers,3,0,2
5069318,0.0,C,M,Y,Y,1,450000.0,Commercial associate,Secondary / secondary special,Married,House / apartment,-15439,-2605,Managers,3,0,2
5069319,0.0,0,M,Y,Y,1,450000.0,Commercial associate,Secondary / secondary special,Married,House / apartment,-15439,-2605,Managers,3,1,2
5069321,0.0,C,M,Y,Y,0,270000.0,Commercial associate,Incomplete higher,Single / not married,House / apartment,-9022,-840,Waiters/barmen staff,1,0,0
5069324,0.0,X,F,N,Y,0,157500.0,Working,Secondary / secondary special,Married,House / apartment,-20311,-597,Cleaning staff,2,4,0
5069325,0.0,0,F,N,Y,0,157500.0,Working,Secondary / secondary special,Married,House / apartment,-20311,-597,Cleaning staff,2,4,0
5069327,0.0,C,F,N,Y,0,157500.0,Working,Secondary / secondary special,Married,House / apartment,-20311,-597,Cleaning staff,2,2,0
5069331,0.0,X,M,Y,Y,1,247500.0,Working,Higher education,Married,House / apartment,-9425,-232,Sales staff,3,0,1
5069334,0.0,C,M,Y,Y,1,247500.0,Working,Higher education,Married,House / apartment,-9425,-232,Sales staff,3,0,1
5069335,0.0,X,M,Y,Y,1,247500.0,Working,Higher education,Married,House / apartment,-9425,-232,Sales staff,3,0,1
5069336,0.0,C,M,Y,Y,1,247500.0,Working,Higher education,Married,House / apartment,-9425,-232,Sales staff,3,0,1
5069339,0.0,0,M,Y,Y,1,247500.0,Working,Higher education,Married,House / apartment,-9425,-232,Sales staff,3,0,1
5069340,0.0,0,M,Y,Y,1,247500.0,Working,Higher education,Married,House / apartment,-9425,-232,Sales staff,3,0,1
5069341,0.0,0,M,Y,Y,1,247500.0,Working,Higher education,Married,House / apartment,-9425,-232,Sales staff,3,0,1
5069342,0.0,0,M,Y,Y,1,247500.0,Working,Higher education,Married,House / apartment,-9425,-232,Sales staff,3,0,1
5069343,0.0,C,M,Y,Y,1,247500.0,Working,Higher education,Married,House / apartment,-9425,-232,Sales staff,3,0,1
5069369,0.0,C,F,N,N,0,126000.0,Working,Secondary / secondary special,Married,House / apartment,-20061,-2150,Sales staff,2,2,0
5069378,0.0,0,M,N,Y,0,337500.0,Working,Secondary / secondary special,Single / not married,House / apartment,-16717,-1267,High skill tech staff,1,4,2
5069379,0.0,X,M,N,Y,0,337500.0,Working,Secondary / secondary special,Single / not married,House / apartment,-16717,-1267,High skill tech staff,1,4,2
5069380,0.0,C,M,N,Y,0,337500.0,Working,Secondary / secondary special,Single / not married,House / apartment,-16717,-1267,High skill tech staff,1,2,2
5069382,0.0,C,F,N,Y,0,112500.0,Working,Higher education,Married,House / apartment,-12924,-2058,Sales staff,2,0,0
5069383,0.0,C,F,N,Y,0,112500.0,Working,Higher education,Married,House / apartment,-12924,-2058,Sales staff,2,0,0
5069384,0.0,X,F,N,Y,0,112500.0,Working,Higher education,Married,House / apartment,-12924,-2058,Sales staff,2,1,0
5069385,0.0,C,F,N,Y,0,112500.0,Working,Higher education,Married,House / apartment,-12924,-2058,Sales staff,2,0,0
5069386,0.0,C,F,N,Y,0,112500.0,Working,Higher education,Married,House / apartment,-12924,-2058,Sales staff,2,0,0
5069389,0.0,C,F,N,Y,1,270000.0,Working,Higher education,Married,House / apartment,-18411,-10094,Core staff,3,0,2
5069390,0.0,0,F,N,Y,1,270000.0,Working,Higher education,Married,House / apartment,-18411,-10094,Core staff,3,1,2
5069392,0.0,0,F,N,Y,1,270000.0,Working,Higher education,Married,House / apartment,-18411,-10094,Core staff,3,1,2
5069393,0.0,C,F,N,Y,1,270000.0,Working,Higher education,Married,House / apartment,-18411,-10094,Core staff,3,0,2
5069394,0.0,C,F,N,Y,1,270000.0,Working,Higher education,Married,House / apartment,-18411,-10094,Core staff,3,0,2
5069395,0.0,X,M,N,Y,0,157500.0,Working,Secondary / secondary special,Single / not married,House / apartment,-8396,-1509,Core staff,1,4,0
5069396,0.0,0,M,N,Y,0,157500.0,Working,Secondary / secondary special,Single / not married,House / apartment,-8396,-1509,Core staff,1,4,0
5069397,0.0,C,M,N,Y,0,157500.0,Working,Secondary / secondary special,Single / not married,House / apartment,-8396,-1509,Core staff,1,2,0
5069399,0.0,C,M,N,Y,0,157500.0,Working,Secondary / secondary special,Single / not married,House / apartment,-8396,-1509,Core staff,1,2,0
5069400,0.0,0,M,N,Y,0,157500.0,Working,Secondary / secondary special,Single / not married,House / apartment,-8396,-1509,Core staff,1,4,0
5069401,0.0,0,F,N,N,0,157500.0,Commercial associate,Secondary / secondary special,Single / not married,Rented apartment,-9558,-2180,Laborers,1,1,0
5069406,0.0,C,M,Y,N,1,225000.0,Working,Secondary / secondary special,Married,House / apartment,-18684,-2423,Drivers,3,2,1
5069411,0.0,C,M,Y,N,1,225000.0,Working,Secondary / secondary special,Married,House / apartment,-18684,-2423,Drivers,3,2,1
5069413,0.0,0,M,Y,N,1,225000.0,Working,Secondary / secondary special,Married,House / apartment,-18684,-2423,Drivers,3,2,1
5069415,0.0,C,M,Y,N,1,225000.0,Working,Secondary / secondary special,Married,House / apartment,-18684,-2423,Drivers,3,2,1
5069416,0.0,X,M,Y,N,1,225000.0,Working,Secondary / secondary special,Married,House / apartment,-18684,-2423,Drivers,3,2,1
5069417,0.0,C,M,Y,N,1,225000.0,Working,Secondary / secondary special,Married,House / apartment,-18684,-2423,Drivers,3,2,1
5069418,0.0,X,M,Y,N,1,225000.0,Working,Secondary / secondary special,Married,House / apartment,-18684,-2423,Drivers,3,2,1
5069419,0.0,0,F,N,Y,0,157500.0,Working,Incomplete higher,Single / not married,House / apartment,-9574,-171,Medicine staff,1,1,0
5069420,0.0,0,F,N,Y,0,157500.0,Working,Incomplete higher,Single / not married,House / apartment,-9574,-171,Medicine staff,1,1,0
5069425,0.0,C,M,Y,Y,0,202500.0,Working,Secondary / secondary special,Married,Municipal apartment,-16896,-354,Sales staff,2,2,0
5069426,0.0,C,M,Y,Y,0,202500.0,Working,Secondary / secondary special,Married,Municipal apartment,-16896,-354,Sales staff,2,2,0
5069427,0.0,C,M,Y,Y,0,202500.0,Working,Secondary / secondary special,Married,Municipal apartment,-16896,-354,Sales staff,2,2,0
5069428,0.0,1,M,Y,Y,0,202500.0,Working,Secondary / secondary special,Married,Municipal apartment,-16896,-354,Sales staff,2,1,0
5069432,0.0,0,M,Y,Y,0,202500.0,Working,Secondary / secondary special,Married,Municipal apartment,-16896,-354,Sales staff,2,4,0
5069433,0.0,0,M,Y,Y,0,202500.0,Working,Secondary / secondary special,Married,Municipal apartment,-16896,-354,Sales staff,2,4,0
5069434,0.0,0,M,Y,Y,0,202500.0,Working,Secondary / secondary special,Married,Municipal apartment,-16896,-354,Sales staff,2,4,0
5069435,0.0,0,M,Y,Y,0,202500.0,Working,Secondary / secondary special,Married,Municipal apartment,-16896,-354,Sales staff,2,4,0
5069439,0.0,1,M,Y,Y,0,202500.0,Working,Secondary / secondary special,Married,Municipal apartment,-16896,-354,Sales staff,2,1,0
5069440,0.0,X,F,N,Y,0,135000.0,Working,Secondary / secondary special,Single / not married,House / apartment,-8568,-809,Sales staff,1,4,0
5069441,0.0,X,F,N,Y,0,135000.0,Working,Secondary / secondary special,Single / not married,House / apartment,-8568,-809,Sales staff,1,4,0
5069442,0.0,X,F,N,Y,0,135000.0,Working,Secondary / secondary special,Single / not married,House / apartment,-8568,-809,Sales staff,1,4,0
5069443,0.0,C,F,N,Y,0,76500.0,Commercial associate,Secondary / secondary special,Married,House / apartment,-16139,-2180,Laborers,2,1,0
5069445,0.0,0,F,N,Y,0,76500.0,Commercial associate,Secondary / secondary special,Married,House / apartment,-16139,-2180,Laborers,2,1,0
5069446,0.0,0,F,N,Y,0,76500.0,Commercial associate,Secondary / secondary special,Married,House / apartment,-16139,-2180,Laborers,2,1,0
5069447,0.0,0,F,N,Y,0,76500.0,Commercial associate,Secondary / secondary special,Married,House / apartment,-16139,-2180,Laborers,2,1,0
5069449,0.0,C,M,Y,Y,1,270000.0,Commercial associate,Higher education,Married,House / apartment,-17993,-5558,Laborers,3,0,2
5069455,0.0,C,F,Y,Y,0,135000.0,Commercial associate,Secondary / secondary special,Married,House / apartment,-14978,-1785,Managers,2,0,0
5069456,0.0,0,F,Y,Y,0,135000.0,Commercial associate,Secondary / secondary special,Married,House / apartment,-14978,-1785,Managers,2,1,0
5069457,0.0,X,M,Y,Y,0,315000.0,Working,Higher education,Married,House / apartment,-8440,-1206,Sales staff,2,0,2
5069458,0.0,0,M,Y,Y,0,315000.0,Working,Higher education,Married,House / apartment,-8440,-1206,Sales staff,2,0,2
5069460,0.0,0,M,Y,Y,0,315000.0,Working,Higher education,Married,House / apartment,-8440,-1206,Sales staff,2,0,2
5069461,0.0,C,M,Y,Y,0,315000.0,Working,Higher education,Married,House / apartment,-8440,-1206,Sales staff,2,0,2
5069463,0.0,1,F,Y,Y,0,166500.0,Working,Secondary / secondary special,Married,House / apartment,-12192,-3123,Laborers,2,1,0
5069464,0.0,C,F,Y,Y,0,166500.0,Working,Secondary / secondary special,Married,House / apartment,-12192,-3123,Laborers,2,2,0
5069465,0.0,C,F,Y,Y,0,166500.0,Working,Secondary / secondary special,Married,House / apartment,-12192,-3123,Laborers,2,2,0
5069466,0.0,C,F,Y,Y,0,166500.0,Working,Secondary / secondary special,Married,House / apartment,-12192,-3123,Laborers,2,2,0
5069471,0.0,X,F,N,Y,2,225000.0,Working,Higher education,Married,House / apartment,-13600,-5711,Core staff,4,1,1
5069472,0.0,C,F,N,Y,2,225000.0,Working,Higher education,Married,House / apartment,-13600,-5711,Core staff,4,0,1
5069473,0.0,0,F,N,Y,2,225000.0,Working,Higher education,Married,House / apartment,-13600,-5711,Core staff,4,1,1
5069475,0.0,5,F,N,Y,2,225000.0,Working,Higher education,Married,House / apartment,-13600,-5711,Core staff,4,1,0
5069478,0.0,X,F,N,Y,0,157500.0,Working,Higher education,Married,House / apartment,-17056,-10094,Core staff,2,1,0
5069484,0.0,X,F,N,Y,0,157500.0,Working,Higher education,Married,House / apartment,-17056,-10094,Core staff,2,1,0
5069493,0.0,C,F,Y,Y,0,157500.0,Commercial associate,Secondary / secondary special,Married,House / apartment,-14330,-1936,Sales staff,2,0,0
5069494,0.0,X,F,Y,Y,0,157500.0,Commercial associate,Secondary / secondary special,Married,House / apartment,-14330,-1936,Sales staff,2,1,0
5069495,0.0,C,F,Y,Y,0,157500.0,Commercial associate,Secondary / secondary special,Married,House / apartment,-14330,-1936,Sales staff,2,0,0
5069496,0.0,X,F,Y,Y,0,157500.0,Commercial associate,Secondary / secondary special,Married,House / apartment,-14330,-1936,Sales staff,2,1,0
5069498,0.0,X,F,Y,Y,0,157500.0,Commercial associate,Secondary / secondary special,Married,House / apartment,-14330,-1936,Sales staff,2,1,0
5069499,0.0,C,F,Y,Y,0,157500.0,Commercial associate,Secondary / secondary special,Married,House / apartment,-14330,-1936,Sales staff,2,0,0
5069501,0.0,C,F,N,Y,1,180000.0,Working,Secondary / secondary special,Married,House / apartment,-9492,-1450,High skill tech staff,3,2,1
5069504,0.0,0,F,Y,Y,0,180000.0,State servant,Higher education,Married,House / apartment,-14934,-3700,Core staff,2,3,0
5069510,0.0,X,F,Y,N,1,112500.0,Working,Higher education,Married,House / apartment,-10638,-993,Sales staff,3,0,1
5069511,0.0,X,F,Y,N,1,112500.0,Working,Higher education,Married,House / apartment,-10638,-993,Sales staff,3,0,1
5069512,0.0,0,F,Y,N,1,112500.0,Working,Higher education,Married,House / apartment,-10638,-993,Sales staff,3,1,1
5069517,0.0,X,F,Y,Y,0,135000.0,Commercial associate,Secondary / secondary special,Widow,House / apartment,-21581,-5467,Accountants,1,1,0
5069518,0.0,X,F,Y,Y,0,135000.0,Commercial associate,Secondary / secondary special,Widow,House / apartment,-21581,-5467,Accountants,1,1,0
5069519,0.0,X,F,Y,Y,0,135000.0,Commercial associate,Secondary / secondary special,Widow,House / apartment,-21581,-5467,Accountants,1,1,0
5069523,0.0,C,F,N,Y,1,270000.0,Commercial associate,Higher education,Married,House / apartment,-14850,-232,Core staff,3,3,1
5069524,0.0,C,F,N,Y,1,270000.0,Commercial associate,Higher education,Married,House / apartment,-14850,-232,Core staff,3,3,1
5069525,0.0,C,F,N,Y,1,270000.0,Commercial associate,Higher education,Married,House / apartment,-14850,-232,Core staff,3,3,1
5074529,0.0,X,F,N,Y,0,202500.0,Commercial associate,Secondary / secondary special,Single / not married,House / apartment,-19053,-3629,High skill tech staff,1,1,0
5074532,0.0,0,F,Y,Y,2,135000.0,Working,Secondary / secondary special,Married,House / apartment,-13375,-1346,Accountants,4,4,1
5074577,0.0,C,F,N,N,0,90000.0,Working,Secondary / secondary special,Single / not married,With parents,-10097,-3052,Laborers,1,4,0
5074620,0.0,0,F,N,Y,0,225000.0,Working,Secondary / secondary special,Married,House / apartment,-17296,-2076,Managers,2,4,0
5074634,0.0,C,M,Y,Y,0,135000.0,Working,Secondary / secondary special,Single / not married,House / apartment,-11507,-1318,Laborers,1,2,0
5074653,0.0,C,F,Y,Y,0,180000.0,Working,Higher education,Married,House / apartment,-16949,-2687,Sales staff,2,0,0
5074658,0.0,C,F,Y,Y,0,180000.0,Working,Higher education,Married,House / apartment,-16949,-2687,Sales staff,2,0,0
5074666,0.0,X,F,Y,Y,0,157500.0,Commercial associate,Incomplete higher,Married,House / apartment,-11337,-1196,High skill tech staff,2,3,0
5074667,0.0,0,F,Y,Y,0,157500.0,Commercial associate,Incomplete higher,Married,House / apartment,-11337,-1196,High skill tech staff,2,1,0
5074669,0.0,X,M,N,Y,0,247500.0,State servant,Secondary / secondary special,Married,House / apartment,-13570,-5364,Medicine staff,2,1,0
5074673,0.0,0,M,N,Y,0,247500.0,State servant,Secondary / secondary special,Married,House / apartment,-13570,-5364,Medicine staff,2,4,0
5074674,0.0,X,M,N,Y,0,247500.0,State servant,Secondary / secondary special,Married,House / apartment,-13570,-5364,Medicine staff,2,1,0
5074676,0.0,0,M,N,Y,0,247500.0,State servant,Secondary / secondary special,Married,House / apartment,-13570,-5364,Medicine staff,2,4,0
5074685,0.0,C,F,N,Y,0,112500.0,Working,Secondary / secondary special,Married,House / apartment,-20440,-1987,Medicine staff,2,2,0
5074686,0.0,C,F,N,Y,0,112500.0,Working,Secondary / secondary special,Married,House / apartment,-20440,-1987,Medicine staff,2,2,0
5074687,0.0,C,F,N,Y,0,112500.0,Working,Secondary / secondary special,Married,House / apartment,-20440,-1987,Medicine staff,2,2,0
5074715,0.0,X,F,N,Y,0,157500.0,Working,Higher education,Single / not married,House / apartment,-22235,-10600,Laborers,1,1,0
5074818,0.0,C,M,Y,Y,1,180000.0,Working,Secondary / secondary special,Single / not married,House / apartment,-14887,-1711,Laborers,2,2,0
5074820,0.0,C,M,Y,Y,1,180000.0,Working,Secondary / secondary special,Single / not married,House / apartment,-14887,-1711,Laborers,2,2,0
5074821,0.0,0,M,Y,Y,1,180000.0,Working,Secondary / secondary special,Single / not married,House / apartment,-14887,-1711,Laborers,2,4,0
5078782,0.0,C,F,N,N,0,112500.0,Commercial associate,Secondary / secondary special,Married,House / apartment,-15536,-816,Accountants,2,1,0
5078784,0.0,X,F,N,N,0,112500.0,Commercial associate,Secondary / secondary special,Married,House / apartment,-15536,-816,Accountants,2,1,0
5078785,0.0,C,F,N,Y,0,292500.0,Working,Secondary / secondary special,Widow,House / apartment,-19837,-3220,Waiters/barmen staff,1,4,0
5078786,0.0,0,F,N,Y,0,292500.0,Working,Secondary / secondary special,Widow,House / apartment,-19837,-3220,Waiters/barmen staff,1,4,0
5078787,0.0,C,F,N,Y,0,292500.0,Working,Secondary / secondary special,Widow,House / apartment,-19837,-3220,Waiters/barmen staff,1,4,0
5078788,0.0,X,M,N,Y,0,157500.0,Commercial associate,Secondary / secondary special,Single / not married,House / apartment,-14288,-878,Laborers,1,1,0
5078794,0.0,0,M,Y,Y,1,157500.0,Working,Secondary / secondary special,Married,House / apartment,-13778,-1670,Drivers,3,2,1
5078801,0.0,5,F,N,Y,0,306000.0,Working,Secondary / secondary special,Married,House / apartment,-18927,-2978,High skill tech staff,2,1,0
5078802,0.0,C,F,N,Y,0,306000.0,Working,Secondary / secondary special,Married,House / apartment,-18927,-2978,High skill tech staff,2,2,2
5078804,0.0,5,F,N,Y,0,306000.0,Working,Secondary / secondary special,Married,House / apartment,-18927,-2978,High skill tech staff,2,1,0
5078805,0.0,5,F,N,Y,0,306000.0,Working,Secondary / secondary special,Married,House / apartment,-18927,-2978,High skill tech staff,2,1,0
5078806,0.0,0,M,Y,Y,2,135000.0,Working,Secondary / secondary special,Married,House / apartment,-9042,-1000,Laborers,4,2,1
5078813,0.0,C,M,N,Y,0,450000.0,Commercial associate,Higher education,Married,House / apartment,-19080,-1851,Managers,2,3,2
5078814,0.0,C,M,N,Y,0,450000.0,Commercial associate,Higher education,Married,House / apartment,-19080,-1851,Managers,2,3,2
5078815,0.0,C,M,N,Y,0,450000.0,Commercial associate,Higher education,Married,House / apartment,-19080,-1851,Managers,2,3,2
5078828,0.0,0,F,N,Y,2,135000.0,Working,Secondary / secondary special,Married,House / apartment,-12882,-1182,Realty agents,4,4,1
5078829,0.0,0,M,Y,N,1,135000.0,Commercial associate,Secondary / secondary special,Single / not married,House / apartment,-17187,-178,Drivers,2,1,0
5078842,0.0,0,F,Y,Y,1,135000.0,Working,Secondary / secondary special,Married,With parents,-10532,-117,Private service staff,3,4,1
5078844,0.0,X,F,Y,Y,1,135000.0,Working,Secondary / secondary special,Married,With parents,-10532,-117,Private service staff,3,4,1
5078846,0.0,C,F,Y,Y,1,135000.0,Working,Secondary / secondary special,Married,With parents,-10532,-117,Private service staff,3,2,1
5078847,0.0,C,F,Y,Y,1,135000.0,Working,Secondary / secondary special,Married,With parents,-10532,-117,Private service staff,3,2,1
5078855,0.0,C,F,N,Y,0,99000.0,Working,Secondary / secondary special,Married,House / apartment,-19613,-8152,Laborers,2,2,0
5078856,0.0,C,F,N,Y,0,99000.0,Working,Secondary / secondary special,Married,House / apartment,-19613,-8152,Laborers,2,2,0
5078861,0.0,0,F,N,Y,1,121500.0,Working,Secondary / secondary special,Married,House / apartment,-13488,-1305,Cooking staff,3,4,1
5078862,0.0,0,F,N,Y,1,121500.0,Working,Secondary / secondary special,Married,House / apartment,-13488,-1305,Cooking staff,3,4,1
5078863,0.0,C,F,N,Y,1,121500.0,Working,Secondary / secondary special,Married,House / apartment,-13488,-1305,Cooking staff,3,2,1
5078865,0.0,0,F,N,Y,1,121500.0,Working,Secondary / secondary special,Married,House / apartment,-13488,-1305,Cooking staff,3,4,1
5078871,0.0,X,M,Y,N,1,225000.0,Commercial associate,Secondary / secondary special,Married,House / apartment,-11895,-663,Laborers,3,2,1
5078899,0.0,C,F,N,Y,1,180000.0,Working,Higher education,Civil marriage,House / apartment,-13767,-1882,Sales staff,3,0,1
5078902,0.0,C,F,N,Y,1,180000.0,Working,Higher education,Civil marriage,House / apartment,-13767,-1882,Sales staff,3,0,1
5078903,0.0,X,F,N,Y,1,180000.0,Working,Higher education,Civil marriage,House / apartment,-13767,-1882,Sales staff,3,1,1
5078907,0.0,X,F,N,Y,1,180000.0,Working,Higher education,Civil marriage,House / apartment,-13767,-1882,Sales staff,3,1,1
5078908,0.0,C,F,Y,Y,0,202500.0,Working,Higher education,Married,House / apartment,-20182,-7514,Accountants,2,0,0
5078909,0.0,C,F,Y,Y,0,202500.0,Working,Higher education,Married,House / apartment,-20182,-7514,Accountants,2,0,0
5078912,0.0,0,M,N,Y,1,202500.0,Commercial associate,Secondary / secondary special,Single / not married,House / apartment,-14507,-209,Drivers,2,1,0
5078918,0.0,0,M,Y,Y,0,157500.0,Working,Higher education,Separated,House / apartment,-20163,-1213,Drivers,1,1,0
5078925,0.0,0,M,N,Y,0,270000.0,Working,Secondary / secondary special,Married,House / apartment,-16116,-1000,Laborers,2,4,0
5078926,0.0,C,F,N,N,2,180000.0,Working,Higher education,Married,House / apartment,-11905,-1700,High skill tech staff,4,0,1
5078927,0.0,C,F,N,N,2,180000.0,Working,Higher education,Married,House / apartment,-11905,-1700,High skill tech staff,4,0,1
5078929,0.0,C,F,N,N,2,180000.0,Working,Higher education,Married,House / apartment,-11905,-1700,High skill tech staff,4,0,1
5078930,0.0,C,F,N,N,2,180000.0,Working,Higher education,Married,House / apartment,-11905,-1700,High skill tech staff,4,0,1
5078933,0.0,0,M,N,N,0,112500.0,Commercial associate,Secondary / secondary special,Single / not married,Municipal apartment,-15853,-298,Laborers,1,1,0
5078934,0.0,0,F,N,N,0,135000.0,Working,Incomplete higher,Married,House / apartment,-10649,-2004,Accountants,2,1,0
5078978,0.0,C,M,Y,Y,0,180000.0,Working,Secondary / secondary special,Married,House / apartment,-14070,-209,Drivers,2,2,0
5078993,0.0,C,F,Y,Y,1,292500.0,Working,Secondary / secondary special,Separated,With parents,-13284,-4439,Sales staff,2,2,2
5078995,0.0,C,F,Y,Y,1,292500.0,Working,Secondary / secondary special,Separated,With parents,-13284,-4439,Sales staff,2,2,2
5078996,0.0,0,F,N,Y,0,129150.0,Commercial associate,Secondary / secondary special,Single / not married,House / apartment,-13742,-2308,Drivers,1,1,0
5078997,0.0,C,F,N,Y,0,129150.0,Commercial associate,Secondary / secondary special,Single / not married,House / apartment,-13742,-2308,Drivers,1,1,0
5078998,0.0,C,F,N,Y,0,129150.0,Commercial associate,Secondary / secondary special,Single / not married,House / apartment,-13742,-2308,Drivers,1,1,0
5078999,0.0,C,F,N,Y,0,129150.0,Commercial associate,Secondary / secondary special,Single / not married,House / apartment,-13742,-2308,Drivers,1,1,0
5079000,0.0,C,M,N,Y,0,112500.0,Working,Lower secondary,Civil marriage,House / apartment,-9780,-786,Laborers,2,2,0
5079008,0.0,0,M,Y,Y,1,225000.0,Working,Secondary / secondary special,Married,House / apartment,-14283,-1609,Managers,3,2,1
5079009,0.0,C,M,Y,Y,1,225000.0,Working,Secondary / secondary special,Married,House / apartment,-14283,-1609,Managers,3,2,1
5079010,0.0,C,M,Y,Y,2,270000.0,Commercial associate,Incomplete higher,Married,House / apartment,-15027,-1274,Managers,4,0,1
5079011,0.0,C,M,Y,Y,2,270000.0,Commercial associate,Incomplete higher,Married,House / apartment,-15027,-1274,Managers,4,0,1
5079013,0.0,0,M,Y,Y,2,900000.0,Commercial associate,Higher education,Married,House / apartment,-9889,-1000,Managers,4,3,2
5079015,0.0,C,M,Y,Y,2,900000.0,Commercial associate,Higher education,Married,House / apartment,-9889,-1000,Managers,4,0,2
5079016,0.0,C,M,Y,Y,2,900000.0,Commercial associate,Higher education,Married,House / apartment,-9889,-1000,Managers,4,0,2
5079017,0.0,0,M,Y,Y,2,900000.0,Commercial associate,Higher education,Married,House / apartment,-9889,-1000,Managers,4,3,2
5079018,0.0,1,M,Y,Y,2,900000.0,Commercial associate,Higher education,Married,House / apartment,-9889,-1000,Managers,4,1,0
5079019,0.0,C,F,N,Y,1,112500.0,Working,Higher education,Married,House / apartment,-8963,-1486,Core staff,3,0,1
5079020,0.0,C,F,N,Y,1,112500.0,Working,Higher education,Married,House / apartment,-8963,-1486,Core staff,3,0,1
5079021,0.0,C,F,N,Y,1,112500.0,Working,Higher education,Married,House / apartment,-8963,-1486,Core staff,3,0,1
5079039,0.0,X,F,Y,Y,2,103500.0,Commercial associate,Secondary / secondary special,Separated,House / apartment,-13414,-1700,Cooking staff,3,1,1
5079042,0.0,0,F,Y,Y,2,103500.0,Commercial associate,Secondary / secondary special,Separated,House / apartment,-13414,-1700,Cooking staff,3,1,1
5079045,0.0,C,F,N,N,0,67500.0,Working,Secondary / secondary special,Civil marriage,Municipal apartment,-19360,-1912,Sales staff,2,4,0
5079046,0.0,X,F,N,Y,1,180000.0,Working,Secondary / secondary special,Married,House / apartment,-13418,-2035,High skill tech staff,3,4,1
5079047,0.0,0,M,Y,Y,1,270000.0,Working,Secondary / secondary special,Married,House / apartment,-10119,-1244,Drivers,3,2,1
5079050,0.0,C,F,N,Y,0,135000.0,Working,Secondary / secondary special,Civil marriage,House / apartment,-21171,-1563,Cleaning staff,2,4,0
5079053,0.0,0,M,Y,Y,1,135000.0,Working,Higher education,Married,House / apartment,-15013,-3846,Laborers,3,0,1
5079057,0.0,0,M,Y,N,0,121500.0,Working,Secondary / secondary special,Married,House / apartment,-14869,-6904,Laborers,2,2,0
5079058,0.0,C,M,Y,N,0,121500.0,Working,Secondary / secondary special,Married,House / apartment,-14869,-6904,Laborers,2,2,0
5079061,0.0,C,M,Y,N,0,121500.0,Working,Secondary / secondary special,Married,House / apartment,-14869,-6904,Laborers,2,2,0
5079062,0.0,C,M,Y,N,0,121500.0,Working,Secondary / secondary special,Married,House / apartment,-14869,-6904,Laborers,2,2,0
5079063,0.0,C,M,Y,N,0,121500.0,Working,Secondary / secondary special,Married,House / apartment,-14869,-6904,Laborers,2,2,0
5079064,0.0,C,M,Y,N,0,121500.0,Working,Secondary / secondary special,Married,House / apartment,-14869,-6904,Laborers,2,2,0
5079070,0.0,C,M,Y,Y,0,225000.0,Working,Secondary / secondary special,Civil marriage,House / apartment,-12311,-2461,Laborers,2,2,0
5079071,0.0,0,M,Y,Y,0,225000.0,Working,Secondary / secondary special,Civil marriage,House / apartment,-12311,-2461,Laborers,2,4,0
5079073,0.0,0,F,N,Y,0,216000.0,Working,Secondary / secondary special,Married,House / apartment,-15569,-1639,Core staff,2,4,0
5079074,0.0,0,F,N,Y,0,216000.0,Working,Secondary / secondary special,Married,House / apartment,-15569,-1639,Core staff,2,4,0
5079078,0.0,0,F,N,Y,0,216000.0,Working,Secondary / secondary special,Married,House / apartment,-15569,-1639,Core staff,2,4,0
5079080,0.0,C,F,N,Y,2,180000.0,Commercial associate,Secondary / secondary special,Married,House / apartment,-12821,-5657,Laborers,4,1,1
5079083,0.0,0,M,N,Y,0,135000.0,Working,Secondary / secondary special,Married,House / apartment,-22170,-1121,Laborers,2,4,0
5079102,0.0,0,M,Y,Y,0,90000.0,Working,Secondary / secondary special,Married,House / apartment,-17637,-5276,Managers,2,2,0
5079104,0.0,C,F,N,Y,0,202500.0,Working,Higher education,Married,House / apartment,-17279,-4363,Accountants,2,0,0
5079105,0.0,C,F,N,Y,0,202500.0,Working,Higher education,Married,House / apartment,-17279,-4363,Accountants,2,0,0
5079106,0.0,C,F,N,Y,0,202500.0,Working,Higher education,Married,House / apartment,-17279,-4363,Accountants,2,0,0
5079113,0.0,C,M,Y,N,0,225000.0,Commercial associate,Secondary / secondary special,Married,House / apartment,-12148,-847,Drivers,2,0,0
5079114,0.0,X,M,Y,N,0,225000.0,Commercial associate,Secondary / secondary special,Married,House / apartment,-12148,-847,Drivers,2,1,0
5079115,0.0,0,M,Y,N,0,225000.0,Commercial associate,Secondary / secondary special,Married,House / apartment,-12148,-847,Drivers,2,1,0
5079122,0.0,X,M,Y,Y,0,225000.0,Commercial associate,Higher education,Married,House / apartment,-17115,-2109,Managers,2,3,2
5079125,0.0,C,F,N,Y,1,166500.0,Working,Higher education,Married,House / apartment,-15861,-1379,Accountants,3,0,1
5079126,0.0,C,M,N,Y,0,270000.0,Working,Higher education,Married,House / apartment,-11944,-2262,Laborers,2,0,2
5079127,0.0,C,M,N,Y,0,270000.0,Working,Higher education,Married,House / apartment,-11944,-2262,Laborers,2,0,2
5079128,0.0,X,F,N,Y,0,99000.0,Working,Secondary / secondary special,Married,House / apartment,-15291,-4681,Sales staff,2,4,0
5079132,0.0,C,F,N,Y,0,99000.0,Working,Secondary / secondary special,Married,House / apartment,-15291,-4681,Sales staff,2,2,0
5079131,0.0,C,M,Y,Y,0,135000.0,Commercial associate,Secondary / secondary special,Married,House / apartment,-14803,-224,Drivers,2,0,0
5079134,0.0,C,M,Y,Y,0,441000.0,Commercial associate,Higher education,Separated,House / apartment,-14593,-635,Managers,1,3,2
5079135,0.0,0,M,Y,Y,0,441000.0,Commercial associate,Higher education,Separated,House / apartment,-14593,-635,Managers,1,3,2
5079136,0.0,C,F,N,Y,2,67500.0,Working,Secondary / secondary special,Separated,House / apartment,-13868,-3008,Sales staff,3,4,1
5079144,0.0,C,F,N,Y,2,67500.0,Working,Secondary / secondary special,Separated,House / apartment,-13868,-3008,Sales staff,3,4,1
5079145,0.0,X,F,N,Y,2,67500.0,Working,Secondary / secondary special,Separated,House / apartment,-13868,-3008,Sales staff,3,4,1
5079146,0.0,0,F,N,Y,2,67500.0,Working,Secondary / secondary special,Separated,House / apartment,-13868,-3008,Sales staff,3,4,1
5079151,0.0,0,M,Y,N,0,225000.0,Working,Higher education,Married,House / apartment,-14729,-3251,Laborers,2,0,0
5079152,0.0,X,M,Y,N,0,225000.0,Working,Higher education,Married,House / apartment,-14729,-3251,Laborers,2,0,0
5079156,0.0,0,F,Y,Y,0,234000.0,Working,Secondary / secondary special,Civil marriage,House / apartment,-14660,-1060,Cleaning staff,2,4,0
5079159,0.0,X,F,Y,Y,3,157500.0,Working,Higher education,Married,House / apartment,-12843,-755,Core staff,5,0,1
5079162,0.0,X,F,Y,Y,3,157500.0,Working,Higher education,Married,House / apartment,-12843,-755,Core staff,5,0,1
5079163,0.0,0,F,Y,Y,3,157500.0,Working,Higher education,Married,House / apartment,-12843,-755,Core staff,5,1,1
5079164,0.0,X,F,Y,Y,3,157500.0,Working,Higher education,Married,House / apartment,-12843,-755,Core staff,5,0,1
5079200,0.0,C,M,Y,Y,0,225000.0,Working,Higher education,Married,House / apartment,-20017,-2020,Drivers,2,0,0
5079203,0.0,C,M,Y,Y,0,202500.0,Working,Secondary / secondary special,Married,House / apartment,-18406,-5961,Drivers,2,2,0
5079207,0.0,0,M,N,Y,0,157500.0,Working,Secondary / secondary special,Married,House / apartment,-17474,-1152,Laborers,2,4,0
5079208,0.0,0,M,N,Y,0,157500.0,Working,Secondary / secondary special,Married,House / apartment,-17474,-1152,Laborers,2,4,0
5079211,0.0,0,M,N,Y,0,157500.0,Working,Secondary / secondary special,Married,House / apartment,-17474,-1152,Laborers,2,4,0
5079212,0.0,0,M,N,Y,0,157500.0,Working,Secondary / secondary special,Married,House / apartment,-17474,-1152,Laborers,2,4,0
5079215,0.0,X,M,Y,Y,0,90000.0,Working,Higher education,Married,House / apartment,-20736,-6615,Laborers,2,0,0
5079218,0.0,0,M,N,Y,0,157500.0,Working,Higher education,Civil marriage,House / apartment,-8300,-1137,Laborers,2,1,0
5079226,0.0,C,F,N,Y,2,135000.0,Working,Secondary / secondary special,Married,House / apartment,-14195,-1305,Core staff,4,2,1
5079227,0.0,0,M,N,Y,0,157500.0,Commercial associate,Secondary / secondary special,Married,House / apartment,-14059,-1379,Drivers,2,1,0
5079228,0.0,X,M,Y,Y,0,202500.0,Working,Secondary / secondary special,Married,House / apartment,-11003,-1897,Laborers,2,2,0
5079229,0.0,0,F,Y,Y,0,270000.0,Commercial associate,Secondary / secondary special,Civil marriage,House / apartment,-19482,-1198,Sales staff,2,1,2
5079230,0.0,C,F,N,Y,2,121500.0,Commercial associate,Secondary / secondary special,Married,House / apartment,-10939,-2247,Cooking staff,4,1,1
5079244,0.0,C,M,N,Y,0,180000.0,Commercial associate,Higher education,Single / not married,With parents,-9848,-1244,High skill tech staff,1,3,0
5079245,0.0,C,M,Y,Y,0,180000.0,Working,Secondary / secondary special,Married,House / apartment,-16829,-3542,Laborers,2,2,0
5079246,0.0,C,F,N,Y,0,225000.0,Working,Higher education,Single / not married,House / apartment,-16864,-102,Core staff,1,0,0
5079255,0.0,C,F,Y,Y,0,162000.0,Working,Higher education,Separated,House / apartment,-15652,-3404,Accountants,1,0,0
5079256,0.0,X,F,Y,Y,0,162000.0,Working,Higher education,Separated,House / apartment,-15652,-3404,Accountants,1,1,0
5079257,0.0,C,M,N,Y,0,135000.0,Working,Higher education,Married,House / apartment,-17367,-4546,High skill tech staff,2,0,0
5079263,0.0,C,F,N,N,2,315000.0,Commercial associate,Secondary / secondary special,Single / not married,House / apartment,-11054,-421,Managers,3,1,1
5079264,0.0,C,F,N,N,2,315000.0,Commercial associate,Secondary / secondary special,Single / not married,House / apartment,-11054,-421,Managers,3,1,1
5079275,0.0,X,F,N,Y,0,202500.0,State servant,Secondary / secondary special,Widow,House / apartment,-22883,-8837,Medicine staff,1,1,0
5079280,0.0,0,F,N,Y,0,90000.0,State servant,Secondary / secondary special,Separated,Municipal apartment,-16312,-3389,High skill tech staff,1,1,0
5079288,0.0,C,F,N,N,0,216000.0,Working,Secondary / secondary special,Married,House / apartment,-15477,-436,High skill tech staff,2,2,0
5079294,0.0,X,F,N,Y,0,117000.0,Working,Secondary / secondary special,Married,House / apartment,-9409,-1029,Laborers,2,4,0
5079295,0.0,0,F,N,Y,0,117000.0,Working,Secondary / secondary special,Married,House / apartment,-9409,-1029,Laborers,2,4,0
5079297,0.0,0,F,N,Y,0,117000.0,Working,Secondary / secondary special,Married,House / apartment,-9409,-1029,Laborers,2,4,0
5079301,0.0,C,M,N,Y,1,243000.0,Commercial associate,Secondary / secondary special,Single / not married,House / apartment,-13345,-5276,Laborers,2,1,0
5079302,0.0,0,F,Y,Y,4,540000.0,Commercial associate,Secondary / secondary special,Married,House / apartment,-12043,-3511,Accountants,6,1,1
5079303,0.0,0,M,Y,Y,2,450000.0,Working,Secondary / secondary special,Married,House / apartment,-18089,-1410,Managers,4,2,2
5085623,0.0,C,M,N,Y,1,202500.0,Commercial associate,Secondary / secondary special,Separated,House / apartment,-12440,-503,Core staff,2,1,0
5085626,0.0,X,M,N,Y,1,202500.0,Commercial associate,Secondary / secondary special,Separated,House / apartment,-12440,-503,Core staff,2,1,0
5085627,0.0,X,M,N,Y,1,202500.0,Commercial associate,Secondary / secondary special,Separated,House / apartment,-12440,-503,Core staff,2,1,0
5085628,0.0,X,M,N,Y,1,202500.0,Commercial associate,Secondary / secondary special,Separated,House / apartment,-12440,-503,Core staff,2,1,0
5085629,0.0,0,M,N,Y,1,202500.0,Commercial associate,Secondary / secondary special,Separated,House / apartment,-12440,-503,Core staff,2,1,0
5085630,0.0,0,M,N,Y,1,202500.0,Commercial associate,Secondary / secondary special,Separated,House / apartment,-12440,-503,Core staff,2,1,0
5085631,0.0,C,M,Y,Y,0,202500.0,Working,Secondary / secondary special,Married,House / apartment,-16184,-1722,Drivers,2,2,0
5085643,0.0,C,M,N,Y,1,90000.0,Working,Secondary / secondary special,Separated,House / apartment,-12316,-291,Laborers,2,2,0
5085644,0.0,C,M,N,Y,1,90000.0,Working,Secondary / secondary special,Separated,House / apartment,-12316,-291,Laborers,2,2,0
5085645,0.0,C,M,N,Y,1,90000.0,Working,Secondary / secondary special,Separated,House / apartment,-12316,-291,Laborers,2,2,0
5085648,0.0,1,M,N,Y,1,90000.0,Working,Secondary / secondary special,Separated,House / apartment,-12316,-291,Laborers,2,1,0
5085651,0.0,C,F,N,N,0,135000.0,Working,Secondary / secondary special,Single / not married,Rented apartment,-13595,-1387,Laborers,1,4,0
5085655,0.0,0,F,N,N,0,135000.0,Working,Secondary / secondary special,Single / not married,Rented apartment,-13595,-1387,Laborers,1,4,0
5085656,0.0,0,F,N,N,0,135000.0,Working,Secondary / secondary special,Single / not married,Rented apartment,-13595,-1387,Laborers,1,4,0
5085657,0.0,X,F,N,N,0,135000.0,Working,Secondary / secondary special,Single / not married,Rented apartment,-13595,-1387,Laborers,1,4,0
5085658,0.0,0,F,N,N,0,135000.0,Working,Secondary / secondary special,Single / not married,Rented apartment,-13595,-1387,Laborers,1,4,0
5085660,0.0,0,F,N,N,0,135000.0,Working,Secondary / secondary special,Single / not married,Rented apartment,-13595,-1387,Laborers,1,4,0
5085666,0.0,C,F,N,Y,0,180000.0,Working,Secondary / secondary special,Widow,House / apartment,-17725,-1783,Accountants,1,4,0
5085667,0.0,C,F,N,Y,0,180000.0,Working,Secondary / secondary special,Widow,House / apartment,-17725,-1783,Accountants,1,4,0
5085668,0.0,C,F,N,Y,0,180000.0,Working,Secondary / secondary special,Widow,House / apartment,-17725,-1783,Accountants,1,4,0
5085669,0.0,C,F,N,Y,0,180000.0,Working,Secondary / secondary special,Widow,House / apartment,-17725,-1783,Accountants,1,4,0
5085670,0.0,0,F,N,Y,0,180000.0,Working,Secondary / secondary special,Widow,House / apartment,-17725,-1783,Accountants,1,4,0
5085671,0.0,0,F,N,Y,0,180000.0,Working,Secondary / secondary special,Widow,House / apartment,-17725,-1783,Accountants,1,4,0
5085677,0.0,X,F,N,Y,0,103500.0,Working,Secondary / secondary special,Married,House / apartment,-20292,-1691,Laborers,2,4,0
5085678,0.0,X,F,N,Y,0,103500.0,Working,Secondary / secondary special,Married,House / apartment,-20292,-1691,Laborers,2,4,0
5085679,0.0,X,F,N,Y,0,103500.0,Working,Secondary / secondary special,Married,House / apartment,-20292,-1691,Laborers,2,4,0
5085683,0.0,C,M,Y,Y,0,337500.0,Commercial associate,Higher education,Married,House / apartment,-18596,-7566,Managers,2,0,2
5085684,0.0,X,F,N,Y,0,135000.0,Working,Secondary / secondary special,Single / not married,House / apartment,-20890,-3303,Laborers,1,4,0
5085687,0.0,X,F,N,Y,0,135000.0,Working,Secondary / secondary special,Single / not married,House / apartment,-20890,-3303,Laborers,1,4,0
5085688,0.0,X,F,N,Y,0,135000.0,Working,Secondary / secondary special,Single / not married,House / apartment,-20890,-3303,Laborers,1,4,0
5085689,0.0,C,F,N,Y,0,135000.0,Working,Secondary / secondary special,Single / not married,House / apartment,-20890,-3303,Laborers,1,4,0
5085697,0.0,X,F,N,Y,0,121500.0,Working,Secondary / secondary special,Married,House / apartment,-20602,-138,Cooking staff,2,4,0
5085698,0.0,0,F,N,Y,0,121500.0,Working,Secondary / secondary special,Married,House / apartment,-20602,-138,Cooking staff,2,4,0
5085699,0.0,X,F,N,Y,0,121500.0,Working,Secondary / secondary special,Married,House / apartment,-20602,-138,Cooking staff,2,4,0
5085705,0.0,X,M,N,Y,2,157500.0,Working,Secondary / secondary special,Married,House / apartment,-12939,-200,Core staff,4,4,1
5085708,0.0,C,F,N,Y,0,135000.0,Working,Lower secondary,Civil marriage,House / apartment,-15143,-991,Laborers,2,2,0
5085711,0.0,C,F,N,Y,0,135000.0,Working,Lower secondary,Civil marriage,House / apartment,-15143,-991,Laborers,2,2,0
5085713,0.0,0,F,N,Y,0,135000.0,Working,Lower secondary,Civil marriage,House / apartment,-15143,-991,Laborers,2,4,0
5085714,0.0,0,F,N,Y,0,135000.0,Working,Lower secondary,Civil marriage,House / apartment,-15143,-991,Laborers,2,4,0
5085717,0.0,0,F,N,N,0,225000.0,Working,Higher education,Married,House / apartment,-16837,-2848,Managers,2,1,0
5085726,0.0,0,F,N,Y,0,54000.0,State servant,Secondary / secondary special,Married,House / apartment,-19598,-3303,High skill tech staff,2,1,0
5085731,0.0,0,M,N,Y,0,270000.0,Working,Secondary / secondary special,Separated,House / apartment,-13383,-991,Laborers,1,4,0
5085732,0.0,X,M,N,Y,0,270000.0,Working,Secondary / secondary special,Separated,House / apartment,-13383,-991,Laborers,1,4,0
5085738,0.0,X,M,N,Y,0,270000.0,Working,Secondary / secondary special,Separated,House / apartment,-13383,-991,Laborers,1,4,0
5085739,0.0,X,M,N,Y,0,270000.0,Working,Secondary / secondary special,Separated,House / apartment,-13383,-991,Laborers,1,4,0
5085740,0.0,C,M,N,Y,0,270000.0,Working,Secondary / secondary special,Separated,House / apartment,-13383,-991,Laborers,1,2,0
5085743,0.0,C,F,N,Y,1,202500.0,Working,Secondary / secondary special,Married,House / apartment,-14060,-261,Medicine staff,3,2,1
5085744,0.0,X,F,N,Y,1,202500.0,Working,Secondary / secondary special,Married,House / apartment,-14060,-261,Medicine staff,3,4,1
5085745,0.0,C,F,N,Y,1,202500.0,Working,Secondary / secondary special,Married,House / apartment,-14060,-261,Medicine staff,3,2,1
5085746,0.0,0,F,N,Y,1,202500.0,Working,Secondary / secondary special,Married,House / apartment,-14060,-261,Medicine staff,3,4,1
5085747,0.0,C,F,N,Y,1,202500.0,Working,Secondary / secondary special,Married,House / apartment,-14060,-261,Medicine staff,3,2,1
5085751,0.0,0,F,Y,Y,1,112500.0,Commercial associate,Secondary / secondary special,Civil marriage,House / apartment,-11660,-807,Core staff,3,1,1
5085755,0.0,0,F,Y,Y,1,112500.0,Commercial associate,Secondary / secondary special,Civil marriage,House / apartment,-11660,-807,Core staff,3,1,1
5085758,0.0,0,F,Y,Y,1,112500.0,Commercial associate,Secondary / secondary special,Civil marriage,House / apartment,-11660,-807,Core staff,3,1,1
5085761,0.0,C,M,Y,Y,1,405000.0,State servant,Higher education,Married,House / apartment,-11532,-4917,Managers,3,0,2
5085768,0.0,C,M,Y,Y,1,405000.0,State servant,Higher education,Married,House / apartment,-11532,-4917,Managers,3,0,2
5085769,0.0,0,F,N,Y,0,90000.0,Commercial associate,Secondary / secondary special,Married,House / apartment,-19310,-1477,Cleaning staff,2,1,0
5085770,0.0,0,F,N,Y,0,90000.0,Commercial associate,Secondary / secondary special,Married,House / apartment,-19310,-1477,Cleaning staff,2,1,0
5085771,0.0,0,F,N,Y,0,90000.0,Commercial associate,Secondary / secondary special,Married,House / apartment,-19310,-1477,Cleaning staff,2,1,0
5085775,0.0,C,M,N,Y,0,315000.0,Commercial associate,Secondary / secondary special,Civil marriage,House / apartment,-17995,-4034,Managers,2,1,2
5085780,0.0,0,M,N,Y,0,315000.0,Commercial associate,Secondary / secondary special,Civil marriage,House / apartment,-17995,-4034,Managers,2,1,2
5085781,0.0,C,M,Y,N,0,157500.0,Commercial associate,Secondary / secondary special,Married,With parents,-17039,-4156,Sales staff,2,0,0
5085786,0.0,C,M,Y,N,0,157500.0,Commercial associate,Secondary / secondary special,Married,With parents,-17039,-4156,Sales staff,2,0,0
5085787,0.0,0,F,N,Y,3,157500.0,Working,Higher education,Married,House / apartment,-14274,-230,Accountants,5,1,1
5085788,0.0,C,F,N,Y,3,157500.0,Working,Higher education,Married,House / apartment,-14274,-230,Accountants,5,0,1
5085790,0.0,0,F,N,Y,3,157500.0,Working,Higher education,Married,House / apartment,-14274,-230,Accountants,5,1,1
5085792,0.0,C,F,N,Y,0,157500.0,Working,Incomplete higher,Married,House / apartment,-14140,-2513,Drivers,2,0,0
5085794,0.0,0,F,N,Y,0,157500.0,Working,Incomplete higher,Married,House / apartment,-14140,-2513,Drivers,2,1,0
5085797,0.0,0,F,N,Y,0,157500.0,Working,Incomplete higher,Married,House / apartment,-14140,-2513,Drivers,2,1,0
5085801,0.0,0,F,N,Y,0,126000.0,State servant,Secondary / secondary special,Single / not married,House / apartment,-8189,-473,Core staff,1,1,0
5085802,0.0,C,F,Y,Y,0,315000.0,State servant,Higher education,Married,House / apartment,-19571,-1081,Drivers,2,0,2
5085806,0.0,C,F,Y,Y,0,315000.0,State servant,Higher education,Married,House / apartment,-19571,-1081,Drivers,2,0,2
5085807,0.0,C,F,Y,Y,0,315000.0,State servant,Higher education,Married,House / apartment,-19571,-1081,Drivers,2,0,2
5085814,0.0,C,F,Y,Y,0,315000.0,State servant,Higher education,Married,House / apartment,-19571,-1081,Drivers,2,0,2
5085832,0.0,0,F,N,Y,1,225000.0,Commercial associate,Higher education,Single / not married,House / apartment,-12008,-138,Sales staff,2,3,0
5085835,0.0,X,F,N,Y,1,225000.0,Commercial associate,Higher education,Single / not married,House / apartment,-12008,-138,Sales staff,2,3,0
5085840,0.0,C,M,Y,Y,1,135000.0,Working,Incomplete higher,Married,House / apartment,-11638,-5009,Laborers,3,2,1
5085843,0.0,C,M,Y,Y,1,135000.0,Working,Incomplete higher,Married,House / apartment,-11638,-5009,Laborers,3,2,1
5085844,0.0,0,M,Y,Y,0,139500.0,Working,Secondary / secondary special,Separated,House / apartment,-14031,-169,High skill tech staff,1,4,0
5085852,0.0,C,F,N,Y,0,130500.0,State servant,Secondary / secondary special,Single / not married,House / apartment,-8434,-322,Accountants,1,1,0
5085860,0.0,0,F,N,Y,1,121500.0,State servant,Higher education,Separated,House / apartment,-14138,-1418,Medicine staff,2,1,0
5085863,0.0,C,F,N,Y,0,135000.0,Working,Secondary / secondary special,Married,House / apartment,-18199,-5190,Cleaning staff,2,2,0
5085864,0.0,0,F,N,Y,0,135000.0,Working,Secondary / secondary special,Married,House / apartment,-18199,-5190,Cleaning staff,2,4,0
5085865,0.0,C,F,N,Y,0,135000.0,Working,Secondary / secondary special,Married,House / apartment,-18199,-5190,Cleaning staff,2,2,0
5085867,0.0,C,F,N,Y,0,135000.0,Working,Secondary / secondary special,Married,House / apartment,-18199,-5190,Cleaning staff,2,2,0
5085868,0.0,0,F,N,Y,0,135000.0,Working,Secondary / secondary special,Married,House / apartment,-18199,-5190,Cleaning staff,2,4,0
5085869,0.0,C,F,N,Y,0,135000.0,Working,Secondary / secondary special,Married,House / apartment,-18199,-5190,Cleaning staff,2,2,0
5085872,0.0,X,M,Y,Y,0,135000.0,Commercial associate,Incomplete higher,Civil marriage,House / apartment,-9497,-1052,Laborers,2,1,0
5085874,0.0,0,M,Y,Y,0,135000.0,Commercial associate,Incomplete higher,Civil marriage,House / apartment,-9497,-1052,Laborers,2,1,0
5085875,0.0,C,M,Y,Y,0,135000.0,Commercial associate,Incomplete higher,Civil marriage,House / apartment,-9497,-1052,Laborers,2,0,0
5085876,0.0,C,F,N,Y,0,315000.0,Working,Secondary / secondary special,Married,House / apartment,-18018,-11157,Private service staff,2,2,2
5085878,0.0,C,F,N,Y,0,315000.0,Working,Secondary / secondary special,Married,House / apartment,-18018,-11157,Private service staff,2,2,2
5085879,0.0,C,F,N,Y,0,315000.0,Working,Secondary / secondary special,Married,House / apartment,-18018,-11157,Private service staff,2,2,2
5085880,0.0,0,F,N,Y,0,315000.0,Working,Secondary / secondary special,Married,House / apartment,-18018,-11157,Private service staff,2,4,2
5085881,0.0,C,M,N,Y,0,135000.0,Commercial associate,Secondary / secondary special,Married,House / apartment,-17179,-7747,Laborers,2,2,0
5085886,0.0,5,M,Y,Y,0,315000.0,Commercial associate,Higher education,Married,House / apartment,-18661,-1265,Managers,2,1,0
5085887,0.0,0,F,Y,Y,0,189000.0,Commercial associate,Higher education,Married,House / apartment,-15415,-4126,Managers,2,3,0
5085888,0.0,C,F,Y,Y,0,189000.0,Commercial associate,Higher education,Married,House / apartment,-15415,-4126,Managers,2,3,0
5085889,0.0,C,F,Y,Y,0,189000.0,Commercial associate,Higher education,Married,House / apartment,-15415,-4126,Managers,2,3,0
5085890,0.0,C,F,N,Y,0,112500.0,Working,Secondary / secondary special,Married,House / apartment,-14601,-7900,Laborers,2,2,0
5085892,0.0,C,F,N,Y,0,112500.0,Working,Secondary / secondary special,Married,House / apartment,-14601,-7900,Laborers,2,2,0
5085894,0.0,0,F,N,Y,0,112500.0,Working,Secondary / secondary special,Married,House / apartment,-14601,-7900,Laborers,2,4,0
5085895,0.0,C,F,N,Y,0,112500.0,Working,Secondary / secondary special,Married,House / apartment,-14601,-7900,Laborers,2,2,0
5085896,0.0,C,F,N,Y,0,112500.0,Working,Secondary / secondary special,Married,House / apartment,-14601,-7900,Laborers,2,2,0
5085898,0.0,0,F,Y,N,0,360000.0,Commercial associate,Secondary / secondary special,Married,House / apartment,-16886,-4948,Managers,2,1,2
5085901,0.0,C,F,N,Y,2,243000.0,State servant,Higher education,Married,House / apartment,-10177,-3395,Core staff,4,3,1
5085902,0.0,C,F,N,Y,2,243000.0,State servant,Higher education,Married,House / apartment,-10177,-3395,Core staff,4,3,1
5085907,0.0,X,F,N,Y,3,67500.0,Working,Secondary / secondary special,Married,House / apartment,-11829,-3303,Core staff,5,4,1
5085908,0.0,0,F,N,Y,3,67500.0,Working,Secondary / secondary special,Married,House / apartment,-11829,-3303,Core staff,5,4,1
5085913,0.0,C,F,N,Y,0,225000.0,Commercial associate,Higher education,Single / not married,House / apartment,-20470,-9269,Core staff,1,3,0
5085914,0.0,C,F,N,Y,0,225000.0,Commercial associate,Higher education,Single / not married,House / apartment,-20470,-9269,Core staff,1,3,0
5085916,0.0,0,F,N,Y,0,225000.0,Commercial associate,Higher education,Single / not married,House / apartment,-20470,-9269,Core staff,1,3,0
5085922,0.0,0,F,N,Y,0,225000.0,Commercial associate,Higher education,Single / not married,House / apartment,-20470,-9269,Core staff,1,3,0
5085923,0.0,0,F,N,Y,0,225000.0,Commercial associate,Higher education,Single / not married,House / apartment,-20470,-9269,Core staff,1,3,0
5085928,0.0,0,F,N,Y,0,225000.0,Commercial associate,Higher education,Single / not married,House / apartment,-20470,-9269,Core staff,1,3,0
5085929,0.0,X,F,N,Y,0,225000.0,Commercial associate,Higher education,Single / not married,House / apartment,-20470,-9269,Core staff,1,3,0
5085930,0.0,0,F,N,Y,0,225000.0,Commercial associate,Higher education,Single / not married,House / apartment,-20470,-9269,Core staff,1,3,0
5085931,0.0,X,F,N,Y,0,135000.0,Commercial associate,Incomplete higher,Married,House / apartment,-11128,-2999,Sales staff,2,1,0
5085934,0.0,C,F,Y,N,0,112500.0,Working,Secondary / secondary special,Married,Municipal apartment,-17976,-6105,Sales staff,2,2,0
5085936,0.0,C,F,Y,N,0,112500.0,Working,Secondary / secondary special,Married,Municipal apartment,-17976,-6105,Sales staff,2,2,0
5085939,0.0,0,F,N,Y,1,112500.0,Working,Higher education,Married,With parents,-9597,-656,Core staff,3,1,1
5085944,0.0,C,F,N,Y,0,261000.0,Commercial associate,Secondary / secondary special,Separated,House / apartment,-19758,-1842,High skill tech staff,1,1,0
5085946,0.0,C,F,N,Y,0,261000.0,Commercial associate,Secondary / secondary special,Separated,House / apartment,-19758,-1842,High skill tech staff,1,1,0
5085947,0.0,0,F,N,Y,0,261000.0,Commercial associate,Secondary / secondary special,Separated,House / apartment,-19758,-1842,High skill tech staff,1,1,0
5085951,0.0,C,M,Y,Y,0,90000.0,Working,Secondary / secondary special,Single / not married,House / apartment,-10700,-1173,Drivers,1,2,0
5085954,0.0,0,M,N,Y,0,225000.0,State servant,Secondary / secondary special,Married,House / apartment,-12394,-381,Laborers,2,4,0
5085957,0.0,X,M,N,Y,0,225000.0,State servant,Secondary / secondary special,Married,House / apartment,-12394,-381,Laborers,2,4,0
5085959,0.0,C,M,N,Y,0,225000.0,State servant,Secondary / secondary special,Married,House / apartment,-12394,-381,Laborers,2,2,0
5085961,0.0,C,M,N,Y,0,225000.0,State servant,Secondary / secondary special,Married,House / apartment,-12394,-381,Laborers,2,2,0
5085962,0.0,C,M,N,Y,0,225000.0,State servant,Secondary / secondary special,Married,House / apartment,-12394,-381,Laborers,2,2,0
5085963,0.0,C,F,N,Y,0,180000.0,Working,Secondary / secondary special,Single / not married,House / apartment,-18913,-807,Laborers,1,4,0
5085964,0.0,C,F,N,Y,0,180000.0,Working,Secondary / secondary special,Single / not married,House / apartment,-18913,-807,Laborers,1,4,0
5085965,0.0,C,F,N,Y,0,180000.0,Working,Secondary / secondary special,Single / not married,House / apartment,-18913,-807,Laborers,1,4,0
5085968,0.0,C,F,N,N,0,126000.0,State servant,Secondary / secondary special,Separated,House / apartment,-20934,-2757,Waiters/barmen staff,1,1,0
5085970,0.0,X,F,N,N,0,126000.0,State servant,Secondary / secondary special,Separated,House / apartment,-20934,-2757,Waiters/barmen staff,1,1,0
5085973,0.0,C,F,N,Y,0,247500.0,Commercial associate,Secondary / secondary special,Widow,House / apartment,-20147,-3517,Medicine staff,1,1,0
5085975,0.0,C,F,Y,Y,0,306000.0,Working,Higher education,Married,House / apartment,-13505,-1234,Managers,2,0,2
5085976,0.0,0,F,Y,Y,0,306000.0,Working,Higher education,Married,House / apartment,-13505,-1234,Managers,2,3,2
5085978,0.0,C,F,Y,Y,0,306000.0,Working,Higher education,Married,House / apartment,-13505,-1234,Managers,2,0,2
5085981,0.0,C,M,Y,N,0,67500.0,Working,Higher education,Single / not married,House / apartment,-12732,-2087,Laborers,1,0,0
5085982,0.0,C,M,Y,N,0,67500.0,Working,Higher education,Single / not married,House / apartment,-12732,-2087,Laborers,1,0,0
5085983,0.0,0,M,Y,Y,1,90000.0,Working,Secondary / secondary special,Married,House / apartment,-16767,-1477,Low-skill Laborers,3,2,1
5085984,0.0,0,M,Y,Y,1,90000.0,Working,Secondary / secondary special,Married,House / apartment,-16767,-1477,Low-skill Laborers,3,2,1
5086035,0.0,C,M,N,Y,1,112500.0,Working,Secondary / secondary special,Married,House / apartment,-17143,-807,Drivers,3,2,1
5086037,0.0,C,F,N,Y,0,90000.0,Working,Secondary / secondary special,Married,House / apartment,-17444,-1112,Laborers,2,2,0
5086038,0.0,X,F,N,Y,0,90000.0,Working,Secondary / secondary special,Married,House / apartment,-17444,-1112,Laborers,2,4,0
5086044,0.0,C,F,Y,Y,2,112500.0,Working,Higher education,Married,House / apartment,-14133,-2695,High skill tech staff,4,0,1
5086045,0.0,0,F,Y,Y,2,112500.0,Working,Higher education,Married,House / apartment,-14133,-2695,High skill tech staff,4,1,1
5086046,0.0,C,F,Y,Y,2,112500.0,Working,Higher education,Married,House / apartment,-14133,-2695,High skill tech staff,4,0,1
5086047,0.0,0,F,Y,Y,2,112500.0,Working,Higher education,Married,House / apartment,-14133,-2695,High skill tech staff,4,1,1
5086051,0.0,C,F,N,Y,0,202500.0,Working,Secondary / secondary special,Married,House / apartment,-15929,-2879,Laborers,2,2,0
5086052,0.0,X,F,N,Y,0,202500.0,Working,Secondary / secondary special,Married,House / apartment,-15929,-2879,Laborers,2,4,0
5086054,0.0,X,F,N,Y,0,202500.0,Working,Secondary / secondary special,Married,House / apartment,-15929,-2879,Laborers,2,4,0
5086055,0.0,C,F,N,Y,0,202500.0,Working,Secondary / secondary special,Married,House / apartment,-15929,-2879,Laborers,2,2,0
5086057,0.0,C,F,N,Y,0,135000.0,State servant,Secondary / secondary special,Married,House / apartment,-20542,-9422,Core staff,2,1,0
5086059,0.0,C,F,N,Y,0,135000.0,State servant,Secondary / secondary special,Married,House / apartment,-20542,-9422,Core staff,2,1,0
5086060,0.0,C,F,N,Y,0,135000.0,State servant,Secondary / secondary special,Married,House / apartment,-20542,-9422,Core staff,2,1,0
5086063,0.0,0,F,N,Y,0,135000.0,State servant,Secondary / secondary special,Married,House / apartment,-20542,-9422,Core staff,2,1,0
5086064,0.0,C,F,N,Y,0,135000.0,State servant,Secondary / secondary special,Married,House / apartment,-20542,-9422,Core staff,2,1,0
5086067,0.0,C,F,N,N,1,202500.0,Working,Higher education,Civil marriage,House / apartment,-11800,-3303,Accountants,3,0,1
5087473,0.0,0,F,N,Y,0,225000.0,Working,Higher education,Married,House / apartment,-11853,-1989,Accountants,2,1,0
5087481,0.0,X,M,Y,Y,0,157500.0,Working,Secondary / secondary special,Married,House / apartment,-22223,-7103,High skill tech staff,2,2,0
5087515,0.0,C,M,N,Y,0,180000.0,Commercial associate,Secondary / secondary special,Single / not married,House / apartment,-10138,-224,Laborers,1,1,0
5087533,0.0,1,M,N,Y,0,81000.0,Commercial associate,Higher education,Single / not married,House / apartment,-9874,-1928,Laborers,1,1,0
5087535,0.0,X,M,N,Y,0,81000.0,Commercial associate,Higher education,Single / not married,House / apartment,-9874,-1928,Laborers,1,3,0
5087540,0.0,C,M,N,Y,0,81000.0,Commercial associate,Higher education,Single / not married,House / apartment,-9874,-1928,Laborers,1,3,0
5087547,0.0,0,M,Y,Y,0,126000.0,Working,Secondary / secondary special,Married,House / apartment,-14811,-2628,Laborers,2,2,0
5087548,0.0,0,M,Y,Y,0,126000.0,Working,Secondary / secondary special,Married,House / apartment,-14811,-2628,Laborers,2,2,0
5087549,0.0,0,M,Y,Y,0,126000.0,Working,Secondary / secondary special,Married,House / apartment,-14811,-2628,Laborers,2,2,0
5087550,0.0,0,M,Y,Y,0,126000.0,Working,Secondary / secondary special,Married,House / apartment,-14811,-2628,Laborers,2,2,0
5087553,0.0,0,M,Y,Y,0,126000.0,Working,Secondary / secondary special,Married,House / apartment,-14811,-2628,Laborers,2,2,0
5087616,0.0,C,F,N,Y,0,157500.0,Working,Higher education,Married,House / apartment,-12681,-709,Sales staff,2,0,0
5087618,0.0,0,M,N,Y,1,180000.0,Commercial associate,Secondary / secondary special,Civil marriage,House / apartment,-15312,-1593,Laborers,3,1,1
5087624,0.0,0,F,N,Y,0,144000.0,State servant,Secondary / secondary special,Married,House / apartment,-18563,-1075,Cleaning staff,2,1,0
5087676,0.0,C,M,Y,N,0,90000.0,Working,Secondary / secondary special,Single / not married,House / apartment,-14479,-1501,Laborers,1,2,0
5087677,0.0,C,M,Y,N,0,90000.0,Working,Secondary / secondary special,Single / not married,House / apartment,-14479,-1501,Laborers,1,2,0
5087699,0.0,0,M,N,N,0,157500.0,Working,Secondary / secondary special,Married,House / apartment,-21261,-405,Security staff,2,4,0
5087775,0.0,0,F,N,N,0,67500.0,Commercial associate,Secondary / secondary special,Married,House / apartment,-14223,-1928,Laborers,2,1,0
5087776,0.0,0,F,N,N,0,67500.0,Commercial associate,Secondary / secondary special,Married,House / apartment,-14223,-1928,Laborers,2,1,0
5087777,0.0,C,F,N,N,0,67500.0,Commercial associate,Secondary / secondary special,Married,House / apartment,-14223,-1928,Laborers,2,1,0
5087778,0.0,C,F,N,N,0,67500.0,Commercial associate,Secondary / secondary special,Married,House / apartment,-14223,-1928,Laborers,2,1,0
5087813,0.0,C,F,Y,Y,1,135000.0,Working,Secondary / secondary special,Separated,House / apartment,-11810,-648,Sales staff,2,2,0
5087815,0.0,C,F,Y,Y,1,135000.0,Working,Secondary / secondary special,Separated,House / apartment,-11810,-648,Sales staff,2,2,0
5087845,0.0,C,M,N,Y,2,148500.0,Commercial associate,Secondary / secondary special,Married,Municipal apartment,-15868,-4423,Laborers,4,2,1
5087846,0.0,X,M,N,Y,2,148500.0,Commercial associate,Secondary / secondary special,Married,Municipal apartment,-15868,-4423,Laborers,4,1,1
5087852,0.0,0,F,Y,N,0,202500.0,State servant,Secondary / secondary special,Married,House / apartment,-19598,-11940,Medicine staff,2,1,0
5087857,0.0,0,F,Y,N,0,202500.0,State servant,Secondary / secondary special,Married,House / apartment,-19598,-11940,Medicine staff,2,1,0
5087906,0.0,C,F,N,N,0,234000.0,State servant,Higher education,Civil marriage,House / apartment,-21967,-5215,Core staff,2,3,0
5087907,0.0,C,F,N,N,0,234000.0,State servant,Higher education,Civil marriage,House / apartment,-21967,-5215,Core staff,2,3,0
5087917,0.0,0,F,Y,N,1,90000.0,Working,Incomplete higher,Married,Rented apartment,-12383,-3480,Laborers,3,4,1
5087949,0.0,C,F,N,Y,0,72000.0,Working,Secondary / secondary special,Widow,House / apartment,-19923,-2078,Cleaning staff,1,4,0
5088114,0.0,C,M,Y,Y,1,180000.0,Working,Secondary / secondary special,Married,House / apartment,-13437,-1713,Drivers,3,2,1
5088135,0.0,0,F,N,N,1,270000.0,State servant,Secondary / secondary special,Married,House / apartment,-15445,-2750,Core staff,3,1,1
5088221,0.0,C,F,Y,N,0,112500.0,Working,Secondary / secondary special,Single / not married,House / apartment,-10377,-3024,Medicine staff,1,2,0
5088222,0.0,1,F,Y,N,0,112500.0,Working,Secondary / secondary special,Single / not married,House / apartment,-10377,-3024,Medicine staff,1,1,0
5088223,0.0,0,F,Y,N,0,112500.0,Working,Secondary / secondary special,Single / not married,House / apartment,-10377,-3024,Medicine staff,1,4,0
5088224,0.0,0,F,Y,N,0,112500.0,Working,Secondary / secondary special,Single / not married,House / apartment,-10377,-3024,Medicine staff,1,4,0
5088237,0.0,0,M,N,Y,0,225000.0,Working,Secondary / secondary special,Married,House / apartment,-18817,-2934,Laborers,2,4,0
5088238,0.0,0,M,N,Y,0,225000.0,Working,Secondary / secondary special,Married,House / apartment,-18817,-2934,Laborers,2,4,0
5088239,0.0,0,M,N,Y,0,225000.0,Working,Secondary / secondary special,Married,House / apartment,-18817,-2934,Laborers,2,4,0
5088243,0.0,C,M,N,N,0,180000.0,State servant,Secondary / secondary special,Married,With parents,-9980,-1534,Drivers,2,2,0
5088244,0.0,C,M,N,N,0,180000.0,State servant,Secondary / secondary special,Married,With parents,-9980,-1534,Drivers,2,2,0
5088245,0.0,C,M,N,N,0,180000.0,State servant,Secondary / secondary special,Married,With parents,-9980,-1534,Drivers,2,2,0
5088273,0.0,C,F,N,N,0,67500.0,Working,Secondary / secondary special,Married,House / apartment,-20075,-7013,Sales staff,2,2,0
5088276,0.0,0,F,N,N,0,67500.0,Working,Secondary / secondary special,Married,House / apartment,-20075,-7013,Sales staff,2,4,0
5088291,0.0,0,M,Y,Y,1,225000.0,Commercial associate,Secondary / secondary special,Married,House / apartment,-17317,-285,Drivers,3,1,1
5088292,0.0,0,M,Y,Y,1,225000.0,Commercial associate,Secondary / secondary special,Married,House / apartment,-17317,-285,Drivers,3,1,1
5088293,0.0,0,M,Y,Y,1,225000.0,Commercial associate,Secondary / secondary special,Married,House / apartment,-17317,-285,Drivers,3,1,1
5088294,0.0,0,M,Y,Y,1,225000.0,Commercial associate,Secondary / secondary special,Married,House / apartment,-17317,-285,Drivers,3,1,1
5088311,0.0,X,F,N,Y,0,117000.0,Commercial associate,Secondary / secondary special,Married,House / apartment,-16160,-4852,Accountants,2,1,0
5088361,0.0,0,M,N,Y,0,270000.0,Working,Secondary / secondary special,Married,House / apartment,-12777,-3541,Laborers,2,4,0
5088379,0.0,C,F,N,Y,1,112500.0,Working,Secondary / secondary special,Civil marriage,House / apartment,-14009,-6982,Laborers,3,2,1
5088416,0.0,0,M,Y,N,0,90000.0,Commercial associate,Secondary / secondary special,Civil marriage,House / apartment,-21997,-2538,Security staff,2,1,0
5088417,0.0,0,M,Y,N,0,90000.0,Commercial associate,Secondary / secondary special,Civil marriage,House / apartment,-21997,-2538,Security staff,2,1,0
5088439,0.0,C,F,N,Y,0,225000.0,Working,Secondary / secondary special,Single / not married,House / apartment,-17840,-1807,Core staff,1,4,0
5088448,0.0,C,F,N,Y,0,157500.0,State servant,Secondary / secondary special,Widow,House / apartment,-22887,-2052,Drivers,1,1,0
5088463,0.0,X,M,Y,Y,1,225000.0,Commercial associate,Secondary / secondary special,Married,House / apartment,-15296,-4244,Drivers,3,1,1
5088490,0.0,C,M,Y,N,1,180000.0,Commercial associate,Secondary / secondary special,Married,House / apartment,-14621,-834,Laborers,3,0,1
5088496,0.0,C,F,N,N,0,189000.0,Working,Secondary / secondary special,Single / not married,House / apartment,-20701,-1746,Sales staff,1,4,0
5088499,0.0,C,F,N,N,0,189000.0,Working,Secondary / secondary special,Single / not married,House / apartment,-20701,-1746,Sales staff,1,4,0
5088501,0.0,0,M,Y,Y,0,72000.0,Working,Higher education,Married,House / apartment,-21897,-619,Security staff,2,0,0
5088502,0.0,0,M,Y,Y,0,72000.0,Working,Higher education,Married,House / apartment,-21897,-619,Security staff,2,0,0
5088503,0.0,0,M,Y,Y,0,72000.0,Working,Higher education,Married,House / apartment,-21897,-619,Security staff,2,0,0
5088532,0.0,C,M,Y,N,1,225000.0,Commercial associate,Secondary / secondary special,Married,House / apartment,-12925,-1169,Drivers,3,0,1
5088557,0.0,X,F,N,Y,0,90000.0,Commercial associate,Higher education,Separated,House / apartment,-18386,-8808,Core staff,1,3,0
5088563,0.0,C,F,N,Y,0,63000.0,State servant,Secondary / secondary special,Civil marriage,House / apartment,-19708,-7500,Cooking staff,2,1,0
5088564,0.0,C,F,N,Y,0,63000.0,State servant,Secondary / secondary special,Civil marriage,House / apartment,-19708,-7500,Cooking staff,2,1,0
5088565,0.0,0,F,N,Y,0,63000.0,State servant,Secondary / secondary special,Civil marriage,House / apartment,-19708,-7500,Cooking staff,2,1,0
5088566,0.0,C,F,N,Y,0,63000.0,State servant,Secondary / secondary special,Civil marriage,House / apartment,-19708,-7500,Cooking staff,2,1,0
5088567,0.0,0,F,N,Y,0,63000.0,State servant,Secondary / secondary special,Civil marriage,House / apartment,-19708,-7500,Cooking staff,2,1,0
5088569,0.0,C,F,N,Y,0,63000.0,State servant,Secondary / secondary special,Civil marriage,House / apartment,-19708,-7500,Cooking staff,2,1,0
5088601,0.0,X,F,Y,Y,0,180000.0,Working,Secondary / secondary special,Married,House / apartment,-13139,-1412,Private service staff,2,4,0
5088605,0.0,X,F,Y,Y,0,180000.0,Working,Secondary / secondary special,Married,House / apartment,-13139,-1412,Private service staff,2,4,0
5088626,0.0,C,M,Y,Y,0,256500.0,Commercial associate,Higher education,Married,House / apartment,-17046,-4272,Managers,2,0,2
5088673,0.0,0,M,Y,Y,0,225000.0,Commercial associate,Higher education,Single / not married,House / apartment,-9220,-1473,Core staff,1,3,0
5088683,0.0,C,M,Y,Y,0,184500.0,Commercial associate,Secondary / secondary special,Married,With parents,-19876,-499,Security staff,2,0,0
5088723,0.0,C,F,N,Y,1,90000.0,Working,Secondary / secondary special,Married,House / apartment,-16691,-1291,High skill tech staff,3,2,1
5088726,0.0,0,F,N,Y,1,90000.0,Working,Secondary / secondary special,Married,House / apartment,-16691,-1291,High skill tech staff,3,4,1
5088728,0.0,C,F,N,Y,1,90000.0,Working,Secondary / secondary special,Married,House / apartment,-16691,-1291,High skill tech staff,3,2,1
5088732,0.0,C,F,N,Y,0,112500.0,Working,Secondary / secondary special,Married,House / apartment,-18796,-4637,Laborers,2,2,0
5088784,0.0,0,M,N,N,1,225000.0,Working,Secondary / secondary special,Married,House / apartment,-13676,-1016,Laborers,3,4,1
5088815,0.0,0,F,N,Y,0,112500.0,Commercial associate,Higher education,Married,Municipal apartment,-14635,-2985,Sales staff,2,3,0
5088816,0.0,0,F,N,Y,0,126000.0,Working,Secondary / secondary special,Single / not married,With parents,-11426,-155,Core staff,1,4,0
5088824,0.0,0,M,Y,Y,0,292500.0,Commercial associate,Higher education,Married,House / apartment,-11714,-765,High skill tech staff,2,3,2
5088826,0.0,C,M,Y,Y,0,292500.0,Commercial associate,Higher education,Married,House / apartment,-11714,-765,High skill tech staff,2,0,2
5088830,0.0,X,F,N,Y,0,612000.0,State servant,Secondary / secondary special,Married,House / apartment,-12563,-3715,Accountants,2,1,2
5088831,0.0,C,F,N,Y,0,612000.0,State servant,Secondary / secondary special,Married,House / apartment,-12563,-3715,Accountants,2,1,2
5088833,0.0,C,F,N,Y,0,612000.0,State servant,Secondary / secondary special,Married,House / apartment,-12563,-3715,Accountants,2,1,2
5088835,0.0,0,F,N,Y,0,612000.0,State servant,Secondary / secondary special,Married,House / apartment,-12563,-3715,Accountants,2,1,2
5088836,0.0,C,F,N,Y,0,612000.0,State servant,Secondary / secondary special,Married,House / apartment,-12563,-3715,Accountants,2,1,2
5088837,0.0,C,F,N,Y,0,612000.0,State servant,Secondary / secondary special,Married,House / apartment,-12563,-3715,Accountants,2,1,2
5088838,0.0,X,F,N,Y,0,612000.0,State servant,Secondary / secondary special,Married,House / apartment,-12563,-3715,Accountants,2,1,2
5088839,0.0,X,F,N,Y,0,612000.0,State servant,Secondary / secondary special,Married,House / apartment,-12563,-3715,Accountants,2,1,2
5088840,0.0,X,F,N,Y,0,612000.0,State servant,Secondary / secondary special,Married,House / apartment,-12563,-3715,Accountants,2,1,2
5090817,0.0,0,F,N,Y,0,612000.0,State servant,Secondary / secondary special,Married,House / apartment,-12563,-3715,Accountants,2,1,2
5088843,0.0,X,F,N,Y,0,171000.0,Working,Higher education,Single / not married,House / apartment,-10224,-2073,Laborers,1,1,0
5088844,0.0,C,F,N,Y,0,171000.0,Working,Higher education,Single / not married,House / apartment,-10224,-2073,Laborers,1,0,0
5088845,0.0,C,F,N,Y,0,171000.0,Working,Higher education,Single / not married,House / apartment,-10224,-2073,Laborers,1,0,0
5088852,0.0,C,F,Y,Y,0,112500.0,Working,Higher education,Married,House / apartment,-11353,-2316,Accountants,2,0,0
5088854,0.0,C,F,Y,Y,0,112500.0,Working,Higher education,Married,House / apartment,-11353,-2316,Accountants,2,0,0
5090847,0.0,C,F,Y,Y,0,112500.0,Working,Higher education,Married,House / apartment,-11353,-2316,Accountants,2,0,0
5088860,0.0,X,F,Y,Y,0,270000.0,Working,Higher education,Married,House / apartment,-20643,-6456,Core staff,2,0,2
5088861,0.0,C,F,Y,Y,0,270000.0,Working,Higher education,Married,House / apartment,-20643,-6456,Core staff,2,0,2
5088862,0.0,C,F,Y,Y,0,270000.0,Working,Higher education,Married,House / apartment,-20643,-6456,Core staff,2,0,2
5088863,0.0,0,F,Y,Y,0,270000.0,Working,Higher education,Married,House / apartment,-20643,-6456,Core staff,2,1,2
5088866,0.0,0,F,Y,Y,0,270000.0,Working,Higher education,Married,House / apartment,-20643,-6456,Core staff,2,1,2
5088868,0.0,C,F,Y,Y,0,270000.0,Working,Higher education,Married,House / apartment,-20643,-6456,Core staff,2,0,2
5090851,0.0,0,F,Y,Y,0,270000.0,Working,Higher education,Married,House / apartment,-20643,-6456,Core staff,2,1,2
5088870,0.0,0,F,N,Y,0,166500.0,Working,Secondary / secondary special,Single / not married,With parents,-9640,-612,Sales staff,1,4,0
5088871,0.0,C,F,N,Y,0,166500.0,Working,Secondary / secondary special,Single / not married,With parents,-9640,-612,Sales staff,1,4,0
5088872,0.0,0,F,N,Y,0,166500.0,Working,Secondary / secondary special,Single / not married,With parents,-9640,-612,Sales staff,1,4,0
5088873,0.0,X,F,Y,Y,0,292500.0,Commercial associate,Secondary / secondary special,Married,House / apartment,-15375,-3200,Laborers,2,1,2
5088875,0.0,C,F,Y,Y,0,292500.0,Commercial associate,Secondary / secondary special,Married,House / apartment,-15375,-3200,Laborers,2,0,2
5088876,0.0,C,F,Y,Y,0,292500.0,Commercial associate,Secondary / secondary special,Married,House / apartment,-15375,-3200,Laborers,2,0,2
5088880,0.0,C,F,Y,Y,0,292500.0,Commercial associate,Secondary / secondary special,Married,House / apartment,-15375,-3200,Laborers,2,0,2
5088882,0.0,C,F,Y,Y,0,292500.0,Commercial associate,Secondary / secondary special,Married,House / apartment,-15375,-3200,Laborers,2,0,2
5088884,0.0,C,F,N,Y,0,171000.0,Working,Secondary / secondary special,Single / not married,Rented apartment,-16938,-673,Laborers,1,4,0
5088886,0.0,0,F,N,Y,0,171000.0,Working,Secondary / secondary special,Single / not married,Rented apartment,-16938,-673,Laborers,1,4,0
5088887,0.0,C,F,N,Y,0,171000.0,Working,Secondary / secondary special,Single / not married,Rented apartment,-16938,-673,Laborers,1,4,0
5088888,0.0,C,F,N,Y,0,171000.0,Working,Secondary / secondary special,Single / not married,Rented apartment,-16938,-673,Laborers,1,4,0
5088889,0.0,X,F,N,Y,0,171000.0,Working,Secondary / secondary special,Single / not married,Rented apartment,-16938,-673,Laborers,1,4,0
5088890,0.0,C,F,N,Y,0,171000.0,Working,Secondary / secondary special,Single / not married,Rented apartment,-16938,-673,Laborers,1,4,0
5088894,0.0,X,F,N,Y,1,117000.0,Working,Higher education,Married,House / apartment,-18989,-551,Cleaning staff,3,1,1
5088900,0.0,C,F,N,Y,1,117000.0,Working,Higher education,Married,House / apartment,-18989,-551,Cleaning staff,3,0,1
5088901,0.0,X,F,N,Y,1,117000.0,Working,Higher education,Married,House / apartment,-18989,-551,Cleaning staff,3,1,1
5088902,0.0,1,F,N,Y,1,117000.0,Working,Higher education,Married,House / apartment,-18989,-551,Cleaning staff,3,1,0
5088903,0.0,C,F,N,Y,1,117000.0,Working,Higher education,Married,House / apartment,-18989,-551,Cleaning staff,3,0,1
5088904,0.0,0,F,N,Y,1,117000.0,Working,Higher education,Married,House / apartment,-18989,-551,Cleaning staff,3,1,1
5088905,0.0,X,F,N,Y,1,117000.0,Working,Higher education,Married,House / apartment,-18989,-551,Cleaning staff,3,1,1
5088908,0.0,X,F,N,Y,2,112500.0,Working,Higher education,Married,House / apartment,-10115,-885,Core staff,4,1,1
5088909,0.0,X,F,N,Y,2,112500.0,Working,Higher education,Married,House / apartment,-10115,-885,Core staff,4,1,1
5088914,0.0,C,F,N,Y,1,157500.0,Working,Secondary / secondary special,Married,House / apartment,-12623,-5726,Laborers,3,2,1
5088917,0.0,C,F,N,Y,1,157500.0,Working,Secondary / secondary special,Married,House / apartment,-12623,-5726,Laborers,3,2,1
5088919,0.0,C,F,N,Y,1,157500.0,Working,Secondary / secondary special,Married,House / apartment,-12623,-5726,Laborers,3,2,1
5088924,0.0,X,F,N,Y,0,180000.0,Working,Secondary / secondary special,Separated,House / apartment,-12914,-278,Laborers,1,4,0
5088934,0.0,X,F,N,Y,1,292500.0,Commercial associate,Secondary / secondary special,Civil marriage,House / apartment,-17781,-9044,Private service staff,3,1,2
5088935,0.0,0,F,N,Y,1,292500.0,Commercial associate,Secondary / secondary special,Civil marriage,House / apartment,-17781,-9044,Private service staff,3,1,2
5088951,0.0,X,F,N,N,0,360000.0,Commercial associate,Secondary / secondary special,Married,House / apartment,-18580,-1800,Managers,2,1,2
5088952,0.0,C,F,N,N,0,360000.0,Commercial associate,Secondary / secondary special,Married,House / apartment,-18580,-1800,Managers,2,1,2
5088953,0.0,C,F,N,N,0,360000.0,Commercial associate,Secondary / secondary special,Married,House / apartment,-18580,-1800,Managers,2,1,2
5088954,0.0,C,F,N,N,0,360000.0,Commercial associate,Secondary / secondary special,Married,House / apartment,-18580,-1800,Managers,2,1,2
5090769,0.0,C,F,N,N,0,360000.0,Commercial associate,Secondary / secondary special,Married,House / apartment,-18580,-1800,Managers,2,1,2
5088959,0.0,C,M,Y,N,0,157500.0,Working,Higher education,Separated,House / apartment,-10510,-2105,Accountants,1,0,0
5088960,0.0,C,M,Y,N,0,157500.0,Working,Higher education,Separated,House / apartment,-10510,-2105,Accountants,1,0,0
5088961,0.0,C,M,Y,N,0,157500.0,Working,Higher education,Separated,House / apartment,-10510,-2105,Accountants,1,0,0
5088962,0.0,C,F,Y,N,1,67500.0,Working,Higher education,Married,House / apartment,-11701,-1191,Sales staff,3,0,1
5088964,0.0,C,F,Y,N,1,67500.0,Working,Higher education,Married,House / apartment,-11701,-1191,Sales staff,3,0,1
5088966,0.0,0,F,N,N,0,135000.0,Working,Secondary / secondary special,Married,Municipal apartment,-20850,-5543,Sales staff,2,4,0
5088968,0.0,X,F,Y,N,0,31500.0,Commercial associate,Secondary / secondary special,Married,House / apartment,-17762,-7734,Cleaning staff,2,1,0
5088969,0.0,0,F,Y,N,0,31500.0,Commercial associate,Secondary / secondary special,Married,House / apartment,-17762,-7734,Cleaning staff,2,1,0
5088971,0.0,0,F,Y,N,0,31500.0,Commercial associate,Secondary / secondary special,Married,House / apartment,-17762,-7734,Cleaning staff,2,1,0
5088975,0.0,X,F,Y,N,0,31500.0,Commercial associate,Secondary / secondary special,Married,House / apartment,-17762,-7734,Cleaning staff,2,1,0
5088985,0.0,C,M,Y,N,1,202500.0,Commercial associate,Higher education,Civil marriage,House / apartment,-12706,-2774,Managers,3,3,1
5088986,0.0,C,F,N,N,2,171000.0,Working,Secondary / secondary special,Married,House / apartment,-14622,-1160,Core staff,4,2,1
5088989,0.0,C,F,N,N,2,171000.0,Working,Secondary / secondary special,Married,House / apartment,-14622,-1160,Core staff,4,2,1
5088991,0.0,C,F,N,N,2,171000.0,Working,Secondary / secondary special,Married,House / apartment,-14622,-1160,Core staff,4,2,1
5088992,0.0,C,F,N,N,2,171000.0,Working,Secondary / secondary special,Married,House / apartment,-14622,-1160,Core staff,4,2,1
5088993,0.0,0,F,N,N,2,171000.0,Working,Secondary / secondary special,Married,House / apartment,-14622,-1160,Core staff,4,4,1
5088994,0.0,X,F,N,N,2,171000.0,Working,Secondary / secondary special,Married,House / apartment,-14622,-1160,Core staff,4,4,1
5088995,0.0,0,F,N,N,2,171000.0,Working,Secondary / secondary special,Married,House / apartment,-14622,-1160,Core staff,4,4,1
5088996,0.0,C,F,N,N,2,171000.0,Working,Secondary / secondary special,Married,House / apartment,-14622,-1160,Core staff,4,2,1
5088998,0.0,C,F,N,N,2,171000.0,Working,Secondary / secondary special,Married,House / apartment,-14622,-1160,Core staff,4,2,1
5088999,0.0,C,F,N,N,2,171000.0,Working,Secondary / secondary special,Married,House / apartment,-14622,-1160,Core staff,4,2,1
5089000,0.0,C,F,N,N,2,171000.0,Working,Secondary / secondary special,Married,House / apartment,-14622,-1160,Core staff,4,2,1
5089018,0.0,0,F,N,N,0,135000.0,Working,Secondary / secondary special,Married,House / apartment,-16031,-5574,Laborers,2,4,0
5089019,0.0,C,F,N,N,0,135000.0,Working,Secondary / secondary special,Married,House / apartment,-16031,-5574,Laborers,2,2,0
5090883,0.0,C,F,N,N,0,135000.0,Working,Secondary / secondary special,Married,House / apartment,-16031,-5574,Laborers,2,2,0
5089030,0.0,C,F,N,N,0,171000.0,Working,Secondary / secondary special,Married,House / apartment,-17508,-1648,Laborers,2,2,0
5089032,0.0,0,F,N,N,0,171000.0,Working,Secondary / secondary special,Married,House / apartment,-17508,-1648,Laborers,2,4,0
5089039,0.0,0,F,Y,N,0,225000.0,Working,Secondary / secondary special,Widow,House / apartment,-12522,-613,Laborers,1,4,0
5089041,0.0,0,F,Y,N,0,225000.0,Working,Secondary / secondary special,Widow,House / apartment,-12522,-613,Laborers,1,4,0
5089042,0.0,0,F,Y,N,0,225000.0,Working,Secondary / secondary special,Widow,House / apartment,-12522,-613,Laborers,1,4,0
5089043,0.0,C,F,Y,N,0,225000.0,Working,Secondary / secondary special,Widow,House / apartment,-12522,-613,Laborers,1,2,0
5089044,0.0,C,F,Y,N,0,225000.0,Working,Secondary / secondary special,Widow,House / apartment,-12522,-613,Laborers,1,2,0
5089045,0.0,C,F,Y,N,0,225000.0,Working,Secondary / secondary special,Widow,House / apartment,-12522,-613,Laborers,1,2,0
5089047,0.0,C,F,Y,N,0,225000.0,Working,Secondary / secondary special,Widow,House / apartment,-12522,-613,Laborers,1,2,0
5089052,0.0,C,M,N,N,0,225000.0,Working,Higher education,Married,House / apartment,-13231,-3139,Sales staff,2,0,0
5089053,0.0,C,M,N,N,0,225000.0,Working,Higher education,Married,House / apartment,-13231,-3139,Sales staff,2,0,0
5090897,0.0,C,M,N,N,0,225000.0,Working,Higher education,Married,House / apartment,-13231,-3139,Sales staff,2,0,0
5089063,0.0,C,F,Y,N,0,225000.0,Working,Secondary / secondary special,Single / not married,House / apartment,-13417,-3931,Accountants,1,2,0
5089064,0.0,C,F,Y,N,0,225000.0,Working,Secondary / secondary special,Single / not married,House / apartment,-13417,-3931,Accountants,1,2,0
5089065,0.0,0,F,Y,N,0,225000.0,Working,Secondary / secondary special,Single / not married,House / apartment,-13417,-3931,Accountants,1,4,0
5089067,0.0,C,M,N,N,3,180000.0,Working,Secondary / secondary special,Married,House / apartment,-14243,-3535,Laborers,5,2,1
5089070,0.0,C,M,N,N,3,180000.0,Working,Secondary / secondary special,Married,House / apartment,-14243,-3535,Laborers,5,2,1
5089071,0.0,0,F,Y,N,2,121500.0,Commercial associate,Secondary / secondary special,Married,House / apartment,-11023,-2652,Laborers,4,1,1
5089072,0.0,X,F,Y,N,2,121500.0,Commercial associate,Secondary / secondary special,Married,House / apartment,-11023,-2652,Laborers,4,1,1
5089073,0.0,0,F,Y,N,2,121500.0,Commercial associate,Secondary / secondary special,Married,House / apartment,-11023,-2652,Laborers,4,1,1
5089074,0.0,C,F,Y,N,2,121500.0,Commercial associate,Secondary / secondary special,Married,House / apartment,-11023,-2652,Laborers,4,0,1
5089075,0.0,C,F,Y,N,2,121500.0,Commercial associate,Secondary / secondary special,Married,House / apartment,-11023,-2652,Laborers,4,0,1
5090898,0.0,C,F,Y,N,2,121500.0,Commercial associate,Secondary / secondary special,Married,House / apartment,-11023,-2652,Laborers,4,0,1
5089077,0.0,X,F,N,N,0,135000.0,Commercial associate,Secondary / secondary special,Widow,House / apartment,-18473,-2531,Cooking staff,1,1,0
5089078,0.0,C,F,N,N,0,135000.0,Commercial associate,Secondary / secondary special,Widow,House / apartment,-18473,-2531,Cooking staff,1,1,0
5089079,0.0,C,F,N,N,0,135000.0,Commercial associate,Secondary / secondary special,Widow,House / apartment,-18473,-2531,Cooking staff,1,1,0
5089080,0.0,X,F,N,N,0,135000.0,Commercial associate,Secondary / secondary special,Widow,House / apartment,-18473,-2531,Cooking staff,1,1,0
5089082,0.0,X,F,N,N,0,135000.0,Commercial associate,Secondary / secondary special,Widow,House / apartment,-18473,-2531,Cooking staff,1,1,0
5089083,0.0,X,F,N,N,0,135000.0,Commercial associate,Secondary / secondary special,Widow,House / apartment,-18473,-2531,Cooking staff,1,1,0
5089084,0.0,1,F,N,N,0,135000.0,Commercial associate,Secondary / secondary special,Widow,House / apartment,-18473,-2531,Cooking staff,1,1,0
5089085,0.0,X,F,N,N,0,135000.0,Commercial associate,Secondary / secondary special,Widow,House / apartment,-18473,-2531,Cooking staff,1,1,0
5089087,0.0,C,F,N,N,1,180000.0,Working,Secondary / secondary special,Married,House / apartment,-14167,-735,Laborers,3,2,1
5089088,0.0,C,F,N,N,1,180000.0,Working,Secondary / secondary special,Married,House / apartment,-14167,-735,Laborers,3,2,1
5089090,0.0,C,F,N,N,1,180000.0,Working,Secondary / secondary special,Married,House / apartment,-14167,-735,Laborers,3,2,1
5089104,0.0,C,F,N,N,0,103500.0,State servant,Secondary / secondary special,Civil marriage,House / apartment,-14719,-4082,Core staff,2,1,0
5089116,0.0,0,F,Y,N,0,90000.0,Working,Higher education,Single / not married,House / apartment,-15969,-5483,Core staff,1,1,0
5089120,0.0,C,F,N,N,1,162000.0,Working,Incomplete higher,Civil marriage,House / apartment,-12580,-3109,Core staff,3,1,1
5089122,0.0,C,F,N,N,1,162000.0,Working,Incomplete higher,Civil marriage,House / apartment,-12580,-3109,Core staff,3,1,1
5089123,0.0,C,F,N,N,1,162000.0,Working,Incomplete higher,Civil marriage,House / apartment,-12580,-3109,Core staff,3,1,1
5089124,0.0,C,F,N,N,1,162000.0,Working,Incomplete higher,Civil marriage,House / apartment,-12580,-3109,Core staff,3,1,1
5089129,0.0,0,F,N,N,0,90000.0,Working,Secondary / secondary special,Married,Municipal apartment,-19171,-429,Laborers,2,4,0
5089130,0.0,0,F,N,N,0,90000.0,Working,Secondary / secondary special,Married,Municipal apartment,-19171,-429,Laborers,2,4,0
5089131,0.0,C,F,N,N,0,90000.0,Working,Secondary / secondary special,Married,Municipal apartment,-19171,-429,Laborers,2,2,0
5089134,0.0,X,F,N,N,1,90000.0,Working,Secondary / secondary special,Married,Municipal apartment,-15655,-1191,Sales staff,3,4,1
5090904,0.0,C,F,N,N,1,90000.0,Working,Secondary / secondary special,Married,Municipal apartment,-15655,-1191,Sales staff,3,2,1
5089152,0.0,C,M,Y,N,2,292500.0,State servant,Secondary / secondary special,Married,With parents,-15583,-6031,Drivers,4,0,1
5089154,0.0,C,M,Y,N,2,292500.0,State servant,Secondary / secondary special,Married,With parents,-15583,-6031,Drivers,4,0,1
5089156,0.0,C,M,Y,N,2,292500.0,State servant,Secondary / secondary special,Married,With parents,-15583,-6031,Drivers,4,0,1
5089160,0.0,C,F,Y,N,0,225000.0,Working,Higher education,Married,House / apartment,-20264,-2531,Accountants,2,0,0
5090935,0.0,C,F,Y,N,0,225000.0,Working,Higher education,Married,House / apartment,-20264,-2531,Accountants,2,0,0
5089164,0.0,C,F,Y,N,0,148500.0,Commercial associate,Higher education,Married,House / apartment,-12655,-2043,High skill tech staff,2,3,0
5089165,0.0,C,F,Y,N,0,148500.0,Commercial associate,Higher education,Married,House / apartment,-12655,-2043,High skill tech staff,2,3,0
5090936,0.0,0,F,Y,N,0,148500.0,Commercial associate,Higher education,Married,House / apartment,-12655,-2043,High skill tech staff,2,3,0
5089167,0.0,C,F,N,N,1,90000.0,Working,Secondary / secondary special,Single / not married,House / apartment,-18878,-3351,Sales staff,2,4,0
5089171,0.0,0,F,Y,N,1,184500.0,Working,Higher education,Separated,With parents,-13438,-4447,Core staff,2,1,0
5089173,0.0,X,F,Y,N,1,184500.0,Working,Higher education,Separated,With parents,-13438,-4447,Core staff,2,3,0
5089174,0.0,X,F,Y,N,1,184500.0,Working,Higher education,Separated,With parents,-13438,-4447,Core staff,2,3,0
5089175,0.0,C,F,Y,N,1,184500.0,Working,Higher education,Separated,With parents,-13438,-4447,Core staff,2,0,0
5089176,0.0,X,F,Y,N,1,184500.0,Working,Higher education,Separated,With parents,-13438,-4447,Core staff,2,3,0
5089177,0.0,0,F,Y,N,1,184500.0,Working,Higher education,Separated,With parents,-13438,-4447,Core staff,2,1,0
5089179,0.0,C,F,Y,N,1,184500.0,Working,Higher education,Separated,With parents,-13438,-4447,Core staff,2,0,0
5089180,0.0,C,F,Y,N,1,184500.0,Working,Higher education,Separated,With parents,-13438,-4447,Core staff,2,0,0
5090937,0.0,0,F,Y,N,1,184500.0,Working,Higher education,Separated,With parents,-13438,-4447,Core staff,2,1,0
5090938,0.0,X,F,Y,N,1,184500.0,Working,Higher education,Separated,With parents,-13438,-4447,Core staff,2,3,0
5090939,0.0,X,F,Y,N,1,184500.0,Working,Higher education,Separated,With parents,-13438,-4447,Core staff,2,3,0
5090940,0.0,X,F,Y,N,1,184500.0,Working,Higher education,Separated,With parents,-13438,-4447,Core staff,2,3,0
5089181,0.0,0,F,N,N,0,81000.0,Working,Secondary / secondary special,Married,House / apartment,-19579,-309,Laborers,2,4,0
5089183,0.0,C,F,Y,N,0,135000.0,Working,Secondary / secondary special,Widow,House / apartment,-23224,-3382,Core staff,1,2,0
5089186,0.0,C,F,Y,N,0,135000.0,Working,Secondary / secondary special,Widow,House / apartment,-23224,-3382,Core staff,1,2,0
5089189,0.0,C,F,Y,N,0,135000.0,Working,Secondary / secondary special,Widow,House / apartment,-23224,-3382,Core staff,1,2,0
5089190,0.0,C,F,Y,N,0,135000.0,Working,Secondary / secondary special,Widow,House / apartment,-23224,-3382,Core staff,1,2,0
5089191,0.0,C,F,Y,N,0,135000.0,Working,Secondary / secondary special,Widow,House / apartment,-23224,-3382,Core staff,1,2,0
5089192,0.0,C,F,Y,N,0,135000.0,Working,Secondary / secondary special,Widow,House / apartment,-23224,-3382,Core staff,1,2,0
5089199,0.0,X,M,N,N,0,135000.0,Commercial associate,Higher education,Married,House / apartment,-13155,-2927,Managers,2,3,0
5089200,0.0,0,M,N,N,0,135000.0,Commercial associate,Higher education,Married,House / apartment,-13155,-2927,Managers,2,3,0
5089203,0.0,X,M,N,N,0,135000.0,Commercial associate,Higher education,Married,House / apartment,-13155,-2927,Managers,2,3,0
5089209,0.0,C,F,Y,N,0,189000.0,Commercial associate,Secondary / secondary special,Married,House / apartment,-17864,-705,High skill tech staff,2,0,0
5089210,0.0,X,F,Y,N,0,189000.0,Commercial associate,Secondary / secondary special,Married,House / apartment,-17864,-705,High skill tech staff,2,1,0
5089211,0.0,X,F,Y,N,0,189000.0,Commercial associate,Secondary / secondary special,Married,House / apartment,-17864,-705,High skill tech staff,2,1,0
5089212,0.0,C,F,Y,N,0,189000.0,Commercial associate,Secondary / secondary special,Married,House / apartment,-17864,-705,High skill tech staff,2,0,0
5090953,0.0,0,F,Y,N,0,189000.0,Commercial associate,Secondary / secondary special,Married,House / apartment,-17864,-705,High skill tech staff,2,1,0
5089218,0.0,C,F,Y,N,1,171000.0,Working,Secondary / secondary special,Civil marriage,House / apartment,-14017,-6488,Medicine staff,3,2,1
5089222,0.0,0,F,Y,N,1,171000.0,Working,Secondary / secondary special,Civil marriage,House / apartment,-14017,-6488,Medicine staff,3,4,1
5089224,0.0,X,F,Y,N,1,171000.0,Working,Secondary / secondary special,Civil marriage,House / apartment,-14017,-6488,Medicine staff,3,4,1
5089230,0.0,0,F,Y,N,0,180000.0,State servant,Secondary / secondary special,Single / not married,House / apartment,-17748,-8375,Core staff,1,1,0
5089233,0.0,C,F,N,N,0,270000.0,State servant,Secondary / secondary special,Separated,House / apartment,-19363,-12332,Medicine staff,1,1,0
5089237,0.0,0,F,N,N,0,270000.0,State servant,Secondary / secondary special,Separated,House / apartment,-19363,-12332,Medicine staff,1,1,0
5089240,0.0,C,F,N,N,0,270000.0,State servant,Secondary / secondary special,Separated,House / apartment,-19363,-12332,Medicine staff,1,1,0
5089241,0.0,C,F,N,N,0,270000.0,State servant,Secondary / secondary special,Separated,House / apartment,-19363,-12332,Medicine staff,1,1,0
5089242,0.0,C,F,N,N,0,270000.0,State servant,Secondary / secondary special,Separated,House / apartment,-19363,-12332,Medicine staff,1,1,0
5089243,0.0,C,F,N,N,0,270000.0,State servant,Secondary / secondary special,Separated,House / apartment,-19363,-12332,Medicine staff,1,1,0
5089244,0.0,C,F,N,N,0,270000.0,State servant,Secondary / secondary special,Separated,House / apartment,-19363,-12332,Medicine staff,1,1,0
5090954,0.0,0,F,N,N,0,270000.0,State servant,Secondary / secondary special,Separated,House / apartment,-19363,-12332,Medicine staff,1,1,0
5090955,0.0,C,F,N,N,0,270000.0,State servant,Secondary / secondary special,Separated,House / apartment,-19363,-12332,Medicine staff,1,1,0
5089249,0.0,0,F,N,N,0,225000.0,Working,Higher education,Single / not married,House / apartment,-10809,-3900,Laborers,1,1,0
5089250,0.0,C,F,N,N,0,225000.0,Working,Higher education,Single / not married,House / apartment,-10809,-3900,Laborers,1,0,0
5089251,0.0,0,F,N,N,0,225000.0,Working,Higher education,Single / not married,House / apartment,-10809,-3900,Laborers,1,1,0
5089252,0.0,C,F,N,N,0,72000.0,Working,Secondary / secondary special,Single / not married,House / apartment,-18799,-1466,Cleaning staff,1,4,0
5089253,0.0,C,F,N,N,0,72000.0,Working,Secondary / secondary special,Single / not married,House / apartment,-18799,-1466,Cleaning staff,1,4,0
5089254,0.0,0,F,N,N,0,72000.0,Working,Secondary / secondary special,Single / not married,House / apartment,-18799,-1466,Cleaning staff,1,4,0
5089255,0.0,C,F,N,N,0,72000.0,Working,Secondary / secondary special,Single / not married,House / apartment,-18799,-1466,Cleaning staff,1,4,0
5089261,0.0,0,F,N,N,0,72000.0,Working,Secondary / secondary special,Single / not married,House / apartment,-18799,-1466,Cleaning staff,1,4,0
5089262,0.0,X,F,N,N,0,72000.0,Working,Secondary / secondary special,Single / not married,House / apartment,-18799,-1466,Cleaning staff,1,4,0
5089264,0.0,C,F,N,N,0,72000.0,Working,Secondary / secondary special,Single / not married,House / apartment,-18799,-1466,Cleaning staff,1,4,0
5089265,0.0,0,F,N,N,0,72000.0,Working,Secondary / secondary special,Single / not married,House / apartment,-18799,-1466,Cleaning staff,1,4,0
5089266,0.0,C,F,N,N,0,72000.0,Working,Secondary / secondary special,Single / not married,House / apartment,-18799,-1466,Cleaning staff,1,4,0
5089268,0.0,C,F,N,N,0,72000.0,Working,Secondary / secondary special,Single / not married,House / apartment,-18799,-1466,Cleaning staff,1,4,0
5089269,0.0,C,F,N,N,0,72000.0,Working,Secondary / secondary special,Single / not married,House / apartment,-18799,-1466,Cleaning staff,1,4,0
5089270,0.0,C,F,N,N,0,72000.0,Working,Secondary / secondary special,Single / not married,House / apartment,-18799,-1466,Cleaning staff,1,4,0
5090956,0.0,C,F,N,N,0,72000.0,Working,Secondary / secondary special,Single / not married,House / apartment,-18799,-1466,Cleaning staff,1,4,0
5090958,0.0,1,F,N,N,0,72000.0,Working,Secondary / secondary special,Single / not married,House / apartment,-18799,-1466,Cleaning staff,1,1,0
5089271,0.0,C,F,Y,N,0,315000.0,Working,Higher education,Married,House / apartment,-13592,-3504,Accountants,2,0,2
5089273,0.0,C,F,Y,N,0,315000.0,Working,Higher education,Married,House / apartment,-13592,-3504,Accountants,2,0,2
5089274,0.0,C,F,Y,N,0,315000.0,Working,Higher education,Married,House / apartment,-13592,-3504,Accountants,2,0,2
5089275,0.0,C,F,Y,N,0,315000.0,Working,Higher education,Married,House / apartment,-13592,-3504,Accountants,2,0,2
5089278,0.0,0,F,Y,N,0,315000.0,Working,Higher education,Married,House / apartment,-13592,-3504,Accountants,2,1,2
5090960,0.0,C,F,Y,N,0,315000.0,Working,Higher education,Married,House / apartment,-13592,-3504,Accountants,2,0,2
5089279,0.0,C,F,N,N,0,108000.0,Working,Secondary / secondary special,Separated,House / apartment,-20002,-187,Laborers,1,2,0
5089280,0.0,C,F,N,N,0,108000.0,Working,Secondary / secondary special,Separated,House / apartment,-20002,-187,Laborers,1,2,0
5089304,0.0,C,M,N,N,0,193500.0,Working,Secondary / secondary special,Married,House / apartment,-17257,-886,Security staff,2,2,0
5089305,0.0,0,M,N,N,0,193500.0,Working,Secondary / secondary special,Married,House / apartment,-17257,-886,Security staff,2,4,0
5089306,0.0,C,F,N,N,0,54000.0,Working,Secondary / secondary special,Civil marriage,House / apartment,-14415,-1801,Laborers,2,2,0
5089308,0.0,C,F,N,N,0,54000.0,Working,Secondary / secondary special,Civil marriage,House / apartment,-14415,-1801,Laborers,2,2,0
5089309,0.0,C,F,N,N,0,54000.0,Working,Secondary / secondary special,Civil marriage,House / apartment,-14415,-1801,Laborers,2,2,0
5089311,0.0,C,F,N,N,1,675000.0,Commercial associate,Higher education,Married,House / apartment,-10885,-1039,Sales staff,3,3,2
5089312,0.0,C,F,N,N,1,675000.0,Commercial associate,Higher education,Married,House / apartment,-10885,-1039,Sales staff,3,3,2
5089313,0.0,0,F,N,N,1,675000.0,Commercial associate,Higher education,Married,House / apartment,-10885,-1039,Sales staff,3,3,2
5089314,0.0,C,F,N,N,1,675000.0,Commercial associate,Higher education,Married,House / apartment,-10885,-1039,Sales staff,3,3,2
5089316,0.0,C,F,Y,N,0,135000.0,Commercial associate,Higher education,Married,House / apartment,-11616,-825,High skill tech staff,2,3,0
5089317,0.0,C,F,Y,N,0,135000.0,Commercial associate,Higher education,Married,House / apartment,-11616,-825,High skill tech staff,2,3,0
5089320,0.0,C,F,Y,N,0,135000.0,Commercial associate,Higher education,Married,House / apartment,-11616,-825,High skill tech staff,2,3,0
5089321,0.0,C,F,Y,N,0,135000.0,Commercial associate,Higher education,Married,House / apartment,-11616,-825,High skill tech staff,2,3,0
5090655,0.0,0,F,Y,N,0,135000.0,Commercial associate,Higher education,Married,House / apartment,-11616,-825,High skill tech staff,2,3,0
5090657,0.0,C,F,Y,N,0,135000.0,Commercial associate,Higher education,Married,House / apartment,-11616,-825,High skill tech staff,2,3,0
5089323,0.0,X,F,N,N,0,135000.0,Working,Secondary / secondary special,Married,House / apartment,-10788,-2927,Sales staff,2,4,0
5089325,0.0,0,F,N,N,0,72000.0,Working,Secondary / secondary special,Single / not married,House / apartment,-10968,-126,Sales staff,1,4,0
5089326,0.0,0,F,N,N,0,72000.0,Working,Secondary / secondary special,Single / not married,House / apartment,-10968,-126,Sales staff,1,4,0
5089330,0.0,C,F,Y,N,0,247500.0,State servant,Higher education,Single / not married,House / apartment,-16918,-4174,Managers,1,3,0
5089334,0.0,C,F,Y,N,0,247500.0,State servant,Higher education,Single / not married,House / apartment,-16918,-4174,Managers,1,3,0
5089335,0.0,C,F,Y,N,0,247500.0,State servant,Higher education,Single / not married,House / apartment,-16918,-4174,Managers,1,3,0
5089336,0.0,0,F,Y,N,0,247500.0,State servant,Higher education,Single / not married,House / apartment,-16918,-4174,Managers,1,3,0
5090659,0.0,X,F,Y,N,0,247500.0,State servant,Higher education,Single / not married,House / apartment,-16918,-4174,Managers,1,3,0
5089347,0.0,C,F,N,N,0,121500.0,State servant,Higher education,Married,House / apartment,-22014,-5239,Accountants,2,3,0
5089348,0.0,C,F,N,N,0,121500.0,State servant,Higher education,Married,House / apartment,-22014,-5239,Accountants,2,3,0
5089349,0.0,C,F,N,N,0,121500.0,State servant,Higher education,Married,House / apartment,-22014,-5239,Accountants,2,3,0
5089350,0.0,C,F,N,N,0,121500.0,State servant,Higher education,Married,House / apartment,-22014,-5239,Accountants,2,3,0
5089351,0.0,C,F,N,N,0,121500.0,State servant,Higher education,Married,House / apartment,-22014,-5239,Accountants,2,3,0
5089352,0.0,C,F,N,N,0,121500.0,State servant,Higher education,Married,House / apartment,-22014,-5239,Accountants,2,3,0
5089353,0.0,0,F,N,N,0,121500.0,State servant,Higher education,Married,House / apartment,-22014,-5239,Accountants,2,3,0
5089354,0.0,0,F,N,N,0,121500.0,State servant,Higher education,Married,House / apartment,-22014,-5239,Accountants,2,3,0
5089355,0.0,C,F,N,N,0,121500.0,State servant,Higher education,Married,House / apartment,-22014,-5239,Accountants,2,3,0
5089356,0.0,C,F,N,N,0,121500.0,State servant,Higher education,Married,House / apartment,-22014,-5239,Accountants,2,3,0
5089361,0.0,X,F,N,N,0,180000.0,Working,Secondary / secondary special,Single / not married,House / apartment,-11687,-978,Accountants,1,4,0
5089382,0.0,C,M,Y,N,0,126000.0,Working,Secondary / secondary special,Married,House / apartment,-20116,-248,Laborers,2,2,0
5089385,0.0,0,M,Y,N,0,126000.0,Working,Secondary / secondary special,Married,House / apartment,-20116,-248,Laborers,2,2,0
5089392,0.0,C,F,Y,N,0,562500.0,Working,Higher education,Married,House / apartment,-14654,-2836,Managers,2,0,2
5089393,0.0,C,F,Y,N,0,562500.0,Working,Higher education,Married,House / apartment,-14654,-2836,Managers,2,0,2
5089395,0.0,C,F,Y,N,0,562500.0,Working,Higher education,Married,House / apartment,-14654,-2836,Managers,2,0,2
5089396,0.0,C,F,Y,N,0,562500.0,Working,Higher education,Married,House / apartment,-14654,-2836,Managers,2,0,2
5089398,0.0,X,F,Y,N,0,562500.0,Working,Higher education,Married,House / apartment,-14654,-2836,Managers,2,0,2
5089399,0.0,C,F,Y,N,0,562500.0,Working,Higher education,Married,House / apartment,-14654,-2836,Managers,2,0,2
5089401,0.0,C,F,Y,N,0,562500.0,Working,Higher education,Married,House / apartment,-14654,-2836,Managers,2,0,2
5089404,0.0,C,F,Y,N,0,562500.0,Working,Higher education,Married,House / apartment,-14654,-2836,Managers,2,0,2
5089418,0.0,C,F,Y,N,0,112500.0,State servant,Secondary / secondary special,Married,House / apartment,-21842,-3869,High skill tech staff,2,0,0
5089423,0.0,C,F,Y,N,0,112500.0,State servant,Secondary / secondary special,Married,House / apartment,-21842,-3869,High skill tech staff,2,0,0
5089444,0.0,X,F,N,N,0,157500.0,Working,Higher education,Separated,House / apartment,-18843,-3474,High skill tech staff,1,1,0
5089445,0.0,X,F,N,N,0,157500.0,Working,Higher education,Separated,House / apartment,-18843,-3474,High skill tech staff,1,1,0
5089463,0.0,C,F,N,N,2,67500.0,Working,Secondary / secondary special,Married,Municipal apartment,-13891,-248,Core staff,4,2,1
5089464,0.0,C,F,N,N,2,67500.0,Working,Secondary / secondary special,Married,Municipal apartment,-13891,-248,Core staff,4,2,1
5089465,0.0,C,F,N,N,2,67500.0,Working,Secondary / secondary special,Married,Municipal apartment,-13891,-248,Core staff,4,2,1
5089470,0.0,C,F,N,N,2,67500.0,Working,Secondary / secondary special,Married,Municipal apartment,-13891,-248,Core staff,4,2,1
5090674,0.0,X,F,N,N,2,67500.0,Working,Secondary / secondary special,Married,Municipal apartment,-13891,-248,Core staff,4,4,1
5089471,0.0,0,F,Y,N,0,67500.0,Working,Secondary / secondary special,Married,Municipal apartment,-14902,-1831,Sales staff,2,4,0
5089475,0.0,0,M,N,N,0,180000.0,Working,Higher education,Married,House / apartment,-14344,-3443,Laborers,2,1,0
5089476,0.0,X,M,N,N,0,180000.0,Working,Higher education,Married,House / apartment,-14344,-3443,Laborers,2,0,0
5089477,0.0,0,M,N,N,0,180000.0,Working,Higher education,Married,House / apartment,-14344,-3443,Laborers,2,1,0
5089478,0.0,0,M,N,N,0,180000.0,Working,Higher education,Married,House / apartment,-14344,-3443,Laborers,2,1,0
5089479,0.0,X,M,N,N,0,112500.0,Commercial associate,Secondary / secondary special,Single / not married,House / apartment,-8652,-552,Security staff,1,1,0
5089480,0.0,0,F,N,N,1,36000.0,Working,Secondary / secondary special,Married,Rented apartment,-13160,-5543,Laborers,3,4,1
5090675,0.0,C,F,N,N,1,36000.0,Working,Secondary / secondary special,Married,Rented apartment,-13160,-5543,Laborers,3,2,1
5089485,0.0,X,F,N,N,2,315000.0,Commercial associate,Higher education,Married,House / apartment,-12932,-309,Managers,4,3,1
5089486,0.0,X,F,N,N,2,315000.0,Commercial associate,Higher education,Married,House / apartment,-12932,-309,Managers,4,3,1
5089487,0.0,0,F,N,N,2,315000.0,Commercial associate,Higher education,Married,House / apartment,-12932,-309,Managers,4,3,1
5090678,0.0,X,F,N,N,2,315000.0,Commercial associate,Higher education,Married,House / apartment,-12932,-309,Managers,4,3,1
5089500,0.0,C,M,Y,N,0,225000.0,Working,Secondary / secondary special,Single / not married,House / apartment,-8958,-217,Drivers,1,2,0
5089501,0.0,0,M,Y,N,0,225000.0,Working,Secondary / secondary special,Single / not married,House / apartment,-8958,-217,Drivers,1,4,0
5089502,0.0,X,M,Y,N,0,225000.0,Working,Secondary / secondary special,Single / not married,House / apartment,-8958,-217,Drivers,1,2,0
5089503,0.0,C,M,Y,N,0,225000.0,Working,Secondary / secondary special,Single / not married,House / apartment,-8958,-217,Drivers,1,2,0
5089505,0.0,0,F,Y,N,1,405000.0,Working,Secondary / secondary special,Married,Rented apartment,-13810,-1678,Core staff,3,4,2
5089507,0.0,C,F,Y,N,1,405000.0,Working,Secondary / secondary special,Married,Rented apartment,-13810,-1678,Core staff,3,2,2
5089508,0.0,0,F,Y,N,1,405000.0,Working,Secondary / secondary special,Married,Rented apartment,-13810,-1678,Core staff,3,4,2
5089509,0.0,C,F,Y,N,1,405000.0,Working,Secondary / secondary special,Married,Rented apartment,-13810,-1678,Core staff,3,2,2
5089512,0.0,C,F,Y,N,1,405000.0,Working,Secondary / secondary special,Married,Rented apartment,-13810,-1678,Core staff,3,2,2
5089514,0.0,0,F,Y,N,1,405000.0,Working,Secondary / secondary special,Married,Rented apartment,-13810,-1678,Core staff,3,4,2
5089516,0.0,C,F,Y,N,1,405000.0,Working,Secondary / secondary special,Married,Rented apartment,-13810,-1678,Core staff,3,2,2
5089518,0.0,C,F,Y,N,1,405000.0,Working,Secondary / secondary special,Married,Rented apartment,-13810,-1678,Core staff,3,2,2
5089522,0.0,C,F,Y,N,0,315000.0,Working,Higher education,Married,Co-op apartment,-13064,-2286,Medicine staff,2,0,2
5089523,0.0,C,F,Y,N,0,315000.0,Working,Higher education,Married,Co-op apartment,-13064,-2286,Medicine staff,2,0,2
5089524,0.0,C,F,Y,N,0,315000.0,Working,Higher education,Married,Co-op apartment,-13064,-2286,Medicine staff,2,0,2
5089525,0.0,0,F,Y,N,0,315000.0,Working,Higher education,Married,Co-op apartment,-13064,-2286,Medicine staff,2,1,2
5089526,0.0,C,F,Y,N,0,315000.0,Working,Higher education,Married,Co-op apartment,-13064,-2286,Medicine staff,2,0,2
5089529,0.0,C,F,Y,N,0,315000.0,Working,Higher education,Married,Co-op apartment,-13064,-2286,Medicine staff,2,0,2
5089531,0.0,C,F,Y,N,0,315000.0,Working,Higher education,Married,Co-op apartment,-13064,-2286,Medicine staff,2,0,2
5089532,0.0,C,F,Y,N,0,315000.0,Working,Higher education,Married,Co-op apartment,-13064,-2286,Medicine staff,2,0,2
5089534,0.0,C,F,Y,N,0,180000.0,Working,Secondary / secondary special,Married,House / apartment,-18341,-5574,Laborers,2,2,0
5089537,0.0,C,F,Y,N,0,180000.0,Working,Secondary / secondary special,Married,House / apartment,-18341,-5574,Laborers,2,2,0
5089538,0.0,0,F,Y,N,0,180000.0,Working,Secondary / secondary special,Married,House / apartment,-18341,-5574,Laborers,2,4,0
5089539,0.0,X,F,Y,N,0,180000.0,Working,Secondary / secondary special,Married,House / apartment,-18341,-5574,Laborers,2,2,0
5089540,0.0,0,F,Y,N,0,180000.0,Working,Secondary / secondary special,Married,House / apartment,-18341,-5574,Laborers,2,4,0
5089541,0.0,C,F,Y,N,0,180000.0,Working,Secondary / secondary special,Married,House / apartment,-18341,-5574,Laborers,2,2,0
5089546,0.0,1,F,N,N,1,135000.0,Working,Higher education,Separated,House / apartment,-13108,-2043,Core staff,2,1,0
5089547,0.0,0,F,N,N,1,135000.0,Working,Higher education,Separated,House / apartment,-13108,-2043,Core staff,2,1,0
5089549,0.0,X,F,N,N,1,135000.0,Working,Higher education,Separated,House / apartment,-13108,-2043,Core staff,2,1,0
5089552,0.0,C,F,N,N,1,135000.0,Working,Higher education,Separated,House / apartment,-13108,-2043,Core staff,2,0,0
5089554,0.0,X,F,N,N,1,135000.0,Working,Higher education,Separated,House / apartment,-13108,-2043,Core staff,2,1,0
5090689,0.0,0,F,N,N,1,135000.0,Working,Higher education,Separated,House / apartment,-13108,-2043,Core staff,2,1,0
5089556,0.0,C,F,Y,N,0,157500.0,Working,Incomplete higher,Single / not married,House / apartment,-11406,-3078,Managers,1,0,0
5089558,0.0,0,F,Y,N,0,157500.0,Working,Incomplete higher,Single / not married,House / apartment,-11406,-3078,Managers,1,1,0
5089561,0.0,C,F,Y,N,0,157500.0,Working,Incomplete higher,Single / not married,House / apartment,-11406,-3078,Managers,1,0,0
5089562,0.0,C,F,Y,N,0,157500.0,Working,Incomplete higher,Single / not married,House / apartment,-11406,-3078,Managers,1,0,0
5089563,0.0,C,F,Y,N,0,157500.0,Working,Incomplete higher,Single / not married,House / apartment,-11406,-3078,Managers,1,0,0
5089565,0.0,C,F,N,N,0,202500.0,Commercial associate,Higher education,Married,House / apartment,-11309,-2713,Sales staff,2,3,0
5089566,0.0,C,F,N,N,0,202500.0,Commercial associate,Higher education,Married,House / apartment,-11309,-2713,Sales staff,2,3,0
5089569,0.0,C,F,N,N,0,202500.0,Commercial associate,Higher education,Married,House / apartment,-11309,-2713,Sales staff,2,3,0
5089570,0.0,C,F,N,N,0,202500.0,Commercial associate,Higher education,Married,House / apartment,-11309,-2713,Sales staff,2,3,0
5089572,0.0,C,F,N,N,0,202500.0,Commercial associate,Higher education,Married,House / apartment,-11309,-2713,Sales staff,2,3,0
5089573,0.0,C,F,N,N,0,202500.0,Commercial associate,Higher education,Married,House / apartment,-11309,-2713,Sales staff,2,3,0
5089574,0.0,C,F,N,N,0,202500.0,Commercial associate,Higher education,Married,House / apartment,-11309,-2713,Sales staff,2,3,0
5089575,0.0,C,F,N,N,0,202500.0,Commercial associate,Higher education,Married,House / apartment,-11309,-2713,Sales staff,2,3,0
5089577,0.0,0,F,N,N,0,202500.0,Commercial associate,Higher education,Married,House / apartment,-11309,-2713,Sales staff,2,3,0
5089578,0.0,X,F,Y,N,0,112500.0,State servant,Secondary / secondary special,Married,House / apartment,-11664,-460,Core staff,2,1,0
5089580,0.0,X,F,Y,N,0,112500.0,State servant,Secondary / secondary special,Married,House / apartment,-11664,-460,Core staff,2,1,0
5089581,0.0,X,F,Y,N,0,112500.0,State servant,Secondary / secondary special,Married,House / apartment,-11664,-460,Core staff,2,1,0
5090691,0.0,X,F,Y,N,0,112500.0,State servant,Secondary / secondary special,Married,House / apartment,-11664,-460,Core staff,2,1,0
5089595,0.0,0,M,Y,N,0,315000.0,Commercial associate,Secondary / secondary special,Civil marriage,House / apartment,-14011,-978,Managers,2,1,2
5089597,0.0,C,F,Y,N,2,112500.0,Working,Secondary / secondary special,Married,House / apartment,-11870,-1497,Sales staff,4,2,1
5089598,0.0,0,F,Y,N,2,112500.0,Working,Secondary / secondary special,Married,House / apartment,-11870,-1497,Sales staff,4,4,1
5089602,0.0,X,F,Y,N,2,112500.0,Working,Secondary / secondary special,Married,House / apartment,-11870,-1497,Sales staff,4,4,1
5089603,0.0,0,F,Y,N,2,112500.0,Working,Secondary / secondary special,Married,House / apartment,-11870,-1497,Sales staff,4,4,1
5089605,0.0,C,F,N,N,0,112500.0,Commercial associate,Secondary / secondary special,Married,House / apartment,-15002,-1466,Laborers,2,1,0
5089606,0.0,C,F,N,N,0,112500.0,Commercial associate,Secondary / secondary special,Married,House / apartment,-15002,-1466,Laborers,2,1,0
5089607,0.0,0,F,N,N,0,112500.0,Commercial associate,Secondary / secondary special,Married,House / apartment,-15002,-1466,Laborers,2,1,0
5089609,0.0,X,F,Y,N,0,247500.0,Working,Higher education,Married,House / apartment,-15858,-1801,Laborers,2,0,0
5089616,0.0,X,F,Y,N,0,247500.0,Working,Higher education,Married,House / apartment,-15858,-1801,Laborers,2,0,0
5089617,0.0,0,F,Y,N,0,247500.0,Working,Higher education,Married,House / apartment,-15858,-1801,Laborers,2,1,0
5089618,0.0,C,F,Y,N,0,247500.0,Working,Higher education,Married,House / apartment,-15858,-1801,Laborers,2,0,0
5089619,0.0,0,F,Y,N,0,247500.0,Working,Higher education,Married,House / apartment,-15858,-1801,Laborers,2,1,0
5089620,0.0,C,F,Y,N,0,247500.0,Working,Higher education,Married,House / apartment,-15858,-1801,Laborers,2,0,0
5089621,0.0,0,F,Y,N,0,247500.0,Working,Higher education,Married,House / apartment,-15858,-1801,Laborers,2,1,0
5089622,0.0,X,F,N,N,0,315000.0,Commercial associate,Higher education,Married,House / apartment,-16188,-309,Sales staff,2,3,2
5089623,0.0,0,F,N,N,0,315000.0,Commercial associate,Higher education,Married,House / apartment,-16188,-309,Sales staff,2,3,2
5089624,0.0,0,F,N,N,0,315000.0,Commercial associate,Higher education,Married,House / apartment,-16188,-309,Sales staff,2,3,2
5089625,0.0,0,F,N,N,0,315000.0,Commercial associate,Higher education,Married,House / apartment,-16188,-309,Sales staff,2,3,2
5089628,0.0,C,F,N,N,0,315000.0,Commercial associate,Higher education,Married,House / apartment,-16188,-309,Sales staff,2,3,2
5089629,0.0,0,F,N,N,0,315000.0,Commercial associate,Higher education,Married,House / apartment,-16188,-309,Sales staff,2,3,2
5089631,0.0,0,F,N,N,0,315000.0,Commercial associate,Higher education,Married,House / apartment,-16188,-309,Sales staff,2,3,2
5089634,0.0,0,F,N,N,0,315000.0,Commercial associate,Higher education,Married,House / apartment,-16188,-309,Sales staff,2,3,2
5089635,0.0,0,F,N,N,0,315000.0,Commercial associate,Higher education,Married,House / apartment,-16188,-309,Sales staff,2,3,2
5090696,0.0,0,F,N,N,0,315000.0,Commercial associate,Higher education,Married,House / apartment,-16188,-309,Sales staff,2,3,2
5089636,0.0,X,M,N,N,1,157500.0,Working,Higher education,Separated,With parents,-10862,-1160,Laborers,2,1,0
5089637,0.0,C,M,N,N,1,157500.0,Working,Higher education,Separated,With parents,-10862,-1160,Laborers,2,0,0
5089639,0.0,C,M,N,N,1,157500.0,Working,Higher education,Separated,With parents,-10862,-1160,Laborers,2,0,0
5089640,0.0,0,M,N,N,1,157500.0,Working,Higher education,Separated,With parents,-10862,-1160,Laborers,2,1,0
5089643,0.0,C,M,N,N,1,157500.0,Working,Higher education,Separated,With parents,-10862,-1160,Laborers,2,0,0
5089648,0.0,X,M,Y,N,0,306000.0,Working,Higher education,Married,House / apartment,-13053,-2866,Accountants,2,0,2
5089650,0.0,C,F,N,N,0,99000.0,Commercial associate,Secondary / secondary special,Single / not married,House / apartment,-16378,-370,Core staff,1,1,0
5089652,0.0,X,F,N,N,0,99000.0,Commercial associate,Secondary / secondary special,Single / not married,House / apartment,-16378,-370,Core staff,1,1,0
5089653,0.0,C,F,N,N,0,99000.0,Commercial associate,Secondary / secondary special,Single / not married,House / apartment,-16378,-370,Core staff,1,1,0
5089654,0.0,C,F,N,N,0,99000.0,Commercial associate,Secondary / secondary special,Single / not married,House / apartment,-16378,-370,Core staff,1,1,0
5089655,0.0,0,F,N,N,0,99000.0,Commercial associate,Secondary / secondary special,Single / not married,House / apartment,-16378,-370,Core staff,1,1,0
5089656,0.0,X,F,N,N,0,99000.0,Commercial associate,Secondary / secondary special,Single / not married,House / apartment,-16378,-370,Core staff,1,1,0
5089657,0.0,X,F,N,N,0,99000.0,Commercial associate,Secondary / secondary special,Single / not married,House / apartment,-16378,-370,Core staff,1,1,0
5089658,0.0,C,F,N,N,0,99000.0,Commercial associate,Secondary / secondary special,Single / not married,House / apartment,-16378,-370,Core staff,1,1,0
5089661,0.0,C,F,N,N,0,99000.0,Commercial associate,Secondary / secondary special,Single / not married,House / apartment,-16378,-370,Core staff,1,1,0
5089662,0.0,C,F,N,N,0,99000.0,Commercial associate,Secondary / secondary special,Single / not married,House / apartment,-16378,-370,Core staff,1,1,0
5089663,0.0,0,F,N,N,0,99000.0,Commercial associate,Secondary / secondary special,Single / not married,House / apartment,-16378,-370,Core staff,1,1,0
5089664,0.0,C,F,N,N,0,99000.0,Commercial associate,Secondary / secondary special,Single / not married,House / apartment,-16378,-370,Core staff,1,1,0
5089667,0.0,X,M,N,N,0,157500.0,Working,Lower secondary,Married,House / apartment,-14809,-248,Drivers,2,2,0
5089671,0.0,C,M,Y,N,0,180000.0,Working,Secondary / secondary special,Married,House / apartment,-9586,-1070,Laborers,2,2,0
5089673,0.0,C,F,Y,N,2,90000.0,Working,Secondary / secondary special,Married,House / apartment,-13135,-3657,High skill tech staff,4,2,1
5089674,0.0,C,F,Y,N,2,90000.0,Working,Secondary / secondary special,Married,House / apartment,-13135,-3657,High skill tech staff,4,2,1
5089675,0.0,C,F,Y,N,2,90000.0,Working,Secondary / secondary special,Married,House / apartment,-13135,-3657,High skill tech staff,4,2,1
5089676,0.0,C,F,Y,N,2,90000.0,Working,Secondary / secondary special,Married,House / apartment,-13135,-3657,High skill tech staff,4,2,1
5090712,0.0,C,F,Y,N,2,90000.0,Working,Secondary / secondary special,Married,House / apartment,-13135,-3657,High skill tech staff,4,2,1
5090713,0.0,C,F,Y,N,2,90000.0,Working,Secondary / secondary special,Married,House / apartment,-13135,-3657,High skill tech staff,4,2,1
5089683,0.0,C,M,Y,N,0,144000.0,Working,Secondary / secondary special,Married,House / apartment,-14767,-613,Drivers,2,2,0
5090714,0.0,0,M,Y,N,0,144000.0,Working,Secondary / secondary special,Married,House / apartment,-14767,-613,Drivers,2,2,0
5089688,0.0,C,F,N,N,0,67500.0,Working,Secondary / secondary special,Civil marriage,House / apartment,-15563,-309,Cooking staff,2,4,0
5089689,0.0,0,F,N,N,0,67500.0,Working,Secondary / secondary special,Civil marriage,House / apartment,-15563,-309,Cooking staff,2,4,0
5089694,0.0,C,F,N,N,0,67500.0,Working,Secondary / secondary special,Civil marriage,House / apartment,-15563,-309,Cooking staff,2,4,0
5089702,0.0,C,M,N,N,0,157500.0,Commercial associate,Secondary / secondary special,Civil marriage,Municipal apartment,-14697,-2470,Security staff,2,1,0
5089703,0.0,C,M,N,N,0,157500.0,Commercial associate,Secondary / secondary special,Civil marriage,Municipal apartment,-14697,-2470,Security staff,2,1,0
5089707,0.0,X,M,N,N,0,130500.0,Working,Secondary / secondary special,Single / not married,With parents,-11873,-3504,Laborers,1,4,0
5089709,0.0,C,M,N,N,0,130500.0,Working,Secondary / secondary special,Single / not married,With parents,-11873,-3504,Laborers,1,2,0
5089710,0.0,C,M,N,N,0,130500.0,Working,Secondary / secondary special,Single / not married,With parents,-11873,-3504,Laborers,1,2,0
5089722,0.0,0,F,N,N,0,315000.0,Commercial associate,Secondary / secondary special,Separated,House / apartment,-17617,-3262,Private service staff,1,1,2
5089724,0.0,C,F,N,N,0,234000.0,Working,Secondary / secondary special,Widow,House / apartment,-21932,-10232,Laborers,1,2,0
5090719,0.0,C,F,N,N,0,234000.0,Working,Secondary / secondary special,Widow,House / apartment,-21932,-10232,Laborers,1,2,0
5089733,0.0,C,F,Y,N,0,135000.0,Working,Secondary / secondary special,Married,House / apartment,-19010,-6761,Cleaning staff,2,2,0
5089739,0.0,C,F,Y,N,0,135000.0,Working,Secondary / secondary special,Married,House / apartment,-19010,-6761,Cleaning staff,2,2,0
5089741,0.0,C,F,Y,N,0,135000.0,Working,Secondary / secondary special,Married,House / apartment,-19010,-6761,Cleaning staff,2,2,0
5089742,0.0,C,F,Y,N,0,135000.0,Working,Secondary / secondary special,Married,House / apartment,-19010,-6761,Cleaning staff,2,2,0
5089743,0.0,0,F,Y,N,0,135000.0,Working,Secondary / secondary special,Married,House / apartment,-19010,-6761,Cleaning staff,2,4,0
5089748,0.0,X,M,N,N,1,99000.0,Working,Secondary / secondary special,Single / not married,House / apartment,-17876,-5239,Laborers,2,4,0
5089749,0.0,C,M,N,N,1,99000.0,Working,Secondary / secondary special,Single / not married,House / apartment,-17876,-5239,Laborers,2,2,0
5089750,0.0,C,M,N,N,1,99000.0,Working,Secondary / secondary special,Single / not married,House / apartment,-17876,-5239,Laborers,2,2,0
5089751,0.0,C,M,N,N,1,99000.0,Working,Secondary / secondary special,Single / not married,House / apartment,-17876,-5239,Laborers,2,2,0
5089752,0.0,C,M,N,N,1,99000.0,Working,Secondary / secondary special,Single / not married,House / apartment,-17876,-5239,Laborers,2,2,0
5089753,0.0,0,M,N,N,1,99000.0,Working,Secondary / secondary special,Single / not married,House / apartment,-17876,-5239,Laborers,2,4,0
5089754,0.0,C,M,N,N,1,99000.0,Working,Secondary / secondary special,Single / not married,House / apartment,-17876,-5239,Laborers,2,2,0
5089755,0.0,C,F,N,N,0,58500.0,Working,Secondary / secondary special,Married,House / apartment,-13769,-582,Security staff,2,2,0
5089756,0.0,C,F,N,N,0,58500.0,Working,Secondary / secondary special,Married,House / apartment,-13769,-582,Security staff,2,2,0
5089757,0.0,C,F,N,N,0,58500.0,Working,Secondary / secondary special,Married,House / apartment,-13769,-582,Security staff,2,2,0
5089758,0.0,0,F,N,N,0,58500.0,Working,Secondary / secondary special,Married,House / apartment,-13769,-582,Security staff,2,4,0
5089759,0.0,0,F,N,N,0,58500.0,Working,Secondary / secondary special,Married,House / apartment,-13769,-582,Security staff,2,4,0
5089762,0.0,C,M,Y,Y,2,225000.0,Working,Secondary / secondary special,Married,House / apartment,-10796,-2531,Laborers,4,2,1
5089763,0.0,0,M,Y,Y,2,225000.0,Working,Secondary / secondary special,Married,House / apartment,-10796,-2531,Laborers,4,2,1
5089764,0.0,0,M,Y,Y,2,225000.0,Working,Secondary / secondary special,Married,House / apartment,-10796,-2531,Laborers,4,2,1
5089765,0.0,0,M,Y,Y,2,225000.0,Working,Secondary / secondary special,Married,House / apartment,-10796,-2531,Laborers,4,2,1
5089766,0.0,C,M,Y,Y,2,225000.0,Working,Secondary / secondary special,Married,House / apartment,-10796,-2531,Laborers,4,2,1
5089767,0.0,0,M,Y,Y,2,225000.0,Working,Secondary / secondary special,Married,House / apartment,-10796,-2531,Laborers,4,2,1
5089768,0.0,C,M,Y,Y,2,225000.0,Working,Secondary / secondary special,Married,House / apartment,-10796,-2531,Laborers,4,2,1
5089769,0.0,C,M,Y,Y,2,225000.0,Working,Secondary / secondary special,Married,House / apartment,-10796,-2531,Laborers,4,2,1
5089770,0.0,C,M,Y,Y,2,225000.0,Working,Secondary / secondary special,Married,House / apartment,-10796,-2531,Laborers,4,2,1
5089771,0.0,C,M,Y,Y,2,225000.0,Working,Secondary / secondary special,Married,House / apartment,-10796,-2531,Laborers,4,2,1
5089776,0.0,C,M,Y,Y,0,247500.0,Working,Secondary / secondary special,Married,House / apartment,-14567,-7369,Laborers,2,2,0
5089777,0.0,C,M,Y,Y,0,247500.0,Working,Secondary / secondary special,Married,House / apartment,-14567,-7369,Laborers,2,2,0
5089778,0.0,C,M,Y,Y,0,247500.0,Working,Secondary / secondary special,Married,House / apartment,-14567,-7369,Laborers,2,2,0
5089779,0.0,C,M,Y,Y,0,247500.0,Working,Secondary / secondary special,Married,House / apartment,-14567,-7369,Laborers,2,2,0
5089781,0.0,X,M,Y,Y,0,247500.0,Working,Secondary / secondary special,Married,House / apartment,-14567,-7369,Laborers,2,2,0
5089782,0.0,C,M,Y,Y,0,247500.0,Working,Secondary / secondary special,Married,House / apartment,-14567,-7369,Laborers,2,2,0
5089783,0.0,X,M,Y,Y,0,247500.0,Working,Secondary / secondary special,Married,House / apartment,-14567,-7369,Laborers,2,2,0
5089784,0.0,0,M,Y,Y,0,247500.0,Working,Secondary / secondary special,Married,House / apartment,-14567,-7369,Laborers,2,2,0
5089785,0.0,0,M,Y,Y,0,247500.0,Working,Secondary / secondary special,Married,House / apartment,-14567,-7369,Laborers,2,2,0
5089786,0.0,C,F,N,Y,0,112500.0,Working,Secondary / secondary special,Married,With parents,-16047,-1405,Sales staff,2,2,0
5089787,0.0,C,F,N,Y,0,126000.0,Working,Secondary / secondary special,Separated,House / apartment,-21646,-1283,Cleaning staff,1,4,0
5089789,0.0,C,F,N,Y,0,126000.0,Working,Secondary / secondary special,Separated,House / apartment,-21646,-1283,Cleaning staff,1,4,0
5089791,0.0,0,F,N,Y,0,126000.0,Working,Secondary / secondary special,Separated,House / apartment,-21646,-1283,Cleaning staff,1,4,0
5089792,0.0,C,F,N,Y,0,126000.0,Working,Secondary / secondary special,Separated,House / apartment,-21646,-1283,Cleaning staff,1,4,0
5089793,0.0,C,F,N,Y,0,126000.0,Working,Secondary / secondary special,Separated,House / apartment,-21646,-1283,Cleaning staff,1,4,0
5089796,0.0,0,F,N,Y,0,126000.0,Working,Secondary / secondary special,Separated,House / apartment,-21646,-1283,Cleaning staff,1,4,0
5089797,0.0,C,F,N,Y,0,126000.0,Working,Secondary / secondary special,Separated,House / apartment,-21646,-1283,Cleaning staff,1,4,0
5089798,0.0,C,F,N,Y,0,126000.0,Working,Secondary / secondary special,Separated,House / apartment,-21646,-1283,Cleaning staff,1,4,0
5089799,0.0,0,F,N,Y,0,126000.0,Working,Secondary / secondary special,Separated,House / apartment,-21646,-1283,Cleaning staff,1,4,0
5089800,0.0,X,F,N,Y,0,126000.0,Working,Secondary / secondary special,Separated,House / apartment,-21646,-1283,Cleaning staff,1,4,0
5089801,0.0,X,F,N,Y,0,126000.0,Working,Secondary / secondary special,Separated,House / apartment,-21646,-1283,Cleaning staff,1,4,0
5089802,0.0,C,F,N,Y,0,126000.0,Working,Secondary / secondary special,Separated,House / apartment,-21646,-1283,Cleaning staff,1,4,0
5090779,0.0,X,F,N,Y,0,126000.0,Working,Secondary / secondary special,Separated,House / apartment,-21646,-1283,Cleaning staff,1,4,0
5089808,0.0,C,F,N,N,1,202500.0,Working,Secondary / secondary special,Married,House / apartment,-12047,-3443,Managers,3,2,1
5089810,0.0,0,F,N,N,1,202500.0,Working,Secondary / secondary special,Married,House / apartment,-12047,-3443,Managers,3,4,1
5089811,0.0,0,F,N,N,1,202500.0,Working,Secondary / secondary special,Married,House / apartment,-12047,-3443,Managers,3,4,1
5089812,0.0,C,F,N,N,1,202500.0,Working,Secondary / secondary special,Married,House / apartment,-12047,-3443,Managers,3,2,1
5090780,0.0,C,F,N,N,1,202500.0,Working,Secondary / secondary special,Married,House / apartment,-12047,-3443,Managers,3,2,1
5089819,0.0,0,M,Y,Y,1,270000.0,Working,Secondary / secondary special,Married,House / apartment,-12676,-917,Drivers,3,2,1
5089820,0.0,C,F,N,N,1,157500.0,Working,Secondary / secondary special,Single / not married,Municipal apartment,-11194,-1160,Cleaning staff,2,4,0
5089821,0.0,C,F,N,N,1,157500.0,Working,Secondary / secondary special,Single / not married,Municipal apartment,-11194,-1160,Cleaning staff,2,4,0
5089843,0.0,C,F,N,Y,1,225000.0,Commercial associate,Secondary / secondary special,Civil marriage,House / apartment,-16505,-1862,Core staff,3,1,1
5089844,0.0,C,F,N,Y,1,225000.0,Commercial associate,Secondary / secondary special,Civil marriage,House / apartment,-16505,-1862,Core staff,3,1,1
5089845,0.0,C,F,N,Y,1,225000.0,Commercial associate,Secondary / secondary special,Civil marriage,House / apartment,-16505,-1862,Core staff,3,1,1
5089846,0.0,C,F,N,Y,1,225000.0,Commercial associate,Secondary / secondary special,Civil marriage,House / apartment,-16505,-1862,Core staff,3,1,1
5089847,0.0,C,F,N,Y,1,225000.0,Commercial associate,Secondary / secondary special,Civil marriage,House / apartment,-16505,-1862,Core staff,3,1,1
5089848,0.0,0,F,N,Y,1,225000.0,Commercial associate,Secondary / secondary special,Civil marriage,House / apartment,-16505,-1862,Core staff,3,1,1
5089849,0.0,C,F,N,Y,1,225000.0,Commercial associate,Secondary / secondary special,Civil marriage,House / apartment,-16505,-1862,Core staff,3,1,1
5089857,0.0,0,F,Y,N,1,108000.0,Working,Secondary / secondary special,Married,House / apartment,-15732,-95,Sales staff,3,4,1
5089887,0.0,C,F,N,Y,0,157500.0,Working,Higher education,Married,House / apartment,-10662,-1556,Sales staff,2,0,0
5090886,0.0,C,F,N,Y,0,157500.0,Working,Higher education,Married,House / apartment,-10662,-1556,Sales staff,2,0,0
5089888,0.0,C,M,N,Y,0,67500.0,Working,Secondary / secondary special,Single / not married,House / apartment,-17136,-1678,Laborers,1,2,0
5089889,0.0,C,M,N,Y,0,67500.0,Working,Secondary / secondary special,Single / not married,House / apartment,-17136,-1678,Laborers,1,2,0
5089903,0.0,C,M,N,N,0,225000.0,Commercial associate,Secondary / secondary special,Married,House / apartment,-13336,-1436,Low-skill Laborers,2,0,0
5089904,0.0,C,M,N,N,0,225000.0,Commercial associate,Secondary / secondary special,Married,House / apartment,-13336,-1436,Low-skill Laborers,2,0,0
5089905,0.0,C,M,N,N,0,225000.0,Commercial associate,Secondary / secondary special,Married,House / apartment,-13336,-1436,Low-skill Laborers,2,0,0
5089908,0.0,C,M,N,N,0,225000.0,Commercial associate,Secondary / secondary special,Married,House / apartment,-13336,-1436,Low-skill Laborers,2,0,0
5089909,0.0,C,M,N,N,0,225000.0,Commercial associate,Secondary / secondary special,Married,House / apartment,-13336,-1436,Low-skill Laborers,2,0,0
5089910,0.0,C,M,N,N,0,225000.0,Commercial associate,Secondary / secondary special,Married,House / apartment,-13336,-1436,Low-skill Laborers,2,0,0
5089926,0.0,C,M,N,Y,0,180000.0,Working,Secondary / secondary special,Married,House / apartment,-20064,-3627,Managers,2,2,0
5089929,0.0,C,M,Y,N,0,157500.0,Commercial associate,Secondary / secondary special,Married,House / apartment,-19170,-4965,Laborers,2,0,0
5089930,0.0,C,M,Y,N,0,157500.0,Commercial associate,Secondary / secondary special,Married,House / apartment,-19170,-4965,Laborers,2,0,0
5089942,0.0,C,F,Y,Y,0,360000.0,State servant,Higher education,Married,House / apartment,-14498,-6123,Core staff,2,0,2
5089943,0.0,C,F,Y,Y,0,360000.0,State servant,Higher education,Married,House / apartment,-14498,-6123,Core staff,2,0,2
5089945,0.0,C,F,Y,Y,0,360000.0,State servant,Higher education,Married,House / apartment,-14498,-6123,Core staff,2,0,2
5089946,0.0,C,F,Y,Y,0,360000.0,State servant,Higher education,Married,House / apartment,-14498,-6123,Core staff,2,0,2
5089947,0.0,C,F,Y,Y,0,360000.0,State servant,Higher education,Married,House / apartment,-14498,-6123,Core staff,2,0,2
5090680,0.0,0,F,Y,Y,0,360000.0,State servant,Higher education,Married,House / apartment,-14498,-6123,Core staff,2,3,2
5089948,0.0,0,F,N,Y,0,202500.0,Working,Secondary / secondary special,Widow,House / apartment,-18640,-1100,Sales staff,1,4,0
5089961,0.0,X,M,Y,Y,3,450000.0,Working,Secondary / secondary special,Civil marriage,House / apartment,-17296,-3078,Managers,5,2,1
5089962,0.0,C,M,Y,Y,3,450000.0,Working,Secondary / secondary special,Civil marriage,House / apartment,-17296,-3078,Managers,5,2,1
5089963,0.0,X,M,Y,Y,3,450000.0,Working,Secondary / secondary special,Civil marriage,House / apartment,-17296,-3078,Managers,5,2,1
5089965,0.0,0,M,Y,Y,3,450000.0,Working,Secondary / secondary special,Civil marriage,House / apartment,-17296,-3078,Managers,5,4,1
5089967,0.0,0,M,N,N,0,135000.0,Working,Secondary / secondary special,Single / not married,House / apartment,-9167,-947,Cooking staff,1,4,0
5089968,0.0,C,M,N,N,0,135000.0,Working,Secondary / secondary special,Single / not married,House / apartment,-9167,-947,Cooking staff,1,2,0
5089969,0.0,X,M,N,N,0,135000.0,Working,Secondary / secondary special,Single / not married,House / apartment,-9167,-947,Cooking staff,1,4,0
5089970,0.0,0,M,N,N,0,135000.0,Working,Secondary / secondary special,Single / not married,House / apartment,-9167,-947,Cooking staff,1,4,0
5089971,0.0,0,M,N,N,0,135000.0,Working,Secondary / secondary special,Single / not married,House / apartment,-9167,-947,Cooking staff,1,4,0
5089972,0.0,C,M,N,N,0,135000.0,Working,Secondary / secondary special,Single / not married,House / apartment,-9167,-947,Cooking staff,1,2,0
5089973,0.0,C,M,N,N,0,135000.0,Working,Secondary / secondary special,Single / not married,House / apartment,-9167,-947,Cooking staff,1,2,0
5089978,0.0,C,M,N,Y,0,90000.0,Working,Secondary / secondary special,Married,House / apartment,-22009,-11083,Laborers,2,2,0
5089979,0.0,C,M,N,Y,0,90000.0,Working,Secondary / secondary special,Married,House / apartment,-22009,-11083,Laborers,2,2,0
5090014,0.0,0,M,Y,Y,0,225000.0,Working,Incomplete higher,Married,House / apartment,-12048,-1587,Laborers,2,2,0
5090016,0.0,C,M,Y,Y,0,225000.0,Working,Incomplete higher,Married,House / apartment,-12048,-1587,Laborers,2,2,0
5090744,0.0,0,M,Y,Y,0,225000.0,Working,Incomplete higher,Married,House / apartment,-12048,-1587,Laborers,2,2,0
5090018,0.0,C,F,N,Y,0,126000.0,Working,Higher education,Married,House / apartment,-10075,-460,Core staff,2,0,0
5090020,0.0,C,F,N,Y,0,126000.0,Working,Higher education,Married,House / apartment,-10075,-460,Core staff,2,0,0
5090021,0.0,C,F,N,Y,0,126000.0,Working,Higher education,Married,House / apartment,-10075,-460,Core staff,2,0,0
5090023,0.0,C,F,N,Y,0,126000.0,Working,Higher education,Married,House / apartment,-10075,-460,Core staff,2,0,0
5090024,0.0,C,F,N,Y,0,126000.0,Working,Higher education,Married,House / apartment,-10075,-460,Core staff,2,0,0
5090026,0.0,C,F,N,Y,0,126000.0,Working,Higher education,Married,House / apartment,-10075,-460,Core staff,2,0,0
5090030,0.0,0,M,N,Y,0,157500.0,Working,Secondary / secondary special,Married,House / apartment,-12955,-917,Laborers,2,4,0
5090031,0.0,C,M,N,Y,0,157500.0,Working,Secondary / secondary special,Married,House / apartment,-12955,-917,Laborers,2,2,0
5090032,0.0,0,F,N,Y,1,157500.0,Working,Secondary / secondary special,Civil marriage,House / apartment,-16356,-1648,Sales staff,3,4,1
5090039,0.0,0,M,N,N,1,225000.0,Working,Higher education,Married,House / apartment,-13747,-6273,Core staff,3,1,1
5090042,0.0,C,M,N,N,1,225000.0,Working,Higher education,Married,House / apartment,-13747,-6273,Core staff,3,0,1
5090044,0.0,C,M,N,N,1,225000.0,Working,Higher education,Married,House / apartment,-13747,-6273,Core staff,3,0,1
5090046,0.0,C,M,N,N,1,225000.0,Working,Higher education,Married,House / apartment,-13747,-6273,Core staff,3,0,1
5090050,0.0,0,F,N,Y,0,69372.0,Working,Secondary / secondary special,Married,House / apartment,-15887,-217,Laborers,2,4,0
5090052,0.0,0,M,Y,Y,0,270000.0,Commercial associate,Higher education,Married,House / apartment,-21244,-1770,Managers,2,3,2
5090799,0.0,X,M,Y,Y,0,270000.0,Commercial associate,Higher education,Married,House / apartment,-21244,-1770,Managers,2,3,2
5090055,0.0,0,F,N,Y,0,112500.0,Working,Secondary / secondary special,Married,House / apartment,-18575,-4113,Accountants,2,4,0
5090056,0.0,C,F,N,Y,0,112500.0,Working,Secondary / secondary special,Married,House / apartment,-18575,-4113,Accountants,2,2,0
5090057,0.0,C,F,N,Y,0,112500.0,Working,Secondary / secondary special,Married,House / apartment,-18575,-4113,Accountants,2,2,0
5090058,0.0,C,F,N,Y,0,112500.0,Working,Secondary / secondary special,Married,House / apartment,-18575,-4113,Accountants,2,2,0
5090059,0.0,X,F,N,Y,0,112500.0,Working,Secondary / secondary special,Married,House / apartment,-18575,-4113,Accountants,2,4,0
5090060,0.0,C,F,N,Y,0,112500.0,Working,Secondary / secondary special,Married,House / apartment,-18575,-4113,Accountants,2,2,0
5090061,0.0,C,F,N,Y,0,112500.0,Working,Secondary / secondary special,Married,House / apartment,-18575,-4113,Accountants,2,2,0
5090062,0.0,0,F,N,Y,0,112500.0,Working,Secondary / secondary special,Married,House / apartment,-18575,-4113,Accountants,2,4,0
5090063,0.0,0,F,N,Y,0,112500.0,Working,Secondary / secondary special,Married,House / apartment,-18575,-4113,Accountants,2,4,0
5090064,0.0,C,F,N,Y,0,112500.0,Working,Secondary / secondary special,Married,House / apartment,-18575,-4113,Accountants,2,2,0
5090065,0.0,C,F,N,Y,0,112500.0,Working,Secondary / secondary special,Married,House / apartment,-18575,-4113,Accountants,2,2,0
5090066,0.0,0,F,N,Y,0,112500.0,Working,Secondary / secondary special,Married,House / apartment,-18575,-4113,Accountants,2,4,0
5090067,0.0,C,F,N,Y,0,112500.0,Working,Secondary / secondary special,Married,House / apartment,-18575,-4113,Accountants,2,2,0
5090070,0.0,C,F,Y,Y,1,157500.0,Working,Secondary / secondary special,Civil marriage,House / apartment,-15851,-2317,Managers,3,2,1
5090071,0.0,0,F,N,Y,0,130500.0,Working,Secondary / secondary special,Widow,House / apartment,-18245,-3292,Security staff,1,4,0
5090073,0.0,0,F,N,Y,0,130500.0,Working,Secondary / secondary special,Widow,House / apartment,-18245,-3292,Security staff,1,4,0
5090074,0.0,C,F,N,Y,0,202500.0,Commercial associate,Higher education,Widow,House / apartment,-16588,-4635,Accountants,1,3,0
5090078,0.0,0,F,N,Y,0,180000.0,State servant,Higher education,Separated,House / apartment,-20376,-4420,Core staff,1,3,0
5090083,0.0,C,F,N,N,0,135000.0,Commercial associate,Secondary / secondary special,Single / not married,House / apartment,-16179,-3109,Laborers,1,1,0
5090089,0.0,0,F,N,Y,1,134995.5,Working,Secondary / secondary special,Civil marriage,House / apartment,-12813,-1897,Laborers,3,4,1
5090092,0.0,1,F,Y,Y,1,103500.0,Working,Secondary / secondary special,Separated,House / apartment,-10445,-680,Laborers,2,1,0
5090098,0.0,X,M,Y,Y,0,256500.0,Working,Higher education,Single / not married,House / apartment,-9785,-1345,High skill tech staff,1,0,0
5090099,0.0,C,M,Y,Y,1,225000.0,Working,Higher education,Separated,House / apartment,-16794,-3325,Managers,2,0,0
5090102,0.0,C,M,Y,Y,0,179100.0,Commercial associate,Secondary / secondary special,Married,Office apartment,-16257,-856,Drivers,2,0,0
5090103,0.0,C,M,Y,Y,0,179100.0,Commercial associate,Secondary / secondary special,Married,Office apartment,-16257,-856,Drivers,2,0,0
5090105,0.0,0,M,Y,Y,0,211500.0,Commercial associate,Secondary / secondary special,Married,House / apartment,-21484,-1709,Laborers,2,1,0
5090108,0.0,C,F,N,Y,0,252000.0,Commercial associate,Secondary / secondary special,Married,House / apartment,-20847,-1444,Managers,2,1,0
5090109,0.0,C,M,N,Y,0,180000.0,Working,Secondary / secondary special,Married,House / apartment,-18591,-10909,Laborers,2,2,0
5090118,0.0,0,M,N,Y,0,270000.0,Commercial associate,Secondary / secondary special,Married,House / apartment,-14213,-587,Laborers,2,1,0
5090121,0.0,X,F,N,Y,2,315000.0,State servant,Secondary / secondary special,Separated,Municipal apartment,-12134,-192,Laborers,3,4,1
5090124,0.0,0,F,N,Y,0,180000.0,Working,Higher education,Married,House / apartment,-15564,-1713,Core staff,2,1,0
5090133,0.0,X,F,Y,Y,1,292500.0,Commercial associate,Secondary / secondary special,Married,House / apartment,-13690,-133,Medicine staff,3,1,1
5090134,0.0,C,F,Y,Y,0,256500.0,State servant,Higher education,Married,House / apartment,-14212,-3330,Managers,2,0,2
5090136,0.0,C,F,N,Y,0,67500.0,Commercial associate,Secondary / secondary special,Single / not married,House / apartment,-13474,-3024,Sales staff,1,1,0
5090137,0.0,0,F,N,Y,1,337500.0,Working,Secondary / secondary special,Married,House / apartment,-12790,-3329,Core staff,3,4,2
5113793,0.0,X,F,N,Y,1,337500.0,Working,Secondary / secondary special,Married,House / apartment,-12790,-3329,Core staff,3,4,2
5113800,0.0,X,F,N,Y,1,337500.0,Working,Secondary / secondary special,Married,House / apartment,-12790,-3329,Core staff,3,4,2
5113803,0.0,C,F,N,Y,1,337500.0,Working,Secondary / secondary special,Married,House / apartment,-12790,-3329,Core staff,3,2,2
5113804,0.0,C,F,N,Y,1,337500.0,Working,Secondary / secondary special,Married,House / apartment,-12790,-3329,Core staff,3,2,2
5113807,0.0,0,F,N,Y,1,337500.0,Working,Secondary / secondary special,Married,House / apartment,-12790,-3329,Core staff,3,4,2
5113808,0.0,0,F,N,Y,1,337500.0,Working,Secondary / secondary special,Married,House / apartment,-12790,-3329,Core staff,3,4,2
5113810,0.0,C,F,N,Y,1,337500.0,Working,Secondary / secondary special,Married,House / apartment,-12790,-3329,Core staff,3,2,2
5113811,0.0,X,F,N,Y,1,337500.0,Working,Secondary / secondary special,Married,House / apartment,-12790,-3329,Core staff,3,4,2
5090140,0.0,C,F,Y,N,0,157500.0,Working,Secondary / secondary special,Civil marriage,House / apartment,-18458,-2657,Sales staff,2,2,0
5090141,0.0,X,F,N,N,0,135000.0,Working,Secondary / secondary special,Civil marriage,With parents,-9918,-1257,Core staff,2,4,0
5090142,0.0,C,M,N,N,0,99000.0,Working,Secondary / secondary special,Married,House / apartment,-10713,-1530,Sales staff,2,2,0
5090147,0.0,C,F,N,Y,0,135000.0,Working,Secondary / secondary special,Married,House / apartment,-14128,-374,Laborers,2,2,0
5090158,0.0,X,M,Y,Y,1,360000.0,Working,Secondary / secondary special,Civil marriage,House / apartment,-14159,-2752,Laborers,3,2,2
5113860,0.0,C,M,N,N,0,135000.0,Working,Secondary / secondary special,Married,House / apartment,-10368,-1259,High skill tech staff,2,2,0
5113861,0.0,C,M,N,N,0,135000.0,Working,Secondary / secondary special,Married,House / apartment,-10368,-1259,High skill tech staff,2,2,0
5113862,0.0,C,M,N,N,0,135000.0,Working,Secondary / secondary special,Married,House / apartment,-10368,-1259,High skill tech staff,2,2,0
5113864,0.0,0,M,N,N,0,135000.0,Working,Secondary / secondary special,Married,House / apartment,-10368,-1259,High skill tech staff,2,4,0
5113865,0.0,C,M,N,N,0,135000.0,Working,Secondary / secondary special,Married,House / apartment,-10368,-1259,High skill tech staff,2,2,0
5090162,0.0,C,F,Y,N,0,135000.0,Working,Secondary / secondary special,Married,House / apartment,-12415,-3695,Managers,2,2,0
5114023,0.0,0,F,Y,N,0,135000.0,Working,Secondary / secondary special,Married,House / apartment,-12415,-3695,Managers,2,4,0
5114024,0.0,C,F,Y,N,0,135000.0,Working,Secondary / secondary special,Married,House / apartment,-12415,-3695,Managers,2,2,0
5114025,0.0,0,F,Y,N,0,135000.0,Working,Secondary / secondary special,Married,House / apartment,-12415,-3695,Managers,2,4,0
5114129,0.0,C,F,N,N,0,135000.0,State servant,Secondary / secondary special,Married,House / apartment,-20875,-3785,High skill tech staff,2,1,0
5114130,0.0,C,F,N,N,0,135000.0,State servant,Secondary / secondary special,Married,House / apartment,-20875,-3785,High skill tech staff,2,1,0
5114131,0.0,C,F,N,N,0,135000.0,State servant,Secondary / secondary special,Married,House / apartment,-20875,-3785,High skill tech staff,2,1,0
5114132,0.0,0,F,N,N,0,135000.0,State servant,Secondary / secondary special,Married,House / apartment,-20875,-3785,High skill tech staff,2,1,0
5114134,0.0,C,F,N,N,0,135000.0,State servant,Secondary / secondary special,Married,House / apartment,-20875,-3785,High skill tech staff,2,1,0
5114135,0.0,0,F,N,N,0,135000.0,State servant,Secondary / secondary special,Married,House / apartment,-20875,-3785,High skill tech staff,2,1,0
5114137,0.0,C,F,N,N,0,135000.0,State servant,Secondary / secondary special,Married,House / apartment,-20875,-3785,High skill tech staff,2,1,0
5090164,0.0,X,F,N,Y,0,112500.0,Working,Secondary / secondary special,Married,House / apartment,-18783,-375,Sales staff,2,4,0
5090167,0.0,C,F,N,Y,1,225000.0,Working,Higher education,Single / not married,House / apartment,-10934,-464,Sales staff,2,0,0
5090173,0.0,C,F,N,Y,0,333000.0,Working,Secondary / secondary special,Civil marriage,House / apartment,-19476,-461,Core staff,2,4,2
5090178,0.0,0,F,Y,Y,0,112500.0,Working,Secondary / secondary special,Married,House / apartment,-14602,-705,Sales staff,2,4,0
5090179,0.0,C,M,Y,Y,0,378000.0,Commercial associate,Secondary / secondary special,Separated,House / apartment,-18570,-2805,Managers,1,0,2
5090180,0.0,C,M,Y,Y,0,378000.0,Commercial associate,Secondary / secondary special,Separated,House / apartment,-18570,-2805,Managers,1,0,2
5090181,0.0,C,F,N,Y,0,360000.0,Working,Secondary / secondary special,Widow,House / apartment,-20452,-7310,Sales staff,1,4,2
5090188,0.0,0,F,N,N,1,157500.0,Working,Secondary / secondary special,Separated,House / apartment,-12356,-1351,Medicine staff,2,4,0
5090189,0.0,C,F,N,Y,0,193500.0,Working,Higher education,Married,House / apartment,-23700,-712,Core staff,2,0,0
5090195,0.0,C,M,Y,N,0,90000.0,Working,Secondary / secondary special,Single / not married,With parents,-10198,-560,Drivers,1,2,0
5090196,0.0,C,M,Y,Y,0,135000.0,Working,Secondary / secondary special,Married,House / apartment,-21576,-954,Drivers,2,2,0
5090197,0.0,C,F,N,Y,0,112500.0,Working,Higher education,Married,House / apartment,-10664,-954,Core staff,2,0,0
5090200,0.0,X,F,N,N,0,157500.0,State servant,Higher education,Married,House / apartment,-11588,-801,Core staff,2,3,0
5114402,0.0,X,F,N,N,0,157500.0,State servant,Higher education,Married,House / apartment,-11588,-801,Core staff,2,3,0
5114404,0.0,0,F,N,N,0,157500.0,State servant,Higher education,Married,House / apartment,-11588,-801,Core staff,2,3,0
5114407,0.0,0,F,N,N,0,157500.0,State servant,Higher education,Married,House / apartment,-11588,-801,Core staff,2,3,0
5114408,0.0,X,F,N,N,0,157500.0,State servant,Higher education,Married,House / apartment,-11588,-801,Core staff,2,3,0
5114410,0.0,0,F,N,N,0,157500.0,State servant,Higher education,Married,House / apartment,-11588,-801,Core staff,2,3,0
5114411,0.0,C,F,N,N,0,157500.0,State servant,Higher education,Married,House / apartment,-11588,-801,Core staff,2,3,0
5090203,0.0,C,M,N,Y,1,119250.0,Commercial associate,Secondary / secondary special,Married,House / apartment,-9373,-284,Laborers,3,2,1
5090205,0.0,C,F,N,Y,0,135000.0,Commercial associate,Secondary / secondary special,Married,House / apartment,-16671,-99,Cooking staff,2,1,0
5090206,0.0,C,F,N,Y,1,238500.0,Working,Secondary / secondary special,Married,House / apartment,-12320,-3720,Core staff,3,2,1
5090216,0.0,C,M,Y,Y,0,135000.0,Working,Secondary / secondary special,Married,House / apartment,-10712,-217,Laborers,2,2,0
5090217,0.0,X,F,Y,Y,0,810000.0,Commercial associate,Incomplete higher,Married,House / apartment,-15375,-6518,Managers,2,3,2
5090220,0.0,0,F,N,N,0,202500.0,Commercial associate,Secondary / secondary special,Married,House / apartment,-17732,-2378,Laborers,2,1,0
5090224,0.0,C,F,N,N,0,112500.0,Working,Secondary / secondary special,Married,House / apartment,-11409,-2439,Low-skill Laborers,2,2,0
5090225,0.0,C,M,Y,N,0,135000.0,Working,Secondary / secondary special,Single / not married,Rented apartment,-10543,-802,Managers,1,2,0
5090226,0.0,0,F,Y,Y,1,90000.0,Working,Secondary / secondary special,Married,House / apartment,-12269,-1199,Cooking staff,3,4,1
5090227,0.0,0,F,N,Y,0,157500.0,Working,Higher education,Married,House / apartment,-10671,-1747,Realty agents,2,1,0
5090229,0.0,0,F,N,N,0,135000.0,Commercial associate,Secondary / secondary special,Married,House / apartment,-11072,-864,Laborers,2,1,0
5090232,0.0,C,F,N,Y,0,135000.0,Working,Secondary / secondary special,Widow,House / apartment,-21977,-9447,High skill tech staff,1,4,0
5090237,0.0,0,F,Y,Y,0,157500.0,Working,Higher education,Married,House / apartment,-22799,-5547,Managers,2,3,0
5090249,0.0,0,M,Y,Y,0,315000.0,Commercial associate,Higher education,Married,House / apartment,-14606,-3778,Managers,2,3,2
5090250,0.0,C,M,Y,Y,0,315000.0,Commercial associate,Higher education,Married,House / apartment,-14606,-3778,Managers,2,0,2
5090251,0.0,X,M,Y,Y,0,315000.0,Commercial associate,Higher education,Married,House / apartment,-14606,-3778,Managers,2,3,2
5090253,0.0,0,F,N,N,0,135000.0,Working,Secondary / secondary special,Married,House / apartment,-12133,-3017,Core staff,2,4,0
5090255,0.0,0,M,Y,Y,0,180000.0,Working,Secondary / secondary special,Married,House / apartment,-20107,-8040,Laborers,2,2,0
5090257,0.0,C,M,Y,Y,0,157500.0,Commercial associate,Secondary / secondary special,Married,House / apartment,-12084,-2774,Laborers,2,0,0
5090260,0.0,X,F,Y,Y,1,630000.0,Working,Higher education,Married,House / apartment,-18909,-6549,Sales staff,3,0,2
5090263,0.0,C,F,N,Y,0,81000.0,Working,Secondary / secondary special,Civil marriage,House / apartment,-17896,-4996,Laborers,2,2,0
5090265,0.0,C,F,Y,N,0,135000.0,Commercial associate,Higher education,Married,House / apartment,-19824,-12278,Core staff,2,3,0
5090270,0.0,0,M,Y,Y,2,157500.0,Commercial associate,Secondary / secondary special,Married,House / apartment,-10634,-102,IT staff,4,1,1
5114568,0.0,C,M,Y,Y,2,157500.0,Commercial associate,Secondary / secondary special,Married,House / apartment,-10634,-102,IT staff,4,0,1
5114569,0.0,C,M,Y,Y,2,157500.0,Commercial associate,Secondary / secondary special,Married,House / apartment,-10634,-102,IT staff,4,0,1
5114570,0.0,C,M,Y,Y,2,157500.0,Commercial associate,Secondary / secondary special,Married,House / apartment,-10634,-102,IT staff,4,0,1
5114573,0.0,X,M,Y,Y,2,157500.0,Commercial associate,Secondary / secondary special,Married,House / apartment,-10634,-102,IT staff,4,1,1
5090273,0.0,C,M,Y,Y,1,112500.0,Commercial associate,Secondary / secondary special,Married,House / apartment,-15541,-3263,Laborers,3,0,1
5113176,0.0,0,F,Y,Y,1,292500.0,Working,Secondary / secondary special,Married,House / apartment,-12740,-3504,Core staff,3,4,1
5090276,0.0,C,F,N,N,1,81000.0,State servant,Higher education,Married,With parents,-11707,-2317,Core staff,3,3,1
5113195,0.0,C,F,N,N,1,81000.0,State servant,Higher education,Married,With parents,-11707,-2317,Core staff,3,3,1
5113196,0.0,X,F,N,N,1,81000.0,State servant,Higher education,Married,With parents,-11707,-2317,Core staff,3,3,1
5090278,0.0,C,F,N,Y,1,193500.0,State servant,Higher education,Civil marriage,House / apartment,-12875,-1009,Managers,3,3,1
5090287,0.0,C,M,Y,N,2,450000.0,Commercial associate,Secondary / secondary special,Married,House / apartment,-16479,-4082,Laborers,4,0,2
5090292,0.0,C,F,N,Y,0,202500.0,Working,Secondary / secondary special,Married,House / apartment,-15541,-886,Sales staff,2,2,0
5090293,0.0,C,F,N,Y,0,202500.0,Working,Secondary / secondary special,Married,House / apartment,-15541,-886,Sales staff,2,2,0
5090301,0.0,C,M,N,Y,0,90000.0,Commercial associate,Secondary / secondary special,Married,House / apartment,-10877,-766,Laborers,2,2,0
5090308,0.0,0,F,N,Y,0,180000.0,Commercial associate,Higher education,Single / not married,House / apartment,-17945,-1683,HR staff,1,3,0
5090313,0.0,C,F,N,Y,0,202500.0,Working,Secondary / secondary special,Married,House / apartment,-13983,-2841,Laborers,2,2,0
5090316,0.0,C,F,N,Y,0,427500.0,Working,Higher education,Married,House / apartment,-19889,-3600,Managers,2,0,2
5090317,0.0,C,F,Y,N,0,675000.0,Working,Secondary / secondary special,Married,House / apartment,-16678,-7192,Managers,2,2,2
5090318,0.0,C,M,N,Y,0,180000.0,Working,Secondary / secondary special,Married,House / apartment,-23285,-5424,Laborers,2,2,0
5090338,0.0,C,M,Y,Y,0,180000.0,Commercial associate,Secondary / secondary special,Civil marriage,Rented apartment,-9952,-1801,Drivers,2,0,0
5090340,0.0,0,F,Y,Y,0,135000.0,Working,Secondary / secondary special,Married,House / apartment,-14196,-5247,Private service staff,2,4,0
5090342,0.0,0,F,N,Y,0,202500.0,Commercial associate,Higher education,Married,House / apartment,-17635,-5642,Managers,2,3,0
5090345,0.0,X,F,N,Y,0,270000.0,Working,Secondary / secondary special,Married,House / apartment,-20027,-954,Laborers,2,4,0
5090347,0.0,C,F,N,N,0,67500.0,Working,Secondary / secondary special,Widow,House / apartment,-19364,-2539,Cooking staff,1,4,0
5114642,0.0,C,F,Y,N,0,247500.0,Working,Secondary / secondary special,Separated,House / apartment,-13546,-2142,Laborers,1,2,0
5114644,0.0,0,F,Y,N,0,247500.0,Working,Secondary / secondary special,Separated,House / apartment,-13546,-2142,Laborers,1,4,0
5090350,0.0,0,M,N,Y,0,112500.0,Working,Secondary / secondary special,Married,House / apartment,-19087,-6128,Laborers,2,4,0
5090351,0.0,C,M,N,Y,0,112500.0,Working,Secondary / secondary special,Married,House / apartment,-19087,-6128,Laborers,2,2,0
5090353,0.0,0,F,N,Y,0,225000.0,Working,Higher education,Married,House / apartment,-11788,-1074,Managers,2,1,0
5090356,0.0,1,F,Y,Y,0,135000.0,Commercial associate,Secondary / secondary special,Married,House / apartment,-11914,-1314,Managers,2,1,0
5090361,0.0,C,F,N,N,0,135000.0,Working,Secondary / secondary special,Married,House / apartment,-9519,-521,Laborers,2,2,0
5090363,0.0,C,F,N,Y,0,67500.0,Working,Higher education,Married,House / apartment,-12136,-1252,Sales staff,2,0,0
5090365,0.0,C,F,Y,Y,0,157500.0,State servant,Higher education,Married,House / apartment,-15037,-2105,Managers,2,0,0
5090369,0.0,0,F,N,Y,0,225000.0,Working,Secondary / secondary special,Civil marriage,House / apartment,-13480,-5300,Medicine staff,2,4,0
5090373,0.0,0,F,Y,Y,2,270000.0,State servant,Higher education,Married,House / apartment,-17610,-947,Cleaning staff,4,3,1
5090374,0.0,C,F,Y,Y,2,270000.0,State servant,Higher education,Married,House / apartment,-17610,-947,Cleaning staff,4,0,1
5090375,0.0,C,F,N,N,2,112500.0,State servant,Higher education,Married,House / apartment,-11604,-2721,Core staff,4,3,1
5090383,0.0,C,F,Y,Y,0,180000.0,Commercial associate,Secondary / secondary special,Married,House / apartment,-15421,-1198,Laborers,2,0,0
5090388,0.0,X,F,N,Y,0,162000.0,Commercial associate,Secondary / secondary special,Married,House / apartment,-18875,-2778,Waiters/barmen staff,2,1,0
5090389,0.0,0,F,N,Y,2,175500.0,Commercial associate,Higher education,Married,House / apartment,-16973,-1135,Sales staff,4,3,1
5090390,0.0,C,M,Y,Y,0,180000.0,Working,Higher education,Civil marriage,House / apartment,-11818,-3233,Drivers,2,0,0
5090396,0.0,C,F,N,Y,0,112500.0,State servant,Higher education,Married,House / apartment,-13836,-3747,Core staff,2,3,0
5113125,0.0,X,F,N,Y,0,112500.0,State servant,Higher education,Married,House / apartment,-13836,-3747,Core staff,2,3,0
5113126,0.0,0,F,N,Y,0,112500.0,State servant,Higher education,Married,House / apartment,-13836,-3747,Core staff,2,3,0
5090400,0.0,C,F,N,N,0,36000.0,Working,Secondary / secondary special,Married,With parents,-14500,-459,Core staff,2,2,0
5090404,0.0,X,F,Y,N,0,382500.0,Commercial associate,Higher education,Single / not married,House / apartment,-15297,-885,Managers,1,3,2
5090405,0.0,C,F,Y,N,0,382500.0,Commercial associate,Higher education,Single / not married,House / apartment,-15297,-885,Managers,1,3,2
5090407,0.0,0,F,Y,N,1,315000.0,Working,Higher education,Married,House / apartment,-14356,-1069,Sales staff,3,1,2
5090408,0.0,X,F,N,N,0,90000.0,Working,Secondary / secondary special,Married,House / apartment,-14964,-1524,Laborers,2,4,0
5090413,0.0,C,F,N,N,0,99000.0,Working,Secondary / secondary special,Married,House / apartment,-10403,-2195,Laborers,2,2,0
5090419,0.0,0,F,N,N,0,180000.0,Working,Higher education,Married,House / apartment,-15618,-2499,Security staff,2,1,0
5090424,0.0,C,F,N,Y,0,189000.0,Working,Secondary / secondary special,Single / not married,House / apartment,-17463,-6304,Laborers,1,4,0
5090426,0.0,C,F,N,Y,0,180000.0,Working,Secondary / secondary special,Civil marriage,House / apartment,-11995,-217,Laborers,2,2,0
5090427,0.0,C,F,N,Y,0,252000.0,Commercial associate,Secondary / secondary special,Single / not married,House / apartment,-18901,-1375,Laborers,1,1,0
5090428,0.0,X,F,Y,N,3,450000.0,Commercial associate,Higher education,Married,Municipal apartment,-13820,-1799,Core staff,5,3,1
5090432,0.0,X,F,N,N,0,148500.0,Working,Secondary / secondary special,Widow,Municipal apartment,-23398,-2905,Cleaning staff,1,4,0
5090437,0.0,C,F,N,N,0,112500.0,Working,Secondary / secondary special,Married,Municipal apartment,-21761,-6131,Medicine staff,2,2,0
5090438,0.0,C,M,Y,N,3,337500.0,Working,Secondary / secondary special,Married,House / apartment,-10853,-1078,Core staff,5,2,1
5090442,0.0,0,M,N,Y,0,90000.0,Working,Secondary / secondary special,Married,House / apartment,-18972,-3083,Security staff,2,4,0
5090444,0.0,C,M,Y,Y,0,270000.0,Working,Secondary / secondary special,Married,House / apartment,-20284,-557,Security staff,2,2,2
5090447,0.0,C,M,N,Y,0,427500.0,Commercial associate,Higher education,Single / not married,House / apartment,-15798,-4117,Laborers,1,3,2
5090449,0.0,0,M,N,Y,0,180000.0,Working,Secondary / secondary special,Civil marriage,House / apartment,-13487,-1071,Laborers,2,4,0
5090450,0.0,X,F,N,N,0,171000.0,Working,Secondary / secondary special,Married,House / apartment,-19028,-3172,Cooking staff,2,4,0
5090454,0.0,C,M,Y,N,0,180000.0,Commercial associate,Secondary / secondary special,Married,House / apartment,-18938,-3141,Managers,2,0,0
5090457,0.0,0,M,N,N,3,315000.0,Working,Higher education,Married,House / apartment,-14978,-3019,Managers,5,1,1
5090458,0.0,C,M,Y,N,2,121500.0,Working,Secondary / secondary special,Married,House / apartment,-15745,-858,Drivers,4,2,1
5090461,0.0,C,F,N,N,0,126000.0,Commercial associate,Secondary / secondary special,Married,House / apartment,-16708,-5760,Managers,2,1,0
5090462,0.0,C,F,N,N,0,126000.0,Commercial associate,Secondary / secondary special,Married,House / apartment,-16708,-5760,Managers,2,1,0
5090464,0.0,0,F,N,N,0,126000.0,Commercial associate,Secondary / secondary special,Married,House / apartment,-16708,-5760,Managers,2,1,0
5090466,0.0,0,M,N,N,2,135000.0,Commercial associate,Secondary / secondary special,Separated,With parents,-12682,-705,Laborers,3,1,1
5090468,0.0,0,M,N,N,0,180000.0,State servant,Higher education,Married,Municipal apartment,-20285,-766,Managers,2,3,0
5113197,0.0,C,M,N,N,0,180000.0,State servant,Higher education,Married,Municipal apartment,-20285,-766,Managers,2,0,0
5090470,0.0,C,M,N,Y,1,900000.0,Working,Secondary / secondary special,Married,House / apartment,-15380,-4509,Laborers,3,2,2
5090473,0.0,0,M,Y,N,2,225000.0,Working,Secondary / secondary special,Married,House / apartment,-12293,-3596,Managers,4,2,1
5090474,0.0,X,F,N,Y,0,180000.0,Working,Higher education,Married,House / apartment,-21581,-10353,Core staff,2,1,0
5090476,0.0,C,M,Y,N,0,81000.0,State servant,Secondary / secondary special,Single / not married,Municipal apartment,-10574,-126,Drivers,1,2,0
5090477,0.0,C,M,Y,N,0,81000.0,State servant,Secondary / secondary special,Single / not married,Municipal apartment,-10574,-126,Drivers,1,2,0
5090479,0.0,C,F,N,Y,0,94500.0,Working,Secondary / secondary special,Married,House / apartment,-16161,-2897,Laborers,2,2,0
5090480,0.0,X,F,N,Y,0,94500.0,Working,Secondary / secondary special,Married,House / apartment,-16161,-2897,Laborers,2,4,0
5090485,0.0,X,F,Y,N,0,225000.0,Commercial associate,Secondary / secondary special,Civil marriage,House / apartment,-11621,-1229,Laborers,2,1,0
5090486,0.0,C,F,N,Y,0,315000.0,Commercial associate,Secondary / secondary special,Married,House / apartment,-19453,-1959,Laborers,2,1,2
5090488,0.0,0,F,Y,Y,0,148500.0,Working,Secondary / secondary special,Married,House / apartment,-20662,-5034,Laborers,2,4,0
5090489,0.0,C,F,Y,Y,0,148500.0,Working,Secondary / secondary special,Married,House / apartment,-20662,-5034,Laborers,2,2,0
5090492,0.0,C,M,Y,Y,2,225000.0,Working,Secondary / secondary special,Married,House / apartment,-12030,-1409,Laborers,4,2,1
5090501,0.0,X,F,N,Y,0,112500.0,Working,Secondary / secondary special,Married,House / apartment,-18199,-2561,Laborers,2,4,0
5090506,0.0,C,M,N,Y,0,315000.0,State servant,Secondary / secondary special,Single / not married,Rented apartment,-12051,-2286,Core staff,1,1,2
5090507,0.0,X,F,Y,Y,0,99000.0,Working,Higher education,Married,House / apartment,-16107,-8283,Laborers,2,0,0
5090509,0.0,0,M,Y,Y,0,225000.0,Commercial associate,Higher education,Married,House / apartment,-10791,-156,Managers,2,3,0
5090510,0.0,C,M,N,Y,0,207000.0,Working,Secondary / secondary special,Married,House / apartment,-15770,-947,Drivers,2,2,0
5090511,0.0,0,M,N,Y,0,207000.0,Working,Secondary / secondary special,Married,House / apartment,-15770,-947,Drivers,2,4,0
5090513,0.0,C,M,N,Y,1,202500.0,Working,Secondary / secondary special,Married,House / apartment,-9798,-1436,Drivers,3,2,1
5090516,0.0,C,F,Y,Y,0,121500.0,Commercial associate,Secondary / secondary special,Married,House / apartment,-17663,-1709,Core staff,2,0,0
5090519,0.0,C,F,N,Y,1,144000.0,Commercial associate,Higher education,Married,House / apartment,-12517,-3778,Managers,3,3,1
5090520,0.0,X,F,N,Y,1,144000.0,Commercial associate,Higher education,Married,House / apartment,-12517,-3778,Managers,3,3,1
5090522,0.0,C,M,N,Y,0,315000.0,Commercial associate,Higher education,Married,House / apartment,-19818,-4113,Managers,2,3,2
5090523,0.0,C,M,N,Y,0,315000.0,Commercial associate,Higher education,Married,House / apartment,-19818,-4113,Managers,2,3,2
5090527,0.0,C,F,N,Y,0,90000.0,Working,Higher education,Married,House / apartment,-16044,-2782,Core staff,2,0,0
5090528,0.0,X,F,N,Y,0,180000.0,State servant,Secondary / secondary special,Single / not married,House / apartment,-13541,-2935,Medicine staff,1,1,0
5090529,0.0,C,F,Y,Y,0,288000.0,Working,Higher education,Married,House / apartment,-14550,-3239,Managers,2,0,2
5090530,0.0,0,F,N,Y,0,157500.0,Commercial associate,Secondary / secondary special,Married,House / apartment,-13789,-4030,Cooking staff,2,1,0
5090532,0.0,0,M,Y,Y,2,180000.0,Commercial associate,Secondary / secondary special,Married,House / apartment,-14593,-437,Drivers,4,1,1
5090533,0.0,0,F,N,Y,0,171000.0,Working,Secondary / secondary special,Married,House / apartment,-19376,-378,Laborers,2,4,0
5090535,0.0,X,F,N,Y,0,180000.0,Commercial associate,Higher education,Married,House / apartment,-14666,-1229,Private service staff,2,3,0
5090536,0.0,X,M,Y,Y,0,135000.0,Working,Secondary / secondary special,Married,House / apartment,-21453,-3388,Laborers,2,2,0
5113431,0.0,0,M,Y,Y,0,135000.0,Working,Secondary / secondary special,Married,House / apartment,-21453,-3388,Laborers,2,2,0
5090540,0.0,C,M,N,Y,0,103500.0,Working,Secondary / secondary special,Single / not married,Office apartment,-11331,-1131,Cleaning staff,1,2,0
5090543,0.0,X,M,N,N,0,85500.0,Working,Secondary / secondary special,Single / not married,With parents,-9697,-1375,Laborers,1,4,0
5090546,0.0,C,F,N,Y,0,247500.0,Commercial associate,Higher education,Civil marriage,House / apartment,-17394,-1709,Core staff,2,3,0
5090557,0.0,0,F,N,Y,0,180000.0,Working,Secondary / secondary special,Single / not married,House / apartment,-23033,-1778,Medicine staff,1,4,0
5090558,0.0,X,F,Y,N,0,270000.0,Commercial associate,Secondary / secondary special,Married,Municipal apartment,-12015,-2447,Private service staff,2,1,0
5090565,0.0,0,F,N,Y,3,157500.0,Working,Secondary / secondary special,Married,House / apartment,-14880,-773,Sales staff,5,4,1
5090567,0.0,0,M,N,N,0,112500.0,Commercial associate,Secondary / secondary special,Married,House / apartment,-15082,-254,Drivers,2,1,0
5090568,0.0,C,M,Y,N,0,450000.0,Working,Higher education,Married,House / apartment,-11496,-3722,Core staff,2,0,2
5090569,0.0,0,M,Y,Y,0,360000.0,Commercial associate,Higher education,Married,House / apartment,-21068,-7404,Laborers,2,3,2
5090572,0.0,0,F,N,Y,1,157500.0,Working,Secondary / secondary special,Married,House / apartment,-12108,-1379,Sales staff,3,4,1
5090576,0.0,X,M,Y,Y,0,315000.0,Commercial associate,Secondary / secondary special,Married,House / apartment,-18445,-4331,Drivers,2,1,2
5090578,0.0,C,F,Y,Y,0,157500.0,Working,Secondary / secondary special,Married,House / apartment,-15840,-1834,Sales staff,2,2,0
5090580,0.0,C,F,Y,Y,1,225000.0,Working,Incomplete higher,Single / not married,With parents,-10289,-2348,Medicine staff,2,0,0
5090582,0.0,C,M,N,N,0,135000.0,Working,Higher education,Married,House / apartment,-15725,-3993,Managers,2,0,0
5090593,0.0,C,M,N,Y,0,247500.0,Working,Lower secondary,Civil marriage,House / apartment,-15032,-309,Drivers,2,2,0
5090594,0.0,C,M,Y,Y,3,270000.0,Working,Secondary / secondary special,Married,House / apartment,-12634,-4053,Laborers,5,2,1
5090595,0.0,C,M,N,Y,0,54000.0,Working,Secondary / secondary special,Single / not married,House / apartment,-20018,-1831,Security staff,1,2,0
5090597,0.0,C,M,Y,N,0,189000.0,Working,Secondary / secondary special,Civil marriage,With parents,-12661,-401,Security staff,2,2,0
5090598,0.0,0,F,N,Y,0,112500.0,State servant,Higher education,Married,House / apartment,-16907,-429,Secretaries,2,3,0
5090599,0.0,C,F,N,Y,0,112500.0,State servant,Higher education,Married,House / apartment,-16907,-429,Secretaries,2,3,0
5090600,0.0,0,M,Y,Y,2,202500.0,Working,Higher education,Married,House / apartment,-15460,-7004,Core staff,4,0,1
5090604,0.0,0,M,N,Y,0,135000.0,Working,Secondary / secondary special,Married,House / apartment,-17218,-8618,Laborers,2,4,0
5090608,0.0,C,M,Y,Y,0,202500.0,Commercial associate,Higher education,Married,House / apartment,-14294,-401,Managers,2,0,0
5090612,0.0,C,F,Y,N,0,202500.0,Working,Higher education,Married,House / apartment,-13788,-2905,Accountants,2,0,0
5090613,0.0,X,M,Y,Y,2,315000.0,Working,Higher education,Married,House / apartment,-12434,-3447,Core staff,4,0,1
5090614,0.0,C,M,Y,Y,0,382500.0,Commercial associate,Secondary / secondary special,Single / not married,House / apartment,-11557,-2412,Core staff,1,0,2
5090621,0.0,0,F,N,Y,0,360000.0,Working,Higher education,Married,House / apartment,-21330,-7522,Managers,2,1,2
5090627,0.0,X,F,N,Y,0,234000.0,Working,Higher education,Married,House / apartment,-12807,-5696,Managers,2,1,0
5090632,0.0,0,F,Y,Y,0,292500.0,Commercial associate,Incomplete higher,Married,House / apartment,-12207,-1898,Sales staff,2,1,2
5090636,0.0,X,F,Y,Y,0,117000.0,Working,Secondary / secondary special,Separated,House / apartment,-19119,-1686,Sales staff,1,4,0
5090639,0.0,C,M,Y,Y,0,247500.0,Commercial associate,Secondary / secondary special,Married,House / apartment,-20826,-2690,Drivers,2,0,2
5090641,0.0,C,M,N,Y,0,157500.0,Working,Secondary / secondary special,Married,House / apartment,-14660,-313,Laborers,2,2,0
5090643,0.0,C,M,N,Y,0,202500.0,Working,Secondary / secondary special,Married,House / apartment,-20794,-1805,Drivers,2,2,0
5090644,0.0,C,F,Y,N,0,180000.0,Commercial associate,Secondary / secondary special,Married,Municipal apartment,-20912,-8772,Cleaning staff,2,0,0
5090648,0.0,0,F,Y,Y,0,135000.0,State servant,Secondary / secondary special,Married,House / apartment,-15055,-5238,Managers,2,1,0
5090649,0.0,0,F,Y,Y,0,135000.0,State servant,Secondary / secondary special,Married,House / apartment,-15055,-5238,Managers,2,1,0
5090651,0.0,C,F,N,Y,1,315000.0,Working,Higher education,Civil marriage,House / apartment,-10810,-1435,Core staff,3,0,2
5090653,0.0,C,M,Y,Y,0,162000.0,Commercial associate,Secondary / secondary special,Married,House / apartment,-10430,-1130,Laborers,2,0,0
5090682,0.0,X,M,N,N,2,135000.0,Working,Secondary / secondary special,Married,House / apartment,-9007,-2107,Managers,4,2,1
5090685,0.0,0,F,Y,N,0,360000.0,Working,Higher education,Married,House / apartment,-12542,-4357,Managers,2,1,2
5090698,0.0,C,F,N,Y,0,90000.0,Working,Secondary / secondary special,Married,House / apartment,-20219,-1224,Security staff,2,2,0
5090703,0.0,X,F,N,N,0,225000.0,Commercial associate,Higher education,Single / not married,House / apartment,-13528,-459,Accountants,1,3,0
5090707,0.0,0,F,Y,Y,0,270000.0,Working,Higher education,Single / not married,House / apartment,-12151,-186,Accountants,1,1,0
5090708,0.0,C,F,Y,Y,0,270000.0,Working,Higher education,Single / not married,House / apartment,-12151,-186,Accountants,1,0,0
5090724,0.0,0,M,Y,Y,0,180000.0,Working,Secondary / secondary special,Single / not married,With parents,-8326,-857,Drivers,1,4,0
5090730,0.0,C,F,N,Y,1,135000.0,Commercial associate,Higher education,Married,House / apartment,-12854,-125,Core staff,3,3,1
5090731,0.0,X,M,Y,Y,1,171000.0,Commercial associate,Higher education,Married,House / apartment,-12477,-2254,Managers,3,3,1
5090732,0.0,X,M,Y,Y,1,171000.0,Commercial associate,Higher education,Married,House / apartment,-12477,-2254,Managers,3,3,1
5090733,0.0,0,F,N,Y,0,171000.0,Working,Secondary / secondary special,Married,House / apartment,-17076,-8041,Cooking staff,2,4,0
5090734,0.0,X,F,N,N,0,67500.0,Commercial associate,Secondary / secondary special,Married,With parents,-15321,-402,Laborers,2,1,0
5090735,0.0,C,F,N,N,0,135000.0,Working,Secondary / secondary special,Married,House / apartment,-13817,-2775,Sales staff,2,2,0
5090736,0.0,0,F,N,Y,0,135000.0,Working,Higher education,Single / not married,House / apartment,-19548,-4754,Laborers,1,1,0
5090737,0.0,5,F,N,N,0,225000.0,Working,Secondary / secondary special,Single / not married,House / apartment,-18972,-3715,Laborers,1,1,0
5090755,0.0,0,M,N,N,0,148500.0,Working,Higher education,Married,House / apartment,-15544,-3631,Laborers,2,1,0
5090759,0.0,C,F,N,Y,0,81000.0,State servant,Secondary / secondary special,Widow,House / apartment,-21990,-7677,Medicine staff,1,1,0
5090761,0.0,X,F,N,Y,0,90000.0,Working,Secondary / secondary special,Married,House / apartment,-17384,-4421,High skill tech staff,2,4,0
5090765,0.0,0,F,N,Y,2,292500.0,Working,Higher education,Married,House / apartment,-12708,-4508,Core staff,4,1,1
5090766,0.0,C,F,N,Y,2,164250.0,Commercial associate,Secondary / secondary special,Married,House / apartment,-14138,-3016,Sales staff,4,1,1
5090767,0.0,C,F,N,N,1,108000.0,Working,Secondary / secondary special,Widow,House / apartment,-12587,-3626,Sales staff,2,4,0
5090768,0.0,0,F,N,N,1,108000.0,Working,Secondary / secondary special,Widow,House / apartment,-12587,-3626,Sales staff,2,4,0
5090774,0.0,X,M,Y,Y,2,225000.0,Working,Secondary / secondary special,Widow,Municipal apartment,-15277,-2472,Drivers,3,2,1
5090777,0.0,C,F,Y,Y,2,1125000.0,Commercial associate,Higher education,Married,House / apartment,-14339,-2653,Managers,4,3,2
5090791,0.0,X,F,Y,Y,0,238500.0,Working,Higher education,Married,House / apartment,-15203,-7095,Medicine staff,2,0,0
5090793,0.0,0,F,N,Y,0,247500.0,Working,Higher education,Married,House / apartment,-14020,-3503,Core staff,2,1,0
5090794,0.0,0,F,N,Y,0,247500.0,Working,Higher education,Married,House / apartment,-14020,-3503,Core staff,2,1,0
5090814,0.0,C,M,N,Y,1,126000.0,Working,Secondary / secondary special,Married,House / apartment,-13386,-1708,Drivers,3,2,1
5090826,0.0,0,M,Y,Y,0,135000.0,Commercial associate,Secondary / secondary special,Married,House / apartment,-17628,-1284,Drivers,2,1,0
5090830,0.0,0,F,Y,Y,0,450000.0,Commercial associate,Secondary / secondary special,Civil marriage,House / apartment,-19730,-3016,Managers,2,1,2
5090835,0.0,C,F,N,Y,0,225000.0,Working,Secondary / secondary special,Widow,House / apartment,-15687,-130,Laborers,1,2,0
5090838,0.0,0,F,N,Y,0,135000.0,Working,Secondary / secondary special,Married,House / apartment,-19274,-127,Medicine staff,2,4,0
5090839,0.0,C,M,Y,Y,2,180000.0,Working,Higher education,Civil marriage,House / apartment,-14708,-1679,Laborers,4,0,1
5090840,0.0,C,F,Y,Y,0,144000.0,Working,Secondary / secondary special,Married,House / apartment,-21871,-5665,Cooking staff,2,2,0
5090842,0.0,C,F,Y,Y,0,144000.0,Working,Secondary / secondary special,Married,House / apartment,-21871,-5665,Cooking staff,2,2,0
5090843,0.0,C,F,Y,Y,0,144000.0,Working,Secondary / secondary special,Married,House / apartment,-21871,-5665,Cooking staff,2,2,0
5090856,0.0,C,F,N,Y,0,202500.0,Working,Secondary / secondary special,Married,House / apartment,-17563,-1713,Accountants,2,2,0
5090857,0.0,C,M,Y,Y,1,180000.0,Commercial associate,Secondary / secondary special,Married,House / apartment,-16798,-1317,Drivers,3,0,1
5090859,0.0,C,M,Y,Y,0,135000.0,Working,Secondary / secondary special,Civil marriage,House / apartment,-16857,-1682,Managers,2,2,0
5090861,0.0,0,F,Y,Y,0,202500.0,Commercial associate,Secondary / secondary special,Married,House / apartment,-19765,-2168,Sales staff,2,1,0
5090865,0.0,C,M,N,N,0,405000.0,Working,Secondary / secondary special,Single / not married,House / apartment,-14216,-1923,Sales staff,1,2,2
5090866,0.0,C,F,N,Y,1,202500.0,Commercial associate,Higher education,Married,House / apartment,-17726,-3870,High skill tech staff,3,3,1
5090871,0.0,C,F,N,N,2,225000.0,Working,Secondary / secondary special,Married,House / apartment,-14172,-1130,Medicine staff,4,2,1
5090875,0.0,C,F,N,N,0,112500.0,Commercial associate,Secondary / secondary special,Married,House / apartment,-14414,-1159,Accountants,2,1,0
5090877,0.0,C,F,N,N,0,112500.0,Commercial associate,Secondary / secondary special,Married,House / apartment,-14414,-1159,Accountants,2,1,0
5090878,0.0,C,F,Y,Y,0,337500.0,Working,Higher education,Civil marriage,Office apartment,-14311,-2985,Drivers,2,0,2
5090879,0.0,C,F,Y,Y,0,337500.0,Working,Higher education,Civil marriage,Office apartment,-14311,-2985,Drivers,2,0,2
5090889,0.0,1,F,N,Y,0,99000.0,Working,Secondary / secondary special,Married,House / apartment,-22307,-96,Sales staff,2,1,0
5090893,0.0,C,M,N,N,0,225000.0,Working,Higher education,Married,House / apartment,-12051,-4691,Laborers,2,0,0
5090918,0.0,C,M,N,N,0,225000.0,Working,Higher education,Married,House / apartment,-12051,-4691,Laborers,2,0,0
5090894,0.0,0,F,Y,Y,2,90000.0,Working,Higher education,Married,House / apartment,-13156,-4234,Accountants,4,1,1
5090895,0.0,C,F,N,Y,0,81000.0,Working,Secondary / secondary special,Single / not married,House / apartment,-11321,-459,Laborers,1,4,0
5090908,0.0,C,M,Y,Y,2,360000.0,Commercial associate,Higher education,Married,House / apartment,-14894,-1954,Managers,4,0,2
5090915,0.0,X,F,Y,N,0,135000.0,Working,Secondary / secondary special,Married,House / apartment,-17218,-1649,Security staff,2,4,0
5090921,0.0,0,F,N,N,0,76500.0,Working,Secondary / secondary special,Married,House / apartment,-14234,-2896,Laborers,2,4,0
5090963,0.0,0,F,N,Y,0,360000.0,Commercial associate,Higher education,Civil marriage,House / apartment,-19065,-1833,Accountants,2,3,2
5090968,0.0,C,M,Y,Y,1,202500.0,Working,Secondary / secondary special,Married,House / apartment,-12496,-127,Laborers,3,2,1
5090977,0.0,C,F,N,N,0,180000.0,Working,Secondary / secondary special,Separated,House / apartment,-13774,-2684,Cooking staff,1,4,0
5090978,0.0,0,F,N,N,0,180000.0,Working,Secondary / secondary special,Separated,House / apartment,-13774,-2684,Cooking staff,1,4,0
5090979,0.0,C,F,N,N,0,180000.0,Working,Secondary / secondary special,Separated,House / apartment,-13774,-2684,Cooking staff,1,4,0
5090980,0.0,C,F,N,N,0,180000.0,Working,Secondary / secondary special,Separated,House / apartment,-13774,-2684,Cooking staff,1,4,0
5090981,0.0,C,F,N,N,0,180000.0,Working,Secondary / secondary special,Separated,House / apartment,-13774,-2684,Cooking staff,1,4,0
5090983,0.0,C,F,N,N,0,180000.0,Working,Secondary / secondary special,Separated,House / apartment,-13774,-2684,Cooking staff,1,4,0
5090985,0.0,C,M,Y,Y,0,495000.0,Working,Incomplete higher,Married,With parents,-8917,-1101,Drivers,2,0,2
5090991,0.0,C,M,Y,Y,0,405000.0,Working,Higher education,Married,House / apartment,-10323,-2622,Managers,2,0,2
5090992,0.0,C,M,Y,Y,0,405000.0,Working,Higher education,Married,House / apartment,-10323,-2622,Managers,2,0,2
5090993,0.0,C,M,Y,Y,0,405000.0,Working,Higher education,Married,House / apartment,-10323,-2622,Managers,2,0,2
5090995,0.0,0,M,Y,Y,0,405000.0,Working,Higher education,Married,House / apartment,-10323,-2622,Managers,2,0,2
5090996,0.0,C,M,Y,Y,0,405000.0,Working,Higher education,Married,House / apartment,-10323,-2622,Managers,2,0,2
5090997,0.0,X,M,Y,Y,0,405000.0,Working,Higher education,Married,House / apartment,-10323,-2622,Managers,2,0,2
5090998,0.0,C,M,Y,Y,0,405000.0,Working,Higher education,Married,House / apartment,-10323,-2622,Managers,2,0,2
5090999,0.0,C,M,Y,Y,0,405000.0,Working,Higher education,Married,House / apartment,-10323,-2622,Managers,2,0,2
5091001,0.0,0,F,N,Y,0,157500.0,Commercial associate,Secondary / secondary special,Married,House / apartment,-17211,-3232,Laborers,2,1,0
5091002,0.0,C,F,N,Y,0,157500.0,Commercial associate,Secondary / secondary special,Married,House / apartment,-17211,-3232,Laborers,2,1,0
5091003,0.0,0,F,N,Y,0,157500.0,Commercial associate,Secondary / secondary special,Married,House / apartment,-17211,-3232,Laborers,2,1,0
5091004,0.0,C,F,N,Y,0,157500.0,Commercial associate,Secondary / secondary special,Married,House / apartment,-17211,-3232,Laborers,2,1,0
5091005,0.0,C,F,N,Y,0,157500.0,Commercial associate,Secondary / secondary special,Married,House / apartment,-17211,-3232,Laborers,2,1,0
5091007,0.0,0,F,N,Y,0,157500.0,Commercial associate,Secondary / secondary special,Married,House / apartment,-17211,-3232,Laborers,2,1,0
5091012,0.0,C,F,N,Y,0,90000.0,Working,Lower secondary,Married,House / apartment,-11239,-3018,Medicine staff,2,0,0
5091013,0.0,0,F,N,Y,1,112500.0,Working,Secondary / secondary special,Married,House / apartment,-14284,-4267,Cooking staff,3,4,1
5091015,0.0,0,F,N,Y,1,112500.0,Working,Secondary / secondary special,Married,House / apartment,-14284,-4267,Cooking staff,3,4,1
5091016,0.0,0,F,N,Y,1,112500.0,Working,Secondary / secondary special,Married,House / apartment,-14284,-4267,Cooking staff,3,4,1
5091020,0.0,C,F,N,N,0,157500.0,Working,Secondary / secondary special,Married,Municipal apartment,-14155,-6670,Medicine staff,2,2,0
5091022,0.0,C,F,N,N,0,157500.0,Working,Secondary / secondary special,Married,Municipal apartment,-14155,-6670,Medicine staff,2,2,0
5091023,0.0,C,F,N,N,0,157500.0,Working,Secondary / secondary special,Married,Municipal apartment,-14155,-6670,Medicine staff,2,2,0
5091031,0.0,0,M,Y,Y,0,112500.0,Working,Secondary / secondary special,Married,House / apartment,-8759,-1437,Laborers,2,2,0
5091034,0.0,C,F,N,Y,0,112500.0,Working,Secondary / secondary special,Single / not married,House / apartment,-14153,-2075,Sales staff,1,4,0
5091038,0.0,0,M,N,N,0,360000.0,Commercial associate,Higher education,Single / not married,House / apartment,-9514,-461,Waiters/barmen staff,1,3,2
5091040,0.0,0,M,N,N,0,360000.0,Commercial associate,Higher education,Single / not married,House / apartment,-9514,-461,Waiters/barmen staff,1,3,2
5091041,0.0,X,M,N,N,0,360000.0,Commercial associate,Higher education,Single / not married,House / apartment,-9514,-461,Waiters/barmen staff,1,3,2
5091043,0.0,0,M,Y,Y,0,270000.0,Working,Higher education,Married,House / apartment,-19756,-2136,Laborers,2,0,2
5091047,0.0,0,M,Y,Y,0,270000.0,Working,Higher education,Married,House / apartment,-19756,-2136,Laborers,2,0,2
5091050,0.0,C,F,N,Y,2,270000.0,Commercial associate,Higher education,Married,House / apartment,-15438,-2197,Secretaries,4,3,1
5091051,0.0,X,F,N,Y,2,270000.0,Commercial associate,Higher education,Married,House / apartment,-15438,-2197,Secretaries,4,3,1
5091054,0.0,C,F,N,Y,2,270000.0,Commercial associate,Higher education,Married,House / apartment,-15438,-2197,Secretaries,4,3,1
5091059,0.0,0,M,Y,Y,1,157500.0,Working,Secondary / secondary special,Married,House / apartment,-16282,-1192,Laborers,3,2,1
5091060,0.0,C,F,N,Y,1,67500.0,State servant,Secondary / secondary special,Married,House / apartment,-13882,-3505,Sales staff,3,1,1
5091062,0.0,C,F,N,Y,1,67500.0,State servant,Secondary / secondary special,Married,House / apartment,-13882,-3505,Sales staff,3,1,1
5091063,0.0,X,F,N,Y,0,382500.0,Commercial associate,Incomplete higher,Married,Municipal apartment,-11579,-1161,Accountants,2,1,2
5091064,0.0,X,F,N,Y,0,382500.0,Commercial associate,Incomplete higher,Married,Municipal apartment,-11579,-1161,Accountants,2,1,2
5091067,0.0,0,F,N,N,0,135000.0,Working,Secondary / secondary special,Separated,House / apartment,-16775,-3383,Private service staff,1,4,0
5091072,0.0,0,M,N,Y,0,202500.0,Working,Secondary / secondary special,Married,House / apartment,-13424,-4754,Laborers,2,4,0
5091073,0.0,0,M,N,Y,0,202500.0,Working,Secondary / secondary special,Married,House / apartment,-13424,-4754,Laborers,2,4,0
5091075,0.0,C,M,N,Y,0,202500.0,Working,Secondary / secondary special,Married,House / apartment,-13424,-4754,Laborers,2,2,0
5091080,0.0,0,F,N,Y,0,202500.0,Commercial associate,Higher education,Single / not married,House / apartment,-13184,-5728,Accountants,1,3,0
5091082,0.0,C,F,N,Y,0,202500.0,Commercial associate,Higher education,Single / not married,House / apartment,-13184,-5728,Accountants,1,3,0
5091083,0.0,C,F,N,Y,0,202500.0,Commercial associate,Higher education,Single / not married,House / apartment,-13184,-5728,Accountants,1,3,0
5091086,0.0,0,M,Y,N,2,112500.0,Working,Secondary / secondary special,Married,House / apartment,-14957,-430,Sales staff,4,4,1
5091087,0.0,C,F,N,Y,2,360000.0,Commercial associate,Higher education,Married,House / apartment,-10685,-1863,Managers,4,3,1
5091088,0.0,C,F,N,Y,2,360000.0,Commercial associate,Higher education,Married,House / apartment,-10685,-1863,Managers,4,3,1
5091119,0.0,0,M,N,Y,1,292500.0,Commercial associate,Secondary / secondary special,Civil marriage,House / apartment,-14785,-3018,Laborers,3,1,2
5091121,0.0,0,M,N,Y,1,292500.0,Commercial associate,Secondary / secondary special,Civil marriage,House / apartment,-14785,-3018,Laborers,3,1,2
5091123,0.0,C,F,N,Y,1,112500.0,Working,Secondary / secondary special,Single / not married,House / apartment,-18715,-2867,Secretaries,2,4,0
5091125,0.0,C,F,N,Y,1,112500.0,Working,Secondary / secondary special,Single / not married,House / apartment,-18715,-2867,Secretaries,2,4,0
5091126,0.0,0,F,N,Y,1,112500.0,Working,Secondary / secondary special,Single / not married,House / apartment,-18715,-2867,Secretaries,2,4,0
5091127,0.0,C,F,N,Y,1,112500.0,Working,Secondary / secondary special,Single / not married,House / apartment,-18715,-2867,Secretaries,2,4,0
5091131,0.0,C,F,N,Y,1,112500.0,Working,Secondary / secondary special,Single / not married,House / apartment,-18715,-2867,Secretaries,2,4,0
5091135,0.0,X,F,Y,Y,0,225000.0,Working,Higher education,Separated,House / apartment,-11218,-583,Security staff,1,1,0
5091136,0.0,0,M,Y,N,0,202500.0,Commercial associate,Higher education,Single / not married,House / apartment,-9958,-979,Drivers,1,3,0
5091137,0.0,0,F,Y,Y,0,180000.0,Commercial associate,Higher education,Married,House / apartment,-12723,-1649,Sales staff,2,3,0
5091156,0.0,C,F,Y,Y,0,256500.0,Commercial associate,Secondary / secondary special,Married,House / apartment,-13821,-1071,Core staff,2,0,0
5091157,0.0,X,F,Y,Y,0,256500.0,Commercial associate,Secondary / secondary special,Married,House / apartment,-13821,-1071,Core staff,2,1,0
5091163,0.0,0,F,Y,Y,0,256500.0,Commercial associate,Secondary / secondary special,Married,House / apartment,-13821,-1071,Core staff,2,1,0
5091169,0.0,C,F,N,Y,0,81000.0,Commercial associate,Higher education,Single / not married,House / apartment,-9796,-292,Core staff,1,3,0
5091170,0.0,C,F,N,Y,0,81000.0,Commercial associate,Higher education,Single / not married,House / apartment,-9796,-292,Core staff,1,3,0
5091176,0.0,C,F,N,Y,1,67500.0,Working,Secondary / secondary special,Separated,House / apartment,-11126,-2087,Accountants,2,4,0
5091177,0.0,C,F,N,Y,1,67500.0,Working,Secondary / secondary special,Separated,House / apartment,-11126,-2087,Accountants,2,4,0
5091178,0.0,C,F,N,Y,1,67500.0,Working,Secondary / secondary special,Separated,House / apartment,-11126,-2087,Accountants,2,4,0
5091179,0.0,C,F,N,Y,1,67500.0,Working,Secondary / secondary special,Separated,House / apartment,-11126,-2087,Accountants,2,4,0
5091180,0.0,C,F,N,Y,1,67500.0,Working,Secondary / secondary special,Separated,House / apartment,-11126,-2087,Accountants,2,4,0
5091183,0.0,C,F,N,Y,1,67500.0,Working,Secondary / secondary special,Separated,House / apartment,-11126,-2087,Accountants,2,4,0
5091185,0.0,C,F,N,Y,1,67500.0,Working,Secondary / secondary special,Separated,House / apartment,-11126,-2087,Accountants,2,4,0
5091186,0.0,C,F,N,Y,1,67500.0,Working,Secondary / secondary special,Separated,House / apartment,-11126,-2087,Accountants,2,4,0
5091201,0.0,C,F,N,Y,1,67500.0,Working,Secondary / secondary special,Separated,House / apartment,-11126,-2087,Accountants,2,4,0
5091202,0.0,C,F,N,Y,1,67500.0,Working,Secondary / secondary special,Separated,House / apartment,-11126,-2087,Accountants,2,4,0
5091203,0.0,C,F,N,Y,1,67500.0,Working,Secondary / secondary special,Separated,House / apartment,-11126,-2087,Accountants,2,4,0
5091204,0.0,C,F,N,Y,1,67500.0,Working,Secondary / secondary special,Separated,House / apartment,-11126,-2087,Accountants,2,4,0
5091205,0.0,C,F,N,Y,1,67500.0,Working,Secondary / secondary special,Separated,House / apartment,-11126,-2087,Accountants,2,4,0
5091221,0.0,C,F,N,Y,3,135000.0,Working,Secondary / secondary special,Married,House / apartment,-14838,-1539,Laborers,5,2,1
5091222,0.0,0,F,N,Y,3,135000.0,Working,Secondary / secondary special,Married,House / apartment,-14838,-1539,Laborers,5,4,1
5091223,0.0,C,F,N,Y,3,135000.0,Working,Secondary / secondary special,Married,House / apartment,-14838,-1539,Laborers,5,2,1
5091224,0.0,C,F,N,Y,3,135000.0,Working,Secondary / secondary special,Married,House / apartment,-14838,-1539,Laborers,5,2,1
5091225,0.0,C,F,N,Y,3,135000.0,Working,Secondary / secondary special,Married,House / apartment,-14838,-1539,Laborers,5,2,1
5091226,0.0,C,F,N,Y,0,112500.0,Working,Secondary / secondary special,Married,House / apartment,-17247,-2208,Managers,2,2,0
5091227,0.0,C,M,N,Y,0,360000.0,Working,Secondary / secondary special,Married,House / apartment,-19330,-777,Drivers,2,2,2
5091228,0.0,0,M,N,Y,0,360000.0,Working,Secondary / secondary special,Married,House / apartment,-19330,-777,Drivers,2,4,2
5091229,0.0,X,F,N,Y,2,67500.0,Working,Secondary / secondary special,Married,House / apartment,-10718,-3852,Laborers,4,4,1
5091230,0.0,X,M,Y,N,3,112500.0,Working,Higher education,Married,House / apartment,-10890,-1934,Drivers,5,0,1
5091232,0.0,0,M,Y,N,3,112500.0,Working,Higher education,Married,House / apartment,-10890,-1934,Drivers,5,0,1
5091234,0.0,0,M,Y,N,3,112500.0,Working,Higher education,Married,House / apartment,-10890,-1934,Drivers,5,0,1
5091235,0.0,0,M,Y,N,3,112500.0,Working,Higher education,Married,House / apartment,-10890,-1934,Drivers,5,0,1
5091236,0.0,C,M,Y,Y,0,225000.0,Working,Secondary / secondary special,Single / not married,House / apartment,-11245,-3273,Laborers,1,2,0
5091237,0.0,0,M,Y,Y,0,225000.0,Working,Secondary / secondary special,Single / not married,House / apartment,-11245,-3273,Laborers,1,4,0
5091238,0.0,X,M,N,Y,0,252000.0,Working,Higher education,Married,House / apartment,-16482,-1051,Core staff,2,0,0
5091239,0.0,C,F,Y,N,0,112500.0,Working,Secondary / secondary special,Married,House / apartment,-16279,-1478,Medicine staff,2,2,0
5091242,0.0,C,F,Y,N,0,112500.0,Working,Secondary / secondary special,Married,House / apartment,-16279,-1478,Medicine staff,2,2,0
5091243,0.0,C,F,Y,N,0,112500.0,Working,Secondary / secondary special,Married,House / apartment,-16279,-1478,Medicine staff,2,2,0
5091245,0.0,0,F,Y,N,0,112500.0,Working,Secondary / secondary special,Married,House / apartment,-16279,-1478,Medicine staff,2,4,0
5091246,0.0,0,F,Y,N,0,112500.0,Working,Secondary / secondary special,Married,House / apartment,-16279,-1478,Medicine staff,2,4,0
5091247,0.0,C,F,Y,N,0,112500.0,Working,Secondary / secondary special,Married,House / apartment,-16279,-1478,Medicine staff,2,2,0
5091250,0.0,0,F,Y,Y,1,135000.0,Working,Secondary / secondary special,Married,House / apartment,-13770,-4369,Sales staff,3,4,1
5091253,0.0,C,F,Y,Y,1,135000.0,Working,Secondary / secondary special,Married,House / apartment,-13770,-4369,Sales staff,3,2,1
5091254,0.0,X,F,Y,Y,1,135000.0,Working,Secondary / secondary special,Married,House / apartment,-13770,-4369,Sales staff,3,4,1
5091255,0.0,X,F,Y,Y,1,135000.0,Working,Secondary / secondary special,Married,House / apartment,-13770,-4369,Sales staff,3,4,1
5091256,0.0,X,M,Y,Y,0,202500.0,Working,Secondary / secondary special,Married,House / apartment,-19782,-2483,Drivers,2,2,0
5091258,0.0,0,F,N,Y,0,202500.0,State servant,Secondary / secondary special,Separated,House / apartment,-16834,-1692,Medicine staff,1,1,0
5091259,0.0,0,F,N,Y,0,202500.0,State servant,Secondary / secondary special,Separated,House / apartment,-16834,-1692,Medicine staff,1,1,0
5091261,0.0,C,F,N,Y,0,202500.0,State servant,Secondary / secondary special,Separated,House / apartment,-16834,-1692,Medicine staff,1,1,0
5091262,0.0,C,F,N,Y,0,202500.0,State servant,Secondary / secondary special,Separated,House / apartment,-16834,-1692,Medicine staff,1,1,0
5091263,0.0,C,F,N,Y,0,202500.0,State servant,Secondary / secondary special,Separated,House / apartment,-16834,-1692,Medicine staff,1,1,0
5091264,0.0,0,F,N,Y,0,202500.0,State servant,Secondary / secondary special,Separated,House / apartment,-16834,-1692,Medicine staff,1,1,0
5091274,0.0,0,M,Y,Y,0,157500.0,Working,Secondary / secondary special,Married,House / apartment,-13049,-747,Laborers,2,2,0
5091275,0.0,C,M,Y,Y,0,157500.0,Working,Secondary / secondary special,Married,House / apartment,-13049,-747,Laborers,2,2,0
5091278,0.0,0,M,Y,Y,0,157500.0,Working,Secondary / secondary special,Married,House / apartment,-13049,-747,Laborers,2,2,0
5091279,0.0,X,M,Y,Y,0,157500.0,Working,Secondary / secondary special,Married,House / apartment,-13049,-747,Laborers,2,2,0
5091280,0.0,C,M,N,Y,1,103500.0,Working,Secondary / secondary special,Married,House / apartment,-11822,-657,Laborers,3,2,1
5091286,0.0,C,M,Y,Y,2,180000.0,Working,Secondary / secondary special,Married,House / apartment,-14618,-4979,Laborers,4,2,1
5091290,0.0,C,M,N,Y,1,112500.0,Working,Secondary / secondary special,Married,House / apartment,-15171,-1508,Drivers,3,2,1
5091291,0.0,C,M,N,Y,1,112500.0,Working,Secondary / secondary special,Married,House / apartment,-15171,-1508,Drivers,3,2,1
5091292,0.0,0,M,N,Y,1,112500.0,Working,Secondary / secondary special,Married,House / apartment,-15171,-1508,Drivers,3,4,1
5091298,0.0,C,M,N,Y,1,112500.0,Working,Secondary / secondary special,Married,House / apartment,-15171,-1508,Drivers,3,2,1
5091299,0.0,C,M,N,Y,1,112500.0,Working,Secondary / secondary special,Married,House / apartment,-15171,-1508,Drivers,3,2,1
5091300,0.0,C,M,N,Y,1,112500.0,Working,Secondary / secondary special,Married,House / apartment,-15171,-1508,Drivers,3,2,1
5091302,0.0,C,M,N,Y,1,112500.0,Working,Secondary / secondary special,Married,House / apartment,-15171,-1508,Drivers,3,2,1
5091304,0.0,C,M,N,Y,1,112500.0,Working,Secondary / secondary special,Married,House / apartment,-15171,-1508,Drivers,3,2,1
5091305,0.0,X,F,N,Y,1,270000.0,Working,Secondary / secondary special,Civil marriage,Municipal apartment,-11186,-1753,Sales staff,3,4,1
5091307,0.0,X,F,N,Y,1,270000.0,Working,Secondary / secondary special,Civil marriage,Municipal apartment,-11186,-1753,Sales staff,3,4,1
5091312,0.0,X,F,N,Y,1,270000.0,Working,Secondary / secondary special,Civil marriage,Municipal apartment,-11186,-1753,Sales staff,3,4,1
5091313,0.0,X,F,N,Y,1,270000.0,Working,Secondary / secondary special,Civil marriage,Municipal apartment,-11186,-1753,Sales staff,3,4,1
5091315,0.0,X,F,N,Y,1,270000.0,Working,Secondary / secondary special,Civil marriage,Municipal apartment,-11186,-1753,Sales staff,3,4,1
5091318,0.0,X,F,N,Y,1,270000.0,Working,Secondary / secondary special,Civil marriage,Municipal apartment,-11186,-1753,Sales staff,3,4,1
5091323,0.0,C,M,Y,Y,0,90000.0,Working,Secondary / secondary special,Married,House / apartment,-15200,-1447,Drivers,2,2,0
5091331,0.0,C,F,N,Y,0,135000.0,Working,Secondary / secondary special,Married,House / apartment,-14773,-626,Managers,2,2,0
5091333,0.0,C,F,N,Y,0,135000.0,Working,Secondary / secondary special,Married,House / apartment,-14773,-626,Managers,2,2,0
5091335,0.0,C,F,N,Y,0,135000.0,Working,Secondary / secondary special,Married,House / apartment,-14773,-626,Managers,2,2,0
5091336,0.0,C,F,N,Y,0,135000.0,Working,Secondary / secondary special,Married,House / apartment,-14773,-626,Managers,2,2,0
5091337,0.0,0,F,N,Y,0,135000.0,Working,Secondary / secondary special,Married,House / apartment,-14773,-626,Managers,2,4,0
5091338,0.0,0,F,N,Y,0,135000.0,Commercial associate,Secondary / secondary special,Married,House / apartment,-11088,-1447,Cooking staff,2,1,0
5091339,0.0,X,F,N,Y,0,135000.0,Commercial associate,Secondary / secondary special,Married,House / apartment,-11088,-1447,Cooking staff,2,1,0
5091343,0.0,0,F,N,Y,0,135000.0,Commercial associate,Secondary / secondary special,Married,House / apartment,-11088,-1447,Cooking staff,2,1,0
5091345,0.0,0,F,N,Y,0,135000.0,Commercial associate,Secondary / secondary special,Married,House / apartment,-11088,-1447,Cooking staff,2,1,0
5091347,0.0,X,F,N,Y,0,135000.0,Commercial associate,Secondary / secondary special,Married,House / apartment,-11088,-1447,Cooking staff,2,1,0
5091348,0.0,X,F,N,Y,1,225000.0,Working,Secondary / secondary special,Single / not married,House / apartment,-14469,-504,Core staff,2,4,0
5091350,0.0,0,F,N,Y,1,225000.0,Working,Secondary / secondary special,Single / not married,House / apartment,-14469,-504,Core staff,2,4,0
5091374,0.0,C,M,Y,Y,0,247500.0,Working,Secondary / secondary special,Married,House / apartment,-15366,-1266,Drivers,2,2,0
5091375,0.0,0,M,Y,Y,0,247500.0,Working,Secondary / secondary special,Married,House / apartment,-15366,-1266,Drivers,2,2,0
5091382,0.0,C,F,Y,Y,2,216000.0,Working,Higher education,Married,House / apartment,-12757,-4887,Core staff,4,0,1
5091392,0.0,0,F,N,Y,0,81000.0,Working,Secondary / secondary special,Married,House / apartment,-13063,-1661,Cooking staff,2,4,0
5091405,0.0,C,F,N,Y,0,135000.0,Working,Secondary / secondary special,Single / not married,House / apartment,-17579,-1904,Laborers,1,4,0
5091406,0.0,C,F,N,Y,0,135000.0,Working,Secondary / secondary special,Single / not married,House / apartment,-17579,-1904,Laborers,1,4,0
5091410,0.0,C,F,N,Y,0,135000.0,Working,Secondary / secondary special,Single / not married,House / apartment,-17579,-1904,Laborers,1,4,0
5091411,0.0,X,F,N,Y,0,135000.0,Working,Secondary / secondary special,Single / not married,House / apartment,-17579,-1904,Laborers,1,4,0
5091412,0.0,C,F,N,Y,0,135000.0,Working,Secondary / secondary special,Single / not married,House / apartment,-17579,-1904,Laborers,1,4,0
5091415,0.0,C,F,N,Y,0,135000.0,Working,Secondary / secondary special,Single / not married,House / apartment,-17579,-1904,Laborers,1,4,0
5091419,0.0,0,F,N,Y,0,225000.0,Working,Higher education,Married,House / apartment,-16202,-2939,Managers,2,1,0
5091420,0.0,C,F,N,Y,0,225000.0,Working,Higher education,Married,House / apartment,-16202,-2939,Managers,2,0,0
5091421,0.0,0,F,N,Y,0,225000.0,Working,Higher education,Married,House / apartment,-16202,-2939,Managers,2,1,0
5091423,0.0,X,F,N,Y,0,225000.0,Working,Higher education,Married,House / apartment,-16202,-2939,Managers,2,1,0
5091428,0.0,C,F,N,Y,0,225000.0,Working,Higher education,Married,House / apartment,-16202,-2939,Managers,2,0,0
5091429,0.0,C,F,N,Y,0,225000.0,Working,Higher education,Married,House / apartment,-16202,-2939,Managers,2,0,0
5091430,0.0,C,F,N,Y,0,225000.0,Working,Higher education,Married,House / apartment,-16202,-2939,Managers,2,0,0
5091431,0.0,0,F,N,Y,0,225000.0,Working,Higher education,Married,House / apartment,-16202,-2939,Managers,2,1,0
5091432,0.0,C,F,N,Y,0,225000.0,Working,Higher education,Married,House / apartment,-16202,-2939,Managers,2,0,0
5091433,0.0,X,M,Y,Y,0,112500.0,Working,Secondary / secondary special,Civil marriage,House / apartment,-13322,-808,Low-skill Laborers,2,4,0
5091434,0.0,0,F,N,Y,2,90000.0,Commercial associate,Secondary / secondary special,Married,House / apartment,-16725,-5618,Low-skill Laborers,4,1,1
5091435,0.0,C,F,N,Y,2,90000.0,Commercial associate,Secondary / secondary special,Married,House / apartment,-16725,-5618,Low-skill Laborers,4,1,1
5091436,0.0,C,F,N,Y,2,90000.0,Commercial associate,Secondary / secondary special,Married,House / apartment,-16725,-5618,Low-skill Laborers,4,1,1
5091437,0.0,C,F,N,Y,2,90000.0,Commercial associate,Secondary / secondary special,Married,House / apartment,-16725,-5618,Low-skill Laborers,4,1,1
5091439,0.0,C,F,N,Y,2,90000.0,Commercial associate,Secondary / secondary special,Married,House / apartment,-16725,-5618,Low-skill Laborers,4,1,1
5091441,0.0,C,F,N,Y,2,90000.0,Commercial associate,Secondary / secondary special,Married,House / apartment,-16725,-5618,Low-skill Laborers,4,1,1
5091444,0.0,C,F,Y,Y,2,67500.0,Working,Secondary / secondary special,Married,House / apartment,-14073,-838,Sales staff,4,2,1
5091445,0.0,X,F,Y,Y,2,67500.0,Working,Secondary / secondary special,Married,House / apartment,-14073,-838,Sales staff,4,4,1
5091447,0.0,C,F,N,Y,2,67500.0,Working,Secondary / secondary special,Married,House / apartment,-15630,-716,Cleaning staff,4,2,1
5091448,0.0,C,F,N,Y,2,67500.0,Working,Secondary / secondary special,Married,House / apartment,-15630,-716,Cleaning staff,4,2,1
5091449,0.0,C,F,N,Y,2,67500.0,Working,Secondary / secondary special,Married,House / apartment,-15630,-716,Cleaning staff,4,2,1
5091450,0.0,C,F,N,Y,2,67500.0,Working,Secondary / secondary special,Married,House / apartment,-15630,-716,Cleaning staff,4,2,1
5091451,0.0,C,F,N,Y,2,67500.0,Working,Secondary / secondary special,Married,House / apartment,-15630,-716,Cleaning staff,4,2,1
5091452,0.0,C,F,N,Y,2,67500.0,Working,Secondary / secondary special,Married,House / apartment,-15630,-716,Cleaning staff,4,2,1
5091453,0.0,C,F,N,Y,2,67500.0,Working,Secondary / secondary special,Married,House / apartment,-15630,-716,Cleaning staff,4,2,1
5091454,0.0,C,F,Y,Y,0,112500.0,Working,Secondary / secondary special,Married,House / apartment,-12690,-231,Sales staff,2,2,0
5091455,0.0,C,F,Y,Y,0,112500.0,Working,Secondary / secondary special,Married,House / apartment,-12690,-231,Sales staff,2,2,0
5091456,0.0,X,F,Y,Y,0,112500.0,Working,Secondary / secondary special,Married,House / apartment,-12690,-231,Sales staff,2,4,0
5091458,0.0,C,F,N,Y,2,103500.0,Working,Secondary / secondary special,Married,House / apartment,-14431,-6621,Medicine staff,4,2,1
5091460,0.0,C,F,N,Y,2,103500.0,Working,Secondary / secondary special,Married,House / apartment,-14431,-6621,Medicine staff,4,2,1
5091461,0.0,0,F,N,Y,0,135000.0,Commercial associate,Higher education,Married,House / apartment,-13694,-1722,Accountants,2,3,0
5091477,0.0,0,F,N,Y,0,54000.0,Working,Secondary / secondary special,Separated,House / apartment,-11531,-1357,Cooking staff,1,4,0
5091494,0.0,C,F,N,Y,0,135000.0,Working,Secondary / secondary special,Widow,House / apartment,-14436,-626,Cleaning staff,1,4,0
5091500,0.0,X,F,N,N,0,135000.0,Working,Secondary / secondary special,Married,House / apartment,-18757,-2057,Core staff,2,4,0
5091503,0.0,C,F,N,N,0,135000.0,Working,Secondary / secondary special,Married,House / apartment,-18757,-2057,Core staff,2,2,0
5091504,0.0,C,F,N,N,0,135000.0,Working,Secondary / secondary special,Married,House / apartment,-18757,-2057,Core staff,2,2,0
5091505,0.0,X,F,N,N,0,135000.0,Working,Secondary / secondary special,Married,House / apartment,-18757,-2057,Core staff,2,4,0
5091506,0.0,C,F,N,N,0,135000.0,Working,Secondary / secondary special,Married,House / apartment,-18757,-2057,Core staff,2,2,0
5091512,0.0,C,F,N,N,0,148500.0,Commercial associate,Secondary / secondary special,Civil marriage,House / apartment,-14920,-2177,Sales staff,2,1,0
5091516,0.0,C,F,N,N,0,148500.0,Commercial associate,Secondary / secondary special,Civil marriage,House / apartment,-14920,-2177,Sales staff,2,1,0
5091520,0.0,0,M,N,Y,2,225000.0,Working,Incomplete higher,Married,House / apartment,-14877,-139,Core staff,4,1,1
5091521,0.0,C,M,N,Y,2,225000.0,Working,Incomplete higher,Married,House / apartment,-14877,-139,Core staff,4,0,1
5091523,0.0,X,M,N,Y,2,225000.0,Working,Incomplete higher,Married,House / apartment,-14877,-139,Core staff,4,1,1
5091524,0.0,C,F,N,Y,1,211500.0,Working,Higher education,Married,House / apartment,-12442,-2330,Core staff,3,0,1
5091527,0.0,C,F,N,Y,1,211500.0,Working,Higher education,Married,House / apartment,-12442,-2330,Core staff,3,0,1
5091528,0.0,C,F,N,Y,1,211500.0,Working,Higher education,Married,House / apartment,-12442,-2330,Core staff,3,0,1
5091529,0.0,C,F,N,Y,1,211500.0,Working,Higher education,Married,House / apartment,-12442,-2330,Core staff,3,0,1
5091530,0.0,C,F,N,Y,0,112500.0,Commercial associate,Higher education,Single / not married,House / apartment,-15771,-5009,Sales staff,1,3,0
5091533,0.0,0,F,N,Y,0,157500.0,Working,Secondary / secondary special,Married,House / apartment,-17301,-4734,Medicine staff,2,4,0
5091535,0.0,X,F,N,Y,0,157500.0,Working,Secondary / secondary special,Married,House / apartment,-17301,-4734,Medicine staff,2,4,0
5091538,0.0,X,F,N,Y,0,135000.0,Working,Secondary / secondary special,Married,House / apartment,-15595,-3183,Laborers,2,4,0
5091539,0.0,C,F,N,Y,0,135000.0,Working,Secondary / secondary special,Married,House / apartment,-15595,-3183,Laborers,2,2,0
5091541,0.0,X,F,N,Y,0,135000.0,Working,Secondary / secondary special,Married,House / apartment,-15595,-3183,Laborers,2,4,0
5091543,0.0,C,F,N,Y,0,135000.0,Working,Secondary / secondary special,Married,House / apartment,-15595,-3183,Laborers,2,2,0
5091544,0.0,X,F,N,Y,0,135000.0,Working,Secondary / secondary special,Married,House / apartment,-15595,-3183,Laborers,2,4,0
5091545,0.0,0,F,N,Y,0,135000.0,Working,Secondary / secondary special,Married,House / apartment,-15595,-3183,Laborers,2,4,0
5091546,0.0,0,F,N,Y,0,135000.0,Working,Secondary / secondary special,Married,House / apartment,-15595,-3183,Laborers,2,4,0
5091548,0.0,C,F,N,Y,0,247500.0,Commercial associate,Secondary / secondary special,Married,House / apartment,-12309,-2788,Laborers,2,1,0
5091549,0.0,C,F,N,Y,0,247500.0,Commercial associate,Secondary / secondary special,Married,House / apartment,-12309,-2788,Laborers,2,1,0
5091551,0.0,C,F,N,Y,0,247500.0,Commercial associate,Secondary / secondary special,Married,House / apartment,-12309,-2788,Laborers,2,1,0
5091552,0.0,0,F,N,Y,0,247500.0,Commercial associate,Secondary / secondary special,Married,House / apartment,-12309,-2788,Laborers,2,1,0
5091555,0.0,C,F,N,Y,0,247500.0,Commercial associate,Secondary / secondary special,Married,House / apartment,-12309,-2788,Laborers,2,1,0
5091556,0.0,0,F,N,Y,0,247500.0,Commercial associate,Secondary / secondary special,Married,House / apartment,-12309,-2788,Laborers,2,1,0
5091560,0.0,C,F,Y,Y,1,135000.0,Working,Secondary / secondary special,Married,House / apartment,-14935,-1753,Sales staff,3,2,1
5091561,0.0,C,F,Y,Y,1,135000.0,Working,Secondary / secondary special,Married,House / apartment,-14935,-1753,Sales staff,3,2,1
5091562,0.0,C,F,Y,Y,1,135000.0,Working,Secondary / secondary special,Married,House / apartment,-14935,-1753,Sales staff,3,2,1
5091563,0.0,C,F,Y,Y,1,135000.0,Working,Secondary / secondary special,Married,House / apartment,-14935,-1753,Sales staff,3,2,1
5091564,0.0,1,F,Y,Y,1,135000.0,Working,Secondary / secondary special,Married,House / apartment,-14935,-1753,Sales staff,3,1,0
5091566,0.0,0,F,Y,Y,1,135000.0,Working,Secondary / secondary special,Married,House / apartment,-14935,-1753,Sales staff,3,4,1
5091567,0.0,C,F,Y,Y,1,135000.0,Working,Secondary / secondary special,Married,House / apartment,-14935,-1753,Sales staff,3,2,1
5091578,0.0,0,F,N,N,2,225000.0,Working,Secondary / secondary special,Married,With parents,-12244,-2361,Sales staff,4,4,1
5091580,0.0,C,F,N,N,2,225000.0,Working,Secondary / secondary special,Married,With parents,-12244,-2361,Sales staff,4,2,1
5091581,0.0,C,F,N,N,2,225000.0,Working,Secondary / secondary special,Married,With parents,-12244,-2361,Sales staff,4,2,1
5091582,0.0,C,F,N,N,2,225000.0,Working,Secondary / secondary special,Married,With parents,-12244,-2361,Sales staff,4,2,1
5091584,0.0,0,F,N,N,2,225000.0,Working,Secondary / secondary special,Married,With parents,-12244,-2361,Sales staff,4,4,1
5091585,0.0,0,F,N,N,2,225000.0,Working,Secondary / secondary special,Married,With parents,-12244,-2361,Sales staff,4,4,1
5091588,0.0,C,F,N,N,2,225000.0,Working,Secondary / secondary special,Married,With parents,-12244,-2361,Sales staff,4,2,1
5091589,0.0,C,F,N,Y,0,225000.0,Commercial associate,Incomplete higher,Married,With parents,-10159,-1204,Accountants,2,3,0
5091590,0.0,X,F,N,Y,0,225000.0,Commercial associate,Incomplete higher,Married,With parents,-10159,-1204,Accountants,2,3,0
5091591,0.0,0,F,N,Y,0,225000.0,Commercial associate,Incomplete higher,Married,With parents,-10159,-1204,Accountants,2,1,0
5091594,0.0,X,F,N,Y,0,252000.0,State servant,Secondary / secondary special,Married,House / apartment,-18352,-139,Medicine staff,2,1,0
5091598,0.0,C,F,N,Y,0,202500.0,Working,Secondary / secondary special,Married,House / apartment,-22318,-565,Cleaning staff,2,2,0
5091600,0.0,C,F,N,Y,0,202500.0,Working,Secondary / secondary special,Married,House / apartment,-22318,-565,Cleaning staff,2,2,0
5091602,0.0,X,F,N,Y,0,202500.0,Working,Secondary / secondary special,Married,House / apartment,-22318,-565,Cleaning staff,2,4,0
5091603,0.0,0,F,N,Y,0,202500.0,Working,Secondary / secondary special,Married,House / apartment,-22318,-565,Cleaning staff,2,4,0
5091604,0.0,X,F,N,Y,0,202500.0,Working,Secondary / secondary special,Married,House / apartment,-22318,-565,Cleaning staff,2,4,0
5091605,0.0,0,F,N,Y,0,135000.0,Working,Secondary / secondary special,Civil marriage,House / apartment,-18573,-930,Cooking staff,2,4,0
5091606,0.0,C,M,N,N,0,90000.0,Commercial associate,Higher education,Single / not married,With parents,-9302,-1722,Drivers,1,3,0
5091607,0.0,C,M,N,N,0,90000.0,Commercial associate,Higher education,Single / not married,With parents,-9302,-1722,Drivers,1,3,0
5091608,0.0,0,M,N,N,0,90000.0,Commercial associate,Higher education,Single / not married,With parents,-9302,-1722,Drivers,1,3,0
5091609,0.0,0,M,Y,Y,1,270000.0,Working,Secondary / secondary special,Married,House / apartment,-16198,-200,Laborers,3,2,1
5091610,0.0,X,M,Y,Y,2,225000.0,Commercial associate,Higher education,Married,House / apartment,-18664,-6560,Managers,4,3,1
5091612,0.0,C,M,Y,Y,0,180000.0,Working,Secondary / secondary special,Married,House / apartment,-9393,-2757,Laborers,2,2,0
5091619,0.0,0,F,Y,Y,0,135000.0,Commercial associate,Higher education,Married,House / apartment,-12013,-3973,Accountants,2,3,0
5091620,0.0,0,F,Y,Y,0,135000.0,Commercial associate,Higher education,Married,House / apartment,-12013,-3973,Accountants,2,3,0
5091621,0.0,C,F,Y,Y,0,135000.0,Commercial associate,Higher education,Married,House / apartment,-12013,-3973,Accountants,2,3,0
5091624,0.0,0,F,N,Y,0,202500.0,Working,Secondary / secondary special,Married,House / apartment,-19431,-6226,High skill tech staff,2,4,0
5091625,0.0,X,F,N,Y,0,202500.0,Working,Secondary / secondary special,Married,House / apartment,-19431,-6226,High skill tech staff,2,4,0
5091627,0.0,C,F,N,Y,0,202500.0,Working,Secondary / secondary special,Married,House / apartment,-19431,-6226,High skill tech staff,2,2,0
5091628,0.0,C,F,N,Y,0,202500.0,Working,Secondary / secondary special,Married,House / apartment,-19431,-6226,High skill tech staff,2,2,0
5091629,0.0,C,F,N,Y,0,202500.0,Working,Secondary / secondary special,Married,House / apartment,-19431,-6226,High skill tech staff,2,2,0
5091630,0.0,C,F,N,Y,0,202500.0,Working,Secondary / secondary special,Married,House / apartment,-19431,-6226,High skill tech staff,2,2,0
5091631,0.0,0,F,N,Y,0,202500.0,Working,Secondary / secondary special,Married,House / apartment,-19431,-6226,High skill tech staff,2,4,0
5091632,0.0,X,M,Y,Y,3,157500.0,Working,Secondary / secondary special,Married,House / apartment,-12441,-4369,Laborers,5,2,1
5091644,0.0,C,F,Y,N,0,135000.0,Working,Secondary / secondary special,Married,House / apartment,-19022,-6409,Laborers,2,2,0
5091645,0.0,X,F,Y,N,0,135000.0,Working,Secondary / secondary special,Married,House / apartment,-19022,-6409,Laborers,2,2,0
5091646,0.0,0,F,Y,N,0,135000.0,Working,Secondary / secondary special,Married,House / apartment,-19022,-6409,Laborers,2,4,0
5091657,0.0,C,F,N,Y,1,360000.0,Commercial associate,Secondary / secondary special,Married,House / apartment,-17106,-2849,Managers,3,1,2
5091664,0.0,C,F,N,Y,1,360000.0,Commercial associate,Secondary / secondary special,Married,House / apartment,-17106,-2849,Managers,3,1,2
5091665,0.0,C,F,N,Y,1,360000.0,Commercial associate,Secondary / secondary special,Married,House / apartment,-17106,-2849,Managers,3,1,2
5091666,0.0,C,F,N,Y,1,360000.0,Commercial associate,Secondary / secondary special,Married,House / apartment,-17106,-2849,Managers,3,1,2
5091667,0.0,C,F,N,Y,1,360000.0,Commercial associate,Secondary / secondary special,Married,House / apartment,-17106,-2849,Managers,3,1,2
5091668,0.0,0,F,N,Y,1,360000.0,Commercial associate,Secondary / secondary special,Married,House / apartment,-17106,-2849,Managers,3,1,2
5091669,0.0,0,F,N,Y,1,360000.0,Commercial associate,Secondary / secondary special,Married,House / apartment,-17106,-2849,Managers,3,1,2
5091684,0.0,X,M,Y,Y,0,225000.0,Working,Secondary / secondary special,Married,House / apartment,-16086,-320,Laborers,2,2,0
5091686,0.0,X,M,Y,Y,0,225000.0,Working,Secondary / secondary special,Married,House / apartment,-16086,-320,Laborers,2,2,0
5091703,0.0,X,M,N,Y,2,67500.0,Working,Secondary / secondary special,Married,House / apartment,-15052,-2512,Laborers,4,2,1
5091704,0.0,X,F,Y,Y,0,135000.0,Working,Higher education,Married,House / apartment,-12274,-3944,Managers,2,0,0
5091705,0.0,X,F,Y,Y,0,135000.0,Working,Higher education,Married,House / apartment,-12274,-3944,Managers,2,0,0
5091706,0.0,C,F,Y,Y,0,135000.0,Working,Higher education,Married,House / apartment,-12274,-3944,Managers,2,0,0
5091708,0.0,0,F,Y,Y,0,135000.0,Working,Higher education,Married,House / apartment,-12274,-3944,Managers,2,3,0
5091709,0.0,X,F,Y,Y,0,135000.0,Working,Higher education,Married,House / apartment,-12274,-3944,Managers,2,0,0
5091710,0.0,C,F,Y,Y,1,157500.0,Working,Higher education,Married,House / apartment,-9766,-2696,Sales staff,3,0,1
5091711,0.0,C,F,Y,Y,1,157500.0,Working,Higher education,Married,House / apartment,-9766,-2696,Sales staff,3,0,1
5091714,0.0,X,F,Y,Y,1,157500.0,Working,Higher education,Married,House / apartment,-9766,-2696,Sales staff,3,0,1
5091715,0.0,C,F,Y,Y,1,157500.0,Working,Higher education,Married,House / apartment,-9766,-2696,Sales staff,3,0,1
5091716,0.0,C,F,Y,Y,1,157500.0,Working,Higher education,Married,House / apartment,-9766,-2696,Sales staff,3,0,1
5091717,0.0,C,F,Y,Y,0,90000.0,Commercial associate,Secondary / secondary special,Married,House / apartment,-14116,-2269,Medicine staff,2,0,0
5091718,0.0,C,F,Y,Y,0,90000.0,Commercial associate,Secondary / secondary special,Married,House / apartment,-14116,-2269,Medicine staff,2,0,0
5091719,0.0,C,F,Y,Y,0,90000.0,Commercial associate,Secondary / secondary special,Married,House / apartment,-14116,-2269,Medicine staff,2,0,0
5091721,0.0,C,F,Y,Y,0,90000.0,Commercial associate,Secondary / secondary special,Married,House / apartment,-14116,-2269,Medicine staff,2,0,0
5091722,0.0,C,F,Y,Y,0,90000.0,Commercial associate,Secondary / secondary special,Married,House / apartment,-14116,-2269,Medicine staff,2,0,0
5091723,0.0,0,F,Y,Y,0,90000.0,Commercial associate,Secondary / secondary special,Married,House / apartment,-14116,-2269,Medicine staff,2,1,0
5091724,0.0,0,F,Y,Y,0,90000.0,Commercial associate,Secondary / secondary special,Married,House / apartment,-14116,-2269,Medicine staff,2,1,0
5091725,0.0,C,F,Y,Y,0,90000.0,Commercial associate,Secondary / secondary special,Married,House / apartment,-14116,-2269,Medicine staff,2,0,0
5091726,0.0,C,F,Y,Y,0,90000.0,Commercial associate,Secondary / secondary special,Married,House / apartment,-14116,-2269,Medicine staff,2,0,0
5091727,0.0,C,F,Y,Y,0,90000.0,Commercial associate,Secondary / secondary special,Married,House / apartment,-14116,-2269,Medicine staff,2,0,0
5091728,0.0,C,F,Y,Y,0,90000.0,Commercial associate,Secondary / secondary special,Married,House / apartment,-14116,-2269,Medicine staff,2,0,0
5091729,0.0,C,F,Y,Y,0,90000.0,Commercial associate,Secondary / secondary special,Married,House / apartment,-14116,-2269,Medicine staff,2,0,0
5091730,0.0,0,F,Y,Y,0,90000.0,Commercial associate,Secondary / secondary special,Married,House / apartment,-14116,-2269,Medicine staff,2,1,0
5091733,0.0,0,F,N,Y,0,135000.0,Commercial associate,Secondary / secondary special,Single / not married,House / apartment,-15639,-382,Accountants,1,1,0
5091735,0.0,C,F,Y,Y,0,243000.0,Working,Secondary / secondary special,Single / not married,House / apartment,-14716,-2057,Sales staff,1,2,0
5091736,0.0,C,F,Y,Y,0,243000.0,Working,Secondary / secondary special,Single / not married,House / apartment,-14716,-2057,Sales staff,1,2,0
5091738,0.0,C,F,Y,Y,0,243000.0,Working,Secondary / secondary special,Single / not married,House / apartment,-14716,-2057,Sales staff,1,2,0
5091739,0.0,C,F,Y,Y,0,243000.0,Working,Secondary / secondary special,Single / not married,House / apartment,-14716,-2057,Sales staff,1,2,0
5091740,0.0,C,F,Y,Y,0,243000.0,Working,Secondary / secondary special,Single / not married,House / apartment,-14716,-2057,Sales staff,1,2,0
5091741,0.0,C,F,Y,Y,0,243000.0,Working,Secondary / secondary special,Single / not married,House / apartment,-14716,-2057,Sales staff,1,2,0
5091742,0.0,C,F,Y,Y,0,243000.0,Working,Secondary / secondary special,Single / not married,House / apartment,-14716,-2057,Sales staff,1,2,0
5091743,0.0,C,F,Y,Y,0,243000.0,Working,Secondary / secondary special,Single / not married,House / apartment,-14716,-2057,Sales staff,1,2,0
5091744,0.0,C,F,N,Y,0,225000.0,Commercial associate,Higher education,Single / not married,House / apartment,-19777,-6835,Core staff,1,3,0
5091747,0.0,C,F,N,Y,0,225000.0,Commercial associate,Higher education,Single / not married,House / apartment,-19777,-6835,Core staff,1,3,0
5091751,0.0,C,M,Y,N,2,135000.0,Working,Higher education,Married,House / apartment,-12725,-1631,Core staff,4,0,1
5091752,0.0,C,M,Y,N,2,135000.0,Working,Higher education,Married,House / apartment,-12725,-1631,Core staff,4,0,1
5091755,0.0,0,M,Y,N,2,135000.0,Working,Higher education,Married,House / apartment,-12725,-1631,Core staff,4,0,1
5091756,0.0,C,M,Y,N,2,135000.0,Working,Higher education,Married,House / apartment,-12725,-1631,Core staff,4,0,1
5091757,0.0,0,M,Y,N,2,135000.0,Working,Higher education,Married,House / apartment,-12725,-1631,Core staff,4,0,1
5091758,0.0,X,F,N,N,0,157500.0,Commercial associate,Secondary / secondary special,Civil marriage,House / apartment,-15198,-1357,Laborers,2,1,0
5091759,0.0,C,F,N,N,0,157500.0,Commercial associate,Secondary / secondary special,Civil marriage,House / apartment,-15198,-1357,Laborers,2,1,0
5091761,0.0,C,F,N,N,0,157500.0,Commercial associate,Secondary / secondary special,Civil marriage,House / apartment,-15198,-1357,Laborers,2,1,0
5091762,0.0,C,F,N,N,0,157500.0,Commercial associate,Secondary / secondary special,Civil marriage,House / apartment,-15198,-1357,Laborers,2,1,0
5091768,0.0,C,M,N,Y,0,247500.0,Working,Secondary / secondary special,Married,House / apartment,-17454,-2361,Laborers,2,2,0
5091772,0.0,C,M,N,Y,0,247500.0,Working,Secondary / secondary special,Married,House / apartment,-17454,-2361,Laborers,2,2,0
5091773,0.0,X,M,N,Y,0,247500.0,Working,Secondary / secondary special,Married,House / apartment,-17454,-2361,Laborers,2,2,0
5091774,0.0,X,F,N,Y,0,225000.0,Working,Incomplete higher,Single / not married,House / apartment,-19538,-1904,Managers,1,1,0
5091777,0.0,0,F,N,Y,0,225000.0,Working,Incomplete higher,Single / not married,House / apartment,-19538,-1904,Managers,1,1,0
5091778,0.0,0,M,N,Y,2,112500.0,Commercial associate,Secondary / secondary special,Married,House / apartment,-10874,-1174,Laborers,4,1,1
5091779,0.0,0,M,N,Y,2,112500.0,Commercial associate,Secondary / secondary special,Married,House / apartment,-10874,-1174,Laborers,4,1,1
5091784,0.0,0,F,Y,Y,0,180000.0,Working,Secondary / secondary special,Married,House / apartment,-12943,-473,Laborers,2,4,0
5091785,0.0,0,F,Y,Y,0,180000.0,Working,Secondary / secondary special,Married,House / apartment,-12943,-473,Laborers,2,4,0
5091787,0.0,0,M,Y,Y,0,360000.0,Commercial associate,Higher education,Married,House / apartment,-9643,-1539,High skill tech staff,2,3,2
5091788,0.0,0,M,Y,Y,0,360000.0,Commercial associate,Higher education,Married,House / apartment,-9643,-1539,High skill tech staff,2,3,2
5091789,0.0,C,M,N,Y,2,450000.0,Commercial associate,Higher education,Married,House / apartment,-13776,-596,Managers,4,3,2
5091790,0.0,0,M,N,Y,2,450000.0,Commercial associate,Higher education,Married,House / apartment,-13776,-596,Managers,4,3,2
5091791,0.0,C,M,Y,Y,1,135000.0,Working,Secondary / secondary special,Married,House / apartment,-15216,-2969,Low-skill Laborers,3,2,1
5091792,0.0,C,M,Y,Y,1,135000.0,Working,Secondary / secondary special,Married,House / apartment,-15216,-2969,Low-skill Laborers,3,2,1
5091793,0.0,C,M,Y,Y,1,135000.0,Working,Secondary / secondary special,Married,House / apartment,-15216,-2969,Low-skill Laborers,3,2,1
5091795,0.0,0,F,Y,N,1,90000.0,Working,Secondary / secondary special,Married,House / apartment,-15179,-991,Laborers,3,4,1
5091798,0.0,C,F,Y,N,1,90000.0,Working,Secondary / secondary special,Married,House / apartment,-15179,-991,Laborers,3,2,1
5091799,0.0,0,F,Y,N,1,90000.0,Working,Secondary / secondary special,Married,House / apartment,-15179,-991,Laborers,3,4,1
5091800,0.0,C,F,Y,N,1,90000.0,Working,Secondary / secondary special,Married,House / apartment,-15179,-991,Laborers,3,2,1
5091801,0.0,X,F,N,Y,0,112500.0,Commercial associate,Secondary / secondary special,Married,House / apartment,-18920,-1539,High skill tech staff,2,1,0
5091806,0.0,0,M,N,Y,0,360000.0,Working,Higher education,Single / not married,House / apartment,-10813,-2543,Cooking staff,1,1,2
5091807,0.0,X,F,N,Y,1,45000.0,Commercial associate,Secondary / secondary special,Married,House / apartment,-15951,-504,Sales staff,3,1,1
5091809,0.0,0,F,N,Y,0,171000.0,Commercial associate,Secondary / secondary special,Married,House / apartment,-21032,-1661,Security staff,2,1,0
5091810,0.0,C,F,N,Y,0,171000.0,Commercial associate,Secondary / secondary special,Married,House / apartment,-21032,-1661,Security staff,2,1,0
5091811,0.0,C,M,Y,N,0,112500.0,State servant,Incomplete higher,Single / not married,With parents,-8746,-1873,Laborers,1,0,0
5091812,0.0,C,M,Y,N,0,112500.0,State servant,Incomplete higher,Single / not married,With parents,-8746,-1873,Laborers,1,0,0
5091813,0.0,C,M,Y,N,0,112500.0,State servant,Incomplete higher,Single / not married,With parents,-8746,-1873,Laborers,1,0,0
5091817,0.0,C,F,N,Y,0,157500.0,Commercial associate,Secondary / secondary special,Single / not married,House / apartment,-18843,-2543,Medicine staff,1,1,0
5091819,0.0,C,F,N,Y,0,157500.0,Commercial associate,Secondary / secondary special,Single / not married,House / apartment,-18843,-2543,Medicine staff,1,1,0
5091820,0.0,X,M,N,Y,0,270000.0,Commercial associate,Secondary / secondary special,Single / not married,House / apartment,-14638,-5891,Laborers,1,1,0
5091821,0.0,C,M,N,Y,0,270000.0,Commercial associate,Secondary / secondary special,Single / not married,House / apartment,-14638,-5891,Laborers,1,1,0
5091822,0.0,C,M,N,Y,0,270000.0,Commercial associate,Secondary / secondary special,Single / not married,House / apartment,-14638,-5891,Laborers,1,1,0
5091823,0.0,C,M,N,Y,0,270000.0,Commercial associate,Secondary / secondary special,Single / not married,House / apartment,-14638,-5891,Laborers,1,1,0
5091824,0.0,C,M,N,Y,0,270000.0,Commercial associate,Secondary / secondary special,Single / not married,House / apartment,-14638,-5891,Laborers,1,1,0
5091825,0.0,C,M,N,Y,0,270000.0,Commercial associate,Secondary / secondary special,Single / not married,House / apartment,-14638,-5891,Laborers,1,1,0
5091831,0.0,X,F,Y,Y,3,54000.0,Working,Secondary / secondary special,Married,House / apartment,-12475,-2057,Laborers,5,2,1
5091840,0.0,0,M,Y,N,1,202500.0,Working,Secondary / secondary special,Married,With parents,-11942,-3638,Sales staff,3,4,1
5091844,0.0,C,M,Y,N,1,202500.0,Working,Secondary / secondary special,Married,With parents,-11942,-3638,Sales staff,3,2,1
5091845,0.0,0,M,Y,N,1,202500.0,Working,Secondary / secondary special,Married,With parents,-11942,-3638,Sales staff,3,4,1
5091846,0.0,0,M,Y,N,1,202500.0,Working,Secondary / secondary special,Married,With parents,-11942,-3638,Sales staff,3,4,1
5091847,0.0,X,M,Y,N,1,202500.0,Working,Secondary / secondary special,Married,With parents,-11942,-3638,Sales staff,3,2,1
5091850,0.0,C,M,Y,N,1,202500.0,Working,Secondary / secondary special,Married,With parents,-11942,-3638,Sales staff,3,2,1
5091853,0.0,X,M,N,Y,1,157500.0,Commercial associate,Secondary / secondary special,Married,House / apartment,-10686,-3457,Laborers,3,1,1
5091855,0.0,X,M,N,Y,1,157500.0,Commercial associate,Secondary / secondary special,Married,House / apartment,-10686,-3457,Laborers,3,1,1
5091856,0.0,0,F,Y,Y,2,117000.0,Working,Secondary / secondary special,Married,House / apartment,-10037,-1965,Waiters/barmen staff,4,4,1
5091857,0.0,X,M,Y,Y,0,135000.0,Working,Incomplete higher,Married,House / apartment,-12610,-5313,Laborers,2,2,0
5091858,0.0,X,M,Y,Y,0,135000.0,Working,Incomplete higher,Married,House / apartment,-12610,-5313,Laborers,2,2,0
5091859,0.0,C,M,N,Y,2,135000.0,Working,Secondary / secondary special,Married,House / apartment,-12175,-200,Laborers,4,2,1
5091860,0.0,X,F,N,Y,3,103500.0,Working,Secondary / secondary special,Married,House / apartment,-10682,-1692,Medicine staff,5,4,1
5091862,0.0,C,F,N,Y,3,103500.0,Working,Secondary / secondary special,Married,House / apartment,-10682,-1692,Medicine staff,5,2,1
5091866,0.0,X,F,N,Y,0,247500.0,Working,Higher education,Married,House / apartment,-19852,-200,Sales staff,2,1,0
5091867,0.0,0,F,N,Y,0,247500.0,Working,Higher education,Married,House / apartment,-19852,-200,Sales staff,2,1,0
5091870,0.0,0,F,N,Y,0,247500.0,Working,Higher education,Married,House / apartment,-19852,-200,Sales staff,2,1,0
5091876,0.0,0,F,Y,Y,0,202500.0,Commercial associate,Secondary / secondary special,Married,House / apartment,-18463,-7048,Accountants,2,1,0
5091878,0.0,C,F,Y,Y,0,202500.0,Commercial associate,Secondary / secondary special,Married,House / apartment,-18463,-7048,Accountants,2,0,0
5091879,0.0,0,F,Y,Y,0,202500.0,Commercial associate,Secondary / secondary special,Married,House / apartment,-18463,-7048,Accountants,2,1,0
5091880,0.0,C,F,Y,Y,0,202500.0,Commercial associate,Secondary / secondary special,Married,House / apartment,-18463,-7048,Accountants,2,0,0
5091881,0.0,X,F,Y,Y,0,202500.0,Commercial associate,Secondary / secondary special,Married,House / apartment,-18463,-7048,Accountants,2,1,0
5091882,0.0,X,F,Y,Y,0,202500.0,Commercial associate,Secondary / secondary special,Married,House / apartment,-18463,-7048,Accountants,2,1,0
5091883,0.0,0,F,Y,Y,0,202500.0,Commercial associate,Secondary / secondary special,Married,House / apartment,-18463,-7048,Accountants,2,1,0
5091884,0.0,C,F,N,Y,1,360000.0,Working,Secondary / secondary special,Married,House / apartment,-15864,-2696,High skill tech staff,3,2,2
5091886,0.0,X,F,N,Y,1,360000.0,Working,Secondary / secondary special,Married,House / apartment,-15864,-2696,High skill tech staff,3,4,2
5091887,0.0,C,F,N,Y,1,360000.0,Working,Secondary / secondary special,Married,House / apartment,-15864,-2696,High skill tech staff,3,2,2
5091888,0.0,C,F,N,Y,1,360000.0,Working,Secondary / secondary special,Married,House / apartment,-15864,-2696,High skill tech staff,3,2,2
5091894,0.0,0,M,N,N,0,157500.0,Commercial associate,Higher education,Single / not married,House / apartment,-10192,-1600,Sales staff,1,3,0
5091895,0.0,C,M,N,N,0,157500.0,Commercial associate,Higher education,Single / not married,House / apartment,-10192,-1600,Sales staff,1,3,0
5091900,0.0,0,M,N,N,1,139500.0,Working,Secondary / secondary special,Married,Rented apartment,-8682,-869,High skill tech staff,3,4,1
5091902,0.0,1,F,Y,Y,0,225000.0,Working,Secondary / secondary special,Widow,House / apartment,-19809,-1539,Cleaning staff,1,1,0
5091911,0.0,X,F,N,Y,0,180000.0,Commercial associate,Higher education,Married,House / apartment,-11067,-2208,Managers,2,3,0
5091912,0.0,X,F,N,Y,0,180000.0,Commercial associate,Higher education,Married,House / apartment,-11067,-2208,Managers,2,3,0
5091916,0.0,0,F,N,N,3,103500.0,Working,Secondary / secondary special,Married,With parents,-13674,-4491,Laborers,5,4,1
5091919,0.0,0,F,N,N,3,103500.0,Working,Secondary / secondary special,Married,With parents,-13674,-4491,Laborers,5,4,1
5091922,0.0,C,F,N,Y,2,72000.0,Working,Secondary / secondary special,Married,House / apartment,-15368,-5496,Medicine staff,4,2,1
5091923,0.0,0,F,N,Y,2,72000.0,Working,Secondary / secondary special,Married,House / apartment,-15368,-5496,Medicine staff,4,4,1
5091924,0.0,0,M,Y,Y,0,270000.0,Working,Secondary / secondary special,Married,House / apartment,-20049,-2361,Drivers,2,2,2
5091928,0.0,0,F,Y,N,0,108000.0,Working,Secondary / secondary special,Married,House / apartment,-16696,-4157,Sales staff,2,4,0
5091940,0.0,C,M,Y,Y,2,243000.0,State servant,Higher education,Married,House / apartment,-10467,-200,Core staff,4,0,1
5091941,0.0,0,M,Y,Y,2,243000.0,State servant,Higher education,Married,House / apartment,-10467,-200,Core staff,4,3,1
5091943,0.0,0,F,N,Y,0,225000.0,Working,Higher education,Single / not married,House / apartment,-18934,-1539,Accountants,1,1,0
5091946,0.0,0,F,N,Y,0,225000.0,Working,Higher education,Single / not married,House / apartment,-18934,-1539,Accountants,1,1,0
5091951,0.0,C,F,N,Y,0,225000.0,Working,Higher education,Single / not married,House / apartment,-18934,-1539,Accountants,1,0,0
5091952,0.0,C,F,N,Y,0,225000.0,Working,Higher education,Single / not married,House / apartment,-18934,-1539,Accountants,1,0,0
5091954,0.0,C,F,N,Y,0,135000.0,Commercial associate,Secondary / secondary special,Married,House / apartment,-15491,-504,Laborers,2,1,0
5091956,0.0,C,F,N,Y,0,135000.0,Commercial associate,Secondary / secondary special,Married,House / apartment,-15491,-504,Laborers,2,1,0
5091957,0.0,C,F,N,Y,0,135000.0,Commercial associate,Secondary / secondary special,Married,House / apartment,-15491,-504,Laborers,2,1,0
5091959,0.0,0,F,N,Y,0,135000.0,Commercial associate,Secondary / secondary special,Married,House / apartment,-15491,-504,Laborers,2,1,0
5091964,0.0,C,M,Y,N,0,180000.0,Working,Secondary / secondary special,Married,Municipal apartment,-18809,-1416,Drivers,2,2,0
5091965,0.0,0,M,Y,N,0,180000.0,Working,Secondary / secondary special,Married,Municipal apartment,-18809,-1416,Drivers,2,2,0
5091966,0.0,C,M,Y,Y,2,180000.0,Working,Secondary / secondary special,Married,House / apartment,-14272,-596,Drivers,4,2,1
5091967,0.0,C,M,Y,Y,2,180000.0,Working,Secondary / secondary special,Married,House / apartment,-14272,-596,Drivers,4,2,1
5091968,0.0,C,M,Y,Y,2,180000.0,Working,Secondary / secondary special,Married,House / apartment,-14272,-596,Drivers,4,2,1
5091970,0.0,C,M,Y,Y,2,180000.0,Working,Secondary / secondary special,Married,House / apartment,-14272,-596,Drivers,4,2,1
5091971,0.0,C,M,Y,Y,2,180000.0,Working,Secondary / secondary special,Married,House / apartment,-14272,-596,Drivers,4,2,1
5091973,0.0,X,F,N,Y,0,171000.0,Commercial associate,Secondary / secondary special,Married,House / apartment,-14978,-2330,Cooking staff,2,1,0
5091974,0.0,X,F,N,Y,0,171000.0,Commercial associate,Secondary / secondary special,Married,House / apartment,-14978,-2330,Cooking staff,2,1,0
5091979,0.0,X,F,N,Y,0,171000.0,Commercial associate,Secondary / secondary special,Married,House / apartment,-14978,-2330,Cooking staff,2,1,0
5091980,0.0,C,M,N,Y,0,112500.0,Commercial associate,Higher education,Married,House / apartment,-21601,-808,Managers,2,3,0
5091984,0.0,0,M,N,Y,0,112500.0,Commercial associate,Higher education,Married,House / apartment,-21601,-808,Managers,2,3,0
5091985,0.0,0,M,N,Y,0,112500.0,Commercial associate,Higher education,Married,House / apartment,-21601,-808,Managers,2,3,0
5091986,0.0,0,M,N,Y,0,112500.0,Commercial associate,Higher education,Married,House / apartment,-21601,-808,Managers,2,3,0
5091990,0.0,C,F,N,N,0,157500.0,Working,Higher education,Married,House / apartment,-18205,-9178,Core staff,2,0,0
5091991,0.0,X,F,N,N,0,157500.0,Working,Higher education,Married,House / apartment,-18205,-9178,Core staff,2,1,0
5091992,0.0,C,F,N,N,0,157500.0,Working,Higher education,Married,House / apartment,-18205,-9178,Core staff,2,0,0
5092004,0.0,X,F,N,N,0,112500.0,Commercial associate,Higher education,Married,With parents,-19721,-1539,Accountants,2,3,0
5092005,0.0,C,F,N,N,0,112500.0,Commercial associate,Higher education,Married,With parents,-19721,-1539,Accountants,2,3,0
5092006,0.0,0,F,N,N,0,112500.0,Commercial associate,Higher education,Married,With parents,-19721,-1539,Accountants,2,3,0
5092008,0.0,C,F,N,N,0,112500.0,Commercial associate,Higher education,Married,With parents,-19721,-1539,Accountants,2,3,0
5092009,0.0,C,F,N,N,0,112500.0,Commercial associate,Higher education,Married,With parents,-19721,-1539,Accountants,2,3,0
5092010,0.0,0,F,N,N,0,112500.0,Commercial associate,Higher education,Married,With parents,-19721,-1539,Accountants,2,3,0
5092011,0.0,C,F,N,N,0,112500.0,Commercial associate,Higher education,Married,With parents,-19721,-1539,Accountants,2,3,0
5092013,0.0,C,F,N,N,0,112500.0,Commercial associate,Higher education,Married,With parents,-19721,-1539,Accountants,2,3,0
5092014,0.0,C,F,Y,Y,1,247500.0,Working,Secondary / secondary special,Married,House / apartment,-15937,-3214,Laborers,3,2,1
5092015,0.0,C,F,Y,Y,1,247500.0,Working,Secondary / secondary special,Married,House / apartment,-15937,-3214,Laborers,3,2,1
5092016,0.0,C,F,N,Y,0,135000.0,Working,Secondary / secondary special,Married,House / apartment,-13211,-777,Core staff,2,2,0
5092018,0.0,X,F,N,Y,0,135000.0,Working,Secondary / secondary special,Married,House / apartment,-13211,-777,Core staff,2,4,0
5092019,0.0,C,F,N,Y,0,135000.0,Working,Secondary / secondary special,Married,House / apartment,-13211,-777,Core staff,2,2,0
5092020,0.0,C,F,N,Y,0,135000.0,Working,Secondary / secondary special,Married,House / apartment,-13211,-777,Core staff,2,2,0
5092021,0.0,0,F,N,Y,0,135000.0,Working,Secondary / secondary special,Married,House / apartment,-13211,-777,Core staff,2,4,0
5092022,0.0,X,F,N,Y,0,135000.0,Working,Secondary / secondary special,Married,House / apartment,-13211,-777,Core staff,2,4,0
5092023,0.0,X,F,N,Y,0,135000.0,Working,Secondary / secondary special,Married,House / apartment,-13211,-777,Core staff,2,4,0
5092024,0.0,C,F,N,Y,0,135000.0,Working,Secondary / secondary special,Married,House / apartment,-13211,-777,Core staff,2,2,0
5092025,0.0,X,F,N,Y,0,135000.0,Working,Secondary / secondary special,Married,House / apartment,-13211,-777,Core staff,2,4,0
5092027,0.0,X,F,N,Y,0,135000.0,Working,Secondary / secondary special,Married,House / apartment,-13211,-777,Core staff,2,4,0
5092029,0.0,0,F,N,Y,0,135000.0,Working,Secondary / secondary special,Married,House / apartment,-13211,-777,Core staff,2,4,0
5092031,0.0,X,F,N,Y,2,360000.0,Working,Secondary / secondary special,Separated,House / apartment,-14877,-5099,Medicine staff,3,4,2
5092033,0.0,0,F,N,Y,0,202500.0,Working,Secondary / secondary special,Married,Co-op apartment,-15120,-5649,High skill tech staff,2,4,0
5092036,0.0,C,F,Y,Y,0,180000.0,Working,Secondary / secondary special,Married,House / apartment,-12005,-2146,Accountants,2,2,0
5092037,0.0,1,F,Y,Y,0,180000.0,Working,Secondary / secondary special,Married,House / apartment,-12005,-2146,Accountants,2,1,0
5092058,0.0,C,F,N,Y,0,180000.0,Working,Secondary / secondary special,Married,House / apartment,-15722,-3242,Private service staff,2,2,0
5092059,0.0,C,F,N,Y,0,202500.0,Commercial associate,Secondary / secondary special,Single / not married,House / apartment,-10227,-3365,Sales staff,1,1,0
5092060,0.0,C,F,N,Y,0,202500.0,Commercial associate,Secondary / secondary special,Single / not married,House / apartment,-10227,-3365,Sales staff,1,1,0
5092061,0.0,C,F,N,Y,0,202500.0,Commercial associate,Secondary / secondary special,Single / not married,House / apartment,-10227,-3365,Sales staff,1,1,0
5092062,0.0,C,F,N,Y,0,202500.0,Commercial associate,Secondary / secondary special,Single / not married,House / apartment,-10227,-3365,Sales staff,1,1,0
5092071,0.0,C,F,N,N,1,112500.0,Commercial associate,Secondary / secondary special,Single / not married,House / apartment,-13436,-2452,High skill tech staff,2,1,0
5092073,0.0,C,F,N,N,1,112500.0,Commercial associate,Secondary / secondary special,Single / not married,House / apartment,-13436,-2452,High skill tech staff,2,1,0
5092074,0.0,0,F,N,N,1,112500.0,Commercial associate,Secondary / secondary special,Single / not married,House / apartment,-13436,-2452,High skill tech staff,2,1,0
5092077,0.0,X,M,N,N,0,202500.0,Working,Secondary / secondary special,Married,Municipal apartment,-17696,-412,Laborers,2,4,0
5092078,0.0,0,M,N,N,0,202500.0,Working,Secondary / secondary special,Married,Municipal apartment,-17696,-412,Laborers,2,4,0
5092088,0.0,0,M,Y,Y,2,247500.0,Working,Secondary / secondary special,Married,House / apartment,-17320,-535,Laborers,4,2,1
5092092,0.0,X,F,N,Y,1,144000.0,Commercial associate,Secondary / secondary special,Single / not married,House / apartment,-14095,-3153,Laborers,2,1,0
5092093,0.0,0,F,N,Y,1,144000.0,Commercial associate,Secondary / secondary special,Single / not married,House / apartment,-14095,-3153,Laborers,2,1,0
5092104,0.0,C,F,N,Y,1,135000.0,Working,Secondary / secondary special,Single / not married,Municipal apartment,-16767,-9270,Medicine staff,2,4,0
5092105,0.0,C,F,N,Y,1,135000.0,Working,Secondary / secondary special,Single / not married,Municipal apartment,-16767,-9270,Medicine staff,2,4,0
5092106,0.0,C,F,N,Y,1,135000.0,Working,Secondary / secondary special,Single / not married,Municipal apartment,-16767,-9270,Medicine staff,2,4,0
5092108,0.0,0,F,N,Y,1,135000.0,Working,Secondary / secondary special,Single / not married,Municipal apartment,-16767,-9270,Medicine staff,2,4,0
5092109,0.0,0,F,N,Y,1,135000.0,Working,Secondary / secondary special,Single / not married,Municipal apartment,-16767,-9270,Medicine staff,2,4,0
5092111,0.0,C,M,N,N,0,270000.0,State servant,Secondary / secondary special,Single / not married,With parents,-9649,-1996,Core staff,1,1,0
5092115,0.0,X,M,Y,Y,1,180000.0,Commercial associate,Secondary / secondary special,Married,House / apartment,-16794,-3092,High skill tech staff,3,1,1
5092128,0.0,0,M,Y,Y,1,198000.0,Commercial associate,Higher education,Civil marriage,House / apartment,-16149,-4279,Managers,3,3,1
5092129,0.0,X,M,Y,Y,1,198000.0,Commercial associate,Higher education,Civil marriage,House / apartment,-16149,-4279,Managers,3,3,1
5092130,0.0,0,M,Y,Y,1,198000.0,Commercial associate,Higher education,Civil marriage,House / apartment,-16149,-4279,Managers,3,3,1
5092132,0.0,0,M,Y,Y,0,292500.0,State servant,Secondary / secondary special,Married,House / apartment,-17663,-1022,Low-skill Laborers,2,1,2
5092140,0.0,0,M,N,N,0,121500.0,Working,Higher education,Single / not married,House / apartment,-11162,-1327,Laborers,1,1,0
5092141,0.0,0,M,N,N,0,121500.0,Working,Higher education,Single / not married,House / apartment,-11162,-1327,Laborers,1,1,0
5092152,0.0,C,F,N,Y,0,94500.0,Working,Higher education,Single / not married,House / apartment,-13460,-2543,Accountants,1,0,0
5092153,0.0,C,F,N,Y,0,94500.0,Working,Higher education,Single / not married,House / apartment,-13460,-2543,Accountants,1,0,0
5092167,0.0,C,M,Y,Y,3,81000.0,Working,Secondary / secondary special,Married,House / apartment,-12654,-200,Laborers,5,2,1
5092170,0.0,C,M,Y,Y,3,81000.0,Working,Secondary / secondary special,Married,House / apartment,-12654,-200,Laborers,5,2,1
5092171,0.0,0,M,Y,N,2,315000.0,Commercial associate,Incomplete higher,Married,House / apartment,-11080,-657,Managers,4,3,1
5092175,0.0,0,M,Y,N,2,315000.0,Commercial associate,Incomplete higher,Married,House / apartment,-11080,-657,Managers,4,3,1
5092176,0.0,0,M,Y,N,2,315000.0,Commercial associate,Incomplete higher,Married,House / apartment,-11080,-657,Managers,4,3,1
5092177,0.0,0,M,Y,N,2,315000.0,Commercial associate,Incomplete higher,Married,House / apartment,-11080,-657,Managers,4,3,1
5092185,0.0,C,F,N,Y,0,292500.0,Working,Secondary / secondary special,Married,House / apartment,-21016,-14018,Medicine staff,2,2,2
5092196,0.0,0,F,N,Y,0,292500.0,Working,Secondary / secondary special,Married,House / apartment,-21016,-14018,Medicine staff,2,4,2
5092197,0.0,0,F,N,Y,0,292500.0,Working,Secondary / secondary special,Married,House / apartment,-21016,-14018,Medicine staff,2,4,2
5092199,0.0,0,F,N,Y,0,292500.0,Working,Secondary / secondary special,Married,House / apartment,-21016,-14018,Medicine staff,2,4,2
5092200,0.0,0,F,N,Y,0,292500.0,Working,Secondary / secondary special,Married,House / apartment,-21016,-14018,Medicine staff,2,4,2
5092201,0.0,X,M,Y,Y,0,180000.0,Working,Higher education,Married,House / apartment,-11993,-4826,Laborers,2,0,0
5092203,0.0,C,M,Y,Y,0,180000.0,Working,Higher education,Married,House / apartment,-11993,-4826,Laborers,2,0,0
5092206,0.0,C,M,Y,Y,0,180000.0,Working,Higher education,Married,House / apartment,-11993,-4826,Laborers,2,0,0
5092207,0.0,0,M,N,Y,0,247500.0,Working,Secondary / secondary special,Civil marriage,House / apartment,-8887,-170,Managers,2,4,0
5092208,0.0,C,F,Y,Y,0,144000.0,Working,Secondary / secondary special,Married,House / apartment,-21502,-3122,Accountants,2,2,0
5092210,0.0,C,F,Y,Y,0,144000.0,Working,Secondary / secondary special,Married,House / apartment,-21502,-3122,Accountants,2,2,0
5092211,0.0,0,F,Y,Y,0,144000.0,Working,Secondary / secondary special,Married,House / apartment,-21502,-3122,Accountants,2,4,0
5092215,0.0,X,F,Y,Y,0,144000.0,Working,Secondary / secondary special,Married,House / apartment,-21502,-3122,Accountants,2,4,0
5092216,0.0,X,F,Y,Y,0,144000.0,Working,Secondary / secondary special,Married,House / apartment,-21502,-3122,Accountants,2,4,0
5092221,0.0,X,M,N,N,0,67500.0,State servant,Secondary / secondary special,Married,House / apartment,-11654,-2818,Laborers,2,4,0
5092222,0.0,X,M,N,N,0,67500.0,State servant,Secondary / secondary special,Married,House / apartment,-11654,-2818,Laborers,2,4,0
5092223,0.0,X,M,N,N,0,67500.0,State servant,Secondary / secondary special,Married,House / apartment,-11654,-2818,Laborers,2,4,0
5092247,0.0,C,F,N,Y,0,90000.0,Working,Secondary / secondary special,Married,House / apartment,-20009,-5099,Laborers,2,2,0
5092250,0.0,C,F,N,Y,0,90000.0,Working,Secondary / secondary special,Married,House / apartment,-20009,-5099,Laborers,2,2,0
5092252,0.0,C,M,Y,Y,0,112500.0,Working,Secondary / secondary special,Married,House / apartment,-17300,-1235,Drivers,2,2,0
5092253,0.0,C,M,Y,Y,0,112500.0,Working,Secondary / secondary special,Married,House / apartment,-17300,-1235,Drivers,2,2,0
5092255,0.0,C,M,Y,Y,0,112500.0,Working,Secondary / secondary special,Married,House / apartment,-17300,-1235,Drivers,2,2,0
5092256,0.0,0,M,Y,Y,0,112500.0,Working,Secondary / secondary special,Married,House / apartment,-17300,-1235,Drivers,2,2,0
5092257,0.0,0,M,Y,Y,0,112500.0,Working,Secondary / secondary special,Married,House / apartment,-17300,-1235,Drivers,2,2,0
5092258,0.0,C,F,Y,Y,2,157500.0,Working,Secondary / secondary special,Married,House / apartment,-12885,-2087,Laborers,4,2,1
5092259,0.0,C,F,Y,Y,2,157500.0,Working,Secondary / secondary special,Married,House / apartment,-12885,-2087,Laborers,4,2,1
5092260,0.0,C,M,N,Y,0,112500.0,Working,Secondary / secondary special,Civil marriage,House / apartment,-17837,-351,Security staff,2,2,0
5092261,0.0,0,M,N,Y,0,112500.0,Working,Secondary / secondary special,Civil marriage,House / apartment,-17837,-351,Security staff,2,4,0
5092263,0.0,C,M,N,Y,0,112500.0,Working,Secondary / secondary special,Civil marriage,House / apartment,-17837,-351,Security staff,2,2,0
5092264,0.0,C,M,N,Y,0,112500.0,Working,Secondary / secondary special,Civil marriage,House / apartment,-17837,-351,Security staff,2,2,0
5092265,0.0,C,M,N,Y,0,112500.0,Working,Secondary / secondary special,Civil marriage,House / apartment,-17837,-351,Security staff,2,2,0
5092268,0.0,C,M,N,Y,0,112500.0,Working,Secondary / secondary special,Civil marriage,House / apartment,-17837,-351,Security staff,2,2,0
5092270,0.0,C,M,N,Y,0,112500.0,Working,Secondary / secondary special,Civil marriage,House / apartment,-17837,-351,Security staff,2,2,0
5092271,0.0,C,F,N,Y,0,360000.0,Working,Secondary / secondary special,Married,House / apartment,-15552,-5587,Laborers,2,2,2
5092274,0.0,X,F,N,Y,0,360000.0,Working,Secondary / secondary special,Married,House / apartment,-15552,-5587,Laborers,2,4,2
5092275,0.0,C,F,N,Y,0,360000.0,Working,Secondary / secondary special,Married,House / apartment,-15552,-5587,Laborers,2,2,2
5092276,0.0,C,F,N,Y,0,360000.0,Working,Secondary / secondary special,Married,House / apartment,-15552,-5587,Laborers,2,2,2
5092278,0.0,C,F,N,Y,0,360000.0,Working,Secondary / secondary special,Married,House / apartment,-15552,-5587,Laborers,2,2,2
5092279,0.0,C,F,N,Y,0,360000.0,Working,Secondary / secondary special,Married,House / apartment,-15552,-5587,Laborers,2,2,2
5092303,0.0,X,M,N,Y,0,270000.0,Working,Secondary / secondary special,Married,House / apartment,-18625,-3153,Laborers,2,2,0
5092304,0.0,X,M,N,Y,0,270000.0,Working,Secondary / secondary special,Married,House / apartment,-18625,-3153,Laborers,2,2,0
5092305,0.0,X,M,N,Y,0,270000.0,Working,Secondary / secondary special,Married,House / apartment,-18625,-3153,Laborers,2,2,0
5092308,0.0,C,M,N,Y,0,270000.0,Working,Secondary / secondary special,Married,House / apartment,-18625,-3153,Laborers,2,2,0
5092310,0.0,X,M,N,Y,0,270000.0,Working,Secondary / secondary special,Married,House / apartment,-18625,-3153,Laborers,2,2,0
5092314,0.0,X,M,N,Y,0,270000.0,Working,Secondary / secondary special,Married,House / apartment,-18625,-3153,Laborers,2,2,0
5092315,0.0,X,M,N,Y,0,270000.0,Working,Secondary / secondary special,Married,House / apartment,-18625,-3153,Laborers,2,2,0
5092316,0.0,X,M,N,Y,0,270000.0,Working,Secondary / secondary special,Married,House / apartment,-18625,-3153,Laborers,2,2,0
5092320,0.0,C,F,N,Y,0,202500.0,Working,Secondary / secondary special,Married,House / apartment,-12347,-2057,Laborers,2,2,0
5092322,0.0,X,F,N,Y,0,202500.0,Working,Secondary / secondary special,Married,House / apartment,-12347,-2057,Laborers,2,4,0
5092323,0.0,0,F,N,Y,0,202500.0,Working,Secondary / secondary special,Married,House / apartment,-12347,-2057,Laborers,2,4,0
5092337,0.0,C,F,N,Y,0,112500.0,Working,Secondary / secondary special,Married,House / apartment,-19054,-1296,Cleaning staff,2,2,0
5092338,0.0,C,F,N,Y,0,112500.0,Working,Secondary / secondary special,Married,House / apartment,-19054,-1296,Cleaning staff,2,2,0
5092339,0.0,C,F,N,Y,0,112500.0,Working,Secondary / secondary special,Married,House / apartment,-19054,-1296,Cleaning staff,2,2,0
5092340,0.0,C,F,N,Y,0,112500.0,Working,Secondary / secondary special,Married,House / apartment,-19054,-1296,Cleaning staff,2,2,0
5092341,0.0,0,F,N,Y,0,112500.0,Working,Secondary / secondary special,Married,House / apartment,-19054,-1296,Cleaning staff,2,4,0
5092343,0.0,C,F,N,Y,0,225000.0,Working,Secondary / secondary special,Widow,House / apartment,-19252,-2057,Sales staff,1,4,0
5092344,0.0,C,F,N,Y,0,225000.0,Working,Secondary / secondary special,Widow,House / apartment,-19252,-2057,Sales staff,1,4,0
5092347,0.0,C,F,N,Y,0,225000.0,Working,Secondary / secondary special,Widow,House / apartment,-19252,-2057,Sales staff,1,4,0
5092348,0.0,0,F,N,Y,0,225000.0,Working,Secondary / secondary special,Widow,House / apartment,-19252,-2057,Sales staff,1,4,0
5092349,0.0,C,F,N,Y,0,225000.0,Working,Secondary / secondary special,Widow,House / apartment,-19252,-2057,Sales staff,1,4,0
5092351,0.0,C,F,Y,Y,0,405000.0,Commercial associate,Higher education,Married,House / apartment,-14981,-685,Laborers,2,0,2
5092352,0.0,C,F,Y,Y,0,405000.0,Commercial associate,Higher education,Married,House / apartment,-14981,-685,Laborers,2,0,2
5092356,0.0,C,F,N,N,0,121500.0,Commercial associate,Secondary / secondary special,Civil marriage,House / apartment,-21587,-5009,Laborers,2,1,0
5092357,0.0,C,F,N,N,0,121500.0,Commercial associate,Secondary / secondary special,Civil marriage,House / apartment,-21587,-5009,Laborers,2,1,0
5092358,0.0,C,F,N,Y,0,90000.0,Commercial associate,Secondary / secondary special,Single / not married,House / apartment,-18587,-1388,Cleaning staff,1,1,0
5092360,0.0,C,F,N,Y,0,90000.0,Commercial associate,Secondary / secondary special,Single / not married,House / apartment,-18587,-1388,Cleaning staff,1,1,0
5092361,0.0,0,F,N,Y,0,90000.0,Commercial associate,Secondary / secondary special,Single / not married,House / apartment,-18587,-1388,Cleaning staff,1,1,0
5092362,0.0,C,F,N,Y,0,90000.0,Commercial associate,Secondary / secondary special,Single / not married,House / apartment,-18587,-1388,Cleaning staff,1,1,0
5092366,0.0,C,F,N,Y,0,135000.0,Working,Secondary / secondary special,Married,House / apartment,-16698,-1296,Sales staff,2,2,0
5092380,0.0,0,F,N,Y,0,153000.0,Working,Secondary / secondary special,Widow,House / apartment,-12813,-2269,Laborers,1,4,0
5092381,0.0,C,F,N,Y,0,153000.0,Working,Secondary / secondary special,Widow,House / apartment,-12813,-2269,Laborers,1,2,0
5092382,0.0,C,F,N,Y,2,81000.0,Commercial associate,Higher education,Married,House / apartment,-12404,-1539,Managers,4,3,1
5092383,0.0,C,F,N,Y,2,81000.0,Commercial associate,Higher education,Married,House / apartment,-12404,-1539,Managers,4,3,1
5092384,0.0,X,F,N,Y,2,81000.0,Commercial associate,Higher education,Married,House / apartment,-12404,-1539,Managers,4,3,1
5092393,0.0,C,M,Y,Y,1,157500.0,Commercial associate,Secondary / secondary special,Married,House / apartment,-11050,-443,Drivers,3,0,1
5092395,0.0,C,M,Y,Y,1,157500.0,Commercial associate,Secondary / secondary special,Married,House / apartment,-11050,-443,Drivers,3,0,1
5092402,0.0,C,M,Y,N,0,112500.0,Working,Higher education,Single / not married,With parents,-10117,-108,High skill tech staff,1,0,0
5092403,0.0,C,M,Y,N,0,112500.0,Working,Higher education,Single / not married,With parents,-10117,-108,High skill tech staff,1,0,0
5092405,0.0,C,M,N,Y,0,144000.0,Working,Secondary / secondary special,Married,House / apartment,-21649,-3000,Drivers,2,2,0
5092406,0.0,0,M,N,Y,0,144000.0,Working,Secondary / secondary special,Married,House / apartment,-21649,-3000,Drivers,2,4,0
5092407,0.0,C,M,N,Y,0,144000.0,Working,Secondary / secondary special,Married,House / apartment,-21649,-3000,Drivers,2,2,0
5092409,0.0,C,M,N,Y,0,144000.0,Working,Secondary / secondary special,Married,House / apartment,-21649,-3000,Drivers,2,2,0
5092412,0.0,0,F,N,Y,0,247500.0,Commercial associate,Higher education,Married,House / apartment,-11648,-1478,Managers,2,3,0
5092414,0.0,X,M,Y,Y,0,225000.0,Commercial associate,Secondary / secondary special,Married,House / apartment,-13874,-2330,Laborers,2,2,0
5092415,0.0,C,M,Y,Y,1,157500.0,Working,Secondary / secondary special,Married,House / apartment,-17571,-1508,Laborers,3,2,1
5092416,0.0,0,M,Y,Y,1,157500.0,Working,Secondary / secondary special,Married,House / apartment,-17571,-1508,Laborers,3,2,1
5092420,0.0,C,M,Y,Y,1,157500.0,Working,Secondary / secondary special,Married,House / apartment,-17571,-1508,Laborers,3,2,1
5092422,0.0,C,M,Y,Y,1,157500.0,Working,Secondary / secondary special,Married,House / apartment,-17571,-1508,Laborers,3,2,1
5092423,0.0,C,F,Y,Y,0,405000.0,Commercial associate,Higher education,Civil marriage,House / apartment,-16825,-108,Accountants,2,3,2
5092424,0.0,C,F,Y,Y,0,405000.0,Commercial associate,Higher education,Civil marriage,House / apartment,-16825,-108,Accountants,2,3,2
5092426,0.0,X,F,Y,Y,0,405000.0,Commercial associate,Higher education,Civil marriage,House / apartment,-16825,-108,Accountants,2,3,2
5092428,0.0,0,F,Y,Y,0,72000.0,Working,Secondary / secondary special,Married,With parents,-12138,-200,Cooking staff,2,4,0
5092429,0.0,C,F,Y,Y,0,72000.0,Working,Secondary / secondary special,Married,With parents,-12138,-200,Cooking staff,2,2,0
5092430,0.0,C,F,Y,Y,0,72000.0,Working,Secondary / secondary special,Married,With parents,-12138,-200,Cooking staff,2,2,0
5092431,0.0,C,F,Y,Y,0,72000.0,Working,Secondary / secondary special,Married,With parents,-12138,-200,Cooking staff,2,2,0
5092448,0.0,C,M,Y,Y,0,360000.0,Working,Higher education,Married,House / apartment,-22456,-1934,Managers,2,0,2
5092449,0.0,0,M,Y,Y,0,360000.0,Working,Higher education,Married,House / apartment,-22456,-1934,Managers,2,0,2
5092450,0.0,C,M,Y,N,0,121500.0,Commercial associate,Secondary / secondary special,Single / not married,With parents,-9215,-108,Laborers,1,0,0
5092451,0.0,C,M,Y,N,0,121500.0,Commercial associate,Secondary / secondary special,Single / not married,With parents,-9215,-108,Laborers,1,0,0
5092452,0.0,0,M,Y,N,0,121500.0,Commercial associate,Secondary / secondary special,Single / not married,With parents,-9215,-108,Laborers,1,1,0
5092453,0.0,C,M,Y,N,0,121500.0,Commercial associate,Secondary / secondary special,Single / not married,With parents,-9215,-108,Laborers,1,0,0
5092454,0.0,C,M,Y,N,0,121500.0,Commercial associate,Secondary / secondary special,Single / not married,With parents,-9215,-108,Laborers,1,0,0
5092455,0.0,C,M,N,N,1,247500.0,Working,Secondary / secondary special,Separated,Municipal apartment,-16107,-5313,High skill tech staff,2,2,0
5092456,0.0,0,M,N,N,1,247500.0,Working,Secondary / secondary special,Separated,Municipal apartment,-16107,-5313,High skill tech staff,2,4,0
5092457,0.0,0,M,N,N,1,247500.0,Working,Secondary / secondary special,Separated,Municipal apartment,-16107,-5313,High skill tech staff,2,4,0
5092465,0.0,X,F,N,N,0,67500.0,Working,Secondary / secondary special,Married,House / apartment,-15161,-2087,Sales staff,2,4,0
5092466,0.0,0,F,N,N,0,67500.0,Working,Secondary / secondary special,Married,House / apartment,-15161,-2087,Sales staff,2,4,0
5092467,0.0,X,F,N,N,0,67500.0,Working,Secondary / secondary special,Married,House / apartment,-15161,-2087,Sales staff,2,4,0
5092468,0.0,0,F,N,N,0,67500.0,Working,Secondary / secondary special,Married,House / apartment,-15161,-2087,Sales staff,2,4,0
5092471,0.0,0,F,N,N,0,67500.0,Working,Secondary / secondary special,Married,House / apartment,-15161,-2087,Sales staff,2,4,0
5092473,0.0,C,M,Y,Y,1,171000.0,State servant,Secondary / secondary special,Married,House / apartment,-15730,-3852,Drivers,3,0,1
5092475,0.0,X,F,N,N,1,85500.0,State servant,Secondary / secondary special,Married,Municipal apartment,-15014,-6866,Core staff,3,1,1
5092476,0.0,0,F,N,N,1,85500.0,State servant,Secondary / secondary special,Married,Municipal apartment,-15014,-6866,Core staff,3,1,1
5092481,0.0,X,F,N,N,1,85500.0,State servant,Secondary / secondary special,Married,Municipal apartment,-15014,-6866,Core staff,3,1,1
5093187,0.0,0,M,Y,N,1,135000.0,Working,Secondary / secondary special,Married,House / apartment,-14453,-819,Laborers,3,2,1
5093227,0.0,C,M,N,Y,0,157500.0,Commercial associate,Academic degree,Married,House / apartment,-21453,-1854,Managers,2,0,0
5093228,0.0,0,M,N,Y,0,157500.0,Commercial associate,Academic degree,Married,House / apartment,-21453,-1854,Managers,2,1,0
5093234,0.0,C,M,N,N,0,90000.0,Working,Secondary / secondary special,Civil marriage,House / apartment,-12576,-3345,Security staff,2,2,0
5093235,0.0,C,M,N,N,0,90000.0,Working,Secondary / secondary special,Civil marriage,House / apartment,-12576,-3345,Security staff,2,2,0
5093247,0.0,0,F,N,Y,0,247500.0,Commercial associate,Higher education,Married,House / apartment,-11914,-2980,Sales staff,2,3,0
5093250,0.0,C,F,N,Y,0,247500.0,Commercial associate,Higher education,Married,House / apartment,-11914,-2980,Sales staff,2,3,0
5093251,0.0,C,F,N,Y,0,247500.0,Commercial associate,Higher education,Married,House / apartment,-11914,-2980,Sales staff,2,3,0
5093252,0.0,C,F,N,Y,0,247500.0,Commercial associate,Higher education,Married,House / apartment,-11914,-2980,Sales staff,2,3,0
5093254,0.0,0,F,Y,Y,0,157500.0,Working,Secondary / secondary special,Widow,House / apartment,-15584,-1611,Sales staff,1,4,0
5093260,0.0,1,F,Y,Y,0,157500.0,Working,Secondary / secondary special,Widow,House / apartment,-15584,-1611,Sales staff,1,1,0
5093280,0.0,0,M,Y,N,0,225000.0,Commercial associate,Secondary / secondary special,Separated,House / apartment,-15441,-1976,Drivers,1,1,0
5093281,0.0,C,M,Y,N,0,225000.0,Commercial associate,Secondary / secondary special,Separated,House / apartment,-15441,-1976,Drivers,1,0,0
5093282,0.0,1,M,Y,N,0,225000.0,Commercial associate,Secondary / secondary special,Separated,House / apartment,-15441,-1976,Drivers,1,1,0
5093283,0.0,1,M,Y,N,0,225000.0,Commercial associate,Secondary / secondary special,Separated,House / apartment,-15441,-1976,Drivers,1,1,0
5093285,0.0,C,M,N,Y,0,157500.0,Working,Secondary / secondary special,Married,House / apartment,-17576,-1216,Laborers,2,2,0
5093288,0.0,0,M,Y,Y,1,292500.0,Working,Secondary / secondary special,Married,With parents,-12015,-1550,Laborers,3,2,1
5093289,0.0,0,M,Y,Y,1,292500.0,Working,Secondary / secondary special,Married,With parents,-12015,-1550,Laborers,3,2,1
5093292,0.0,0,M,Y,Y,1,292500.0,Working,Secondary / secondary special,Married,With parents,-12015,-1550,Laborers,3,2,1
5093293,0.0,X,M,Y,Y,1,292500.0,Working,Secondary / secondary special,Married,With parents,-12015,-1550,Laborers,3,2,1
5093303,0.0,C,F,N,Y,0,270000.0,Working,Higher education,Single / not married,House / apartment,-23369,-3437,Managers,1,0,2
5093304,0.0,X,F,N,Y,0,270000.0,Working,Higher education,Single / not married,House / apartment,-23369,-3437,Managers,1,1,2
5093305,0.0,C,F,N,Y,0,270000.0,Working,Higher education,Single / not married,House / apartment,-23369,-3437,Managers,1,0,2
5093306,0.0,C,F,N,Y,0,270000.0,Working,Higher education,Single / not married,House / apartment,-23369,-3437,Managers,1,0,2
5093307,0.0,0,F,N,Y,0,270000.0,Working,Higher education,Single / not married,House / apartment,-23369,-3437,Managers,1,1,2
5094865,0.0,C,F,N,Y,0,81000.0,Working,Secondary / secondary special,Separated,House / apartment,-15007,-1677,Laborers,1,2,0
5094867,0.0,C,F,N,Y,0,81000.0,Working,Secondary / secondary special,Separated,House / apartment,-15007,-1677,Laborers,1,2,0
5094868,0.0,X,F,N,Y,0,81000.0,Working,Secondary / secondary special,Separated,House / apartment,-15007,-1677,Laborers,1,4,0
5094880,0.0,X,M,N,Y,0,450000.0,Commercial associate,Secondary / secondary special,Single / not married,With parents,-10363,-1282,Managers,1,1,2
5094882,0.0,X,M,N,Y,0,450000.0,Commercial associate,Secondary / secondary special,Single / not married,With parents,-10363,-1282,Managers,1,1,2
5094883,0.0,0,M,N,Y,0,450000.0,Commercial associate,Secondary / secondary special,Single / not married,With parents,-10363,-1282,Managers,1,1,2
5094888,0.0,X,F,N,Y,0,90000.0,Working,Higher education,Single / not married,House / apartment,-21532,-4630,Laborers,1,1,0
5094890,0.0,X,F,N,Y,0,90000.0,Working,Higher education,Single / not married,House / apartment,-21532,-4630,Laborers,1,1,0
5094892,0.0,C,M,N,Y,0,67500.0,Working,Secondary / secondary special,Married,House / apartment,-19886,-1555,Laborers,2,2,0
5094893,0.0,0,M,N,Y,0,67500.0,Working,Secondary / secondary special,Married,House / apartment,-19886,-1555,Laborers,2,4,0
5094898,0.0,C,M,Y,Y,1,180000.0,Working,Secondary / secondary special,Civil marriage,House / apartment,-14136,-3928,Managers,3,2,1
5094901,0.0,X,M,Y,Y,1,180000.0,Working,Secondary / secondary special,Civil marriage,House / apartment,-14136,-3928,Managers,3,2,1
5094916,0.0,C,F,N,Y,2,90000.0,Working,Secondary / secondary special,Single / not married,House / apartment,-14071,-1098,Cooking staff,3,4,1
5094917,0.0,C,F,Y,Y,0,135000.0,Commercial associate,Secondary / secondary special,Married,House / apartment,-12175,-1463,Core staff,2,0,0
5094919,0.0,C,F,Y,Y,0,135000.0,Commercial associate,Secondary / secondary special,Married,House / apartment,-12175,-1463,Core staff,2,0,0
5094920,0.0,C,F,Y,Y,0,135000.0,Commercial associate,Secondary / secondary special,Married,House / apartment,-12175,-1463,Core staff,2,0,0
5094921,0.0,C,F,Y,Y,0,135000.0,Commercial associate,Secondary / secondary special,Married,House / apartment,-12175,-1463,Core staff,2,0,0
5094923,0.0,C,F,Y,Y,0,135000.0,Commercial associate,Secondary / secondary special,Married,House / apartment,-12175,-1463,Core staff,2,0,0
5094924,0.0,C,F,Y,Y,0,135000.0,Commercial associate,Secondary / secondary special,Married,House / apartment,-12175,-1463,Core staff,2,0,0
5094925,0.0,C,F,Y,Y,0,135000.0,Commercial associate,Secondary / secondary special,Married,House / apartment,-12175,-1463,Core staff,2,0,0
5094926,0.0,0,F,Y,Y,0,135000.0,Commercial associate,Secondary / secondary special,Married,House / apartment,-12175,-1463,Core staff,2,1,0
5094927,0.0,C,M,Y,Y,0,112500.0,Working,Secondary / secondary special,Single / not married,House / apartment,-10324,-2438,Sales staff,1,2,0
5094928,0.0,C,M,Y,Y,0,405000.0,Commercial associate,Higher education,Married,House / apartment,-16271,-398,Drivers,2,0,2
5094929,0.0,C,M,Y,Y,0,405000.0,Commercial associate,Higher education,Married,House / apartment,-16271,-398,Drivers,2,0,2
5094930,0.0,0,M,Y,Y,0,405000.0,Commercial associate,Higher education,Married,House / apartment,-16271,-398,Drivers,2,3,2
5094931,0.0,C,M,Y,Y,0,405000.0,Commercial associate,Higher education,Married,House / apartment,-16271,-398,Drivers,2,0,2
5094932,0.0,C,M,Y,Y,0,405000.0,Commercial associate,Higher education,Married,House / apartment,-16271,-398,Drivers,2,0,2
5094944,0.0,X,F,Y,N,0,45000.0,Working,Secondary / secondary special,Single / not married,Rented apartment,-8988,-977,Sales staff,1,4,0
5094964,0.0,X,F,N,Y,2,60750.0,Commercial associate,Higher education,Married,House / apartment,-10687,-1981,Core staff,4,3,1
5094967,0.0,C,F,N,Y,2,60750.0,Commercial associate,Higher education,Married,House / apartment,-10687,-1981,Core staff,4,3,1
5094970,0.0,0,F,N,Y,2,60750.0,Commercial associate,Higher education,Married,House / apartment,-10687,-1981,Core staff,4,3,1
5094972,0.0,0,M,Y,Y,0,225000.0,Commercial associate,Higher education,Married,House / apartment,-13453,-4081,Laborers,2,3,0
5094973,0.0,0,F,N,Y,1,76500.0,Commercial associate,Secondary / secondary special,Single / not married,House / apartment,-14540,-3350,Cooking staff,2,1,0
5095006,0.0,X,M,N,Y,2,180000.0,Working,Secondary / secondary special,Married,House / apartment,-10640,-1494,Laborers,4,2,1
5095008,0.0,X,M,N,Y,2,180000.0,Working,Secondary / secondary special,Married,House / apartment,-10640,-1494,Laborers,4,2,1
5095011,0.0,0,M,N,Y,2,180000.0,Working,Secondary / secondary special,Married,House / apartment,-10640,-1494,Laborers,4,4,1
5095012,0.0,0,M,Y,Y,0,157500.0,Working,Secondary / secondary special,Single / not married,House / apartment,-8098,-1037,High skill tech staff,1,4,0
5095031,0.0,C,M,Y,Y,0,202500.0,Commercial associate,Higher education,Married,House / apartment,-15406,-1463,Drivers,2,0,0
5095032,0.0,C,M,Y,Y,0,202500.0,Commercial associate,Higher education,Married,House / apartment,-15406,-1463,Drivers,2,0,0
5095033,0.0,0,M,Y,Y,0,202500.0,Commercial associate,Higher education,Married,House / apartment,-15406,-1463,Drivers,2,3,0
5095034,0.0,C,M,Y,Y,0,157500.0,Working,Secondary / secondary special,Married,House / apartment,-10305,-155,Laborers,2,2,0
5095035,0.0,C,M,Y,Y,0,157500.0,Working,Secondary / secondary special,Married,House / apartment,-10305,-155,Laborers,2,2,0
5095040,0.0,C,M,Y,Y,0,157500.0,Working,Secondary / secondary special,Married,House / apartment,-10305,-155,Laborers,2,2,0
5095041,0.0,C,M,Y,Y,0,157500.0,Working,Secondary / secondary special,Married,House / apartment,-10305,-155,Laborers,2,2,0
5095042,0.0,0,M,Y,Y,0,157500.0,Working,Secondary / secondary special,Married,House / apartment,-10305,-155,Laborers,2,2,0
5095043,0.0,C,M,Y,Y,0,157500.0,Working,Secondary / secondary special,Married,House / apartment,-10305,-155,Laborers,2,2,0
5095092,0.0,C,F,N,Y,2,202500.0,Working,Higher education,Married,House / apartment,-13797,-3259,High skill tech staff,4,0,1
5095093,0.0,X,F,N,Y,2,202500.0,Working,Higher education,Married,House / apartment,-13797,-3259,High skill tech staff,4,1,1
5095094,0.0,C,F,N,Y,2,202500.0,Working,Higher education,Married,House / apartment,-13797,-3259,High skill tech staff,4,0,1
5095096,0.0,C,F,N,Y,2,202500.0,Working,Higher education,Married,House / apartment,-13797,-3259,High skill tech staff,4,0,1
5095097,0.0,X,F,N,Y,2,202500.0,Working,Higher education,Married,House / apartment,-13797,-3259,High skill tech staff,4,1,1
5095098,0.0,X,F,N,Y,2,202500.0,Working,Higher education,Married,House / apartment,-13797,-3259,High skill tech staff,4,1,1
5095101,0.0,C,F,N,Y,2,202500.0,Working,Higher education,Married,House / apartment,-13797,-3259,High skill tech staff,4,0,1
5095102,0.0,1,F,N,Y,2,202500.0,Working,Higher education,Married,House / apartment,-13797,-3259,High skill tech staff,4,1,0
5095104,0.0,X,F,N,Y,2,202500.0,Working,Higher education,Married,House / apartment,-13797,-3259,High skill tech staff,4,1,1
5095106,0.0,0,F,N,Y,2,202500.0,Working,Higher education,Married,House / apartment,-13797,-3259,High skill tech staff,4,1,1
5095107,0.0,X,F,N,Y,2,202500.0,Working,Higher education,Married,House / apartment,-13797,-3259,High skill tech staff,4,1,1
5095117,0.0,C,F,N,Y,0,67500.0,Working,Higher education,Married,House / apartment,-14240,-1586,Core staff,2,0,0
5095118,0.0,X,F,N,Y,0,67500.0,Working,Higher education,Married,House / apartment,-14240,-1586,Core staff,2,1,0
5095124,0.0,0,F,N,Y,0,67500.0,Working,Higher education,Married,House / apartment,-14240,-1586,Core staff,2,1,0
5095141,0.0,C,F,N,Y,2,157500.0,Working,Secondary / secondary special,Single / not married,House / apartment,-14197,-3350,High skill tech staff,3,4,1
5095142,0.0,C,F,N,Y,2,157500.0,Working,Secondary / secondary special,Single / not married,House / apartment,-14197,-3350,High skill tech staff,3,4,1
5095144,0.0,C,F,N,Y,2,157500.0,Working,Secondary / secondary special,Single / not married,House / apartment,-14197,-3350,High skill tech staff,3,4,1
5095145,0.0,0,F,N,Y,2,157500.0,Working,Secondary / secondary special,Single / not married,House / apartment,-14197,-3350,High skill tech staff,3,4,1
5095164,0.0,X,M,Y,Y,0,252000.0,Commercial associate,Higher education,Married,House / apartment,-13796,-2682,Drivers,2,3,2
5095165,0.0,X,M,Y,Y,0,252000.0,Commercial associate,Higher education,Married,House / apartment,-13796,-2682,Drivers,2,3,2
5095166,0.0,C,M,Y,Y,0,252000.0,Commercial associate,Higher education,Married,House / apartment,-13796,-2682,Drivers,2,0,2
5095170,0.0,C,M,Y,Y,0,252000.0,Commercial associate,Higher education,Married,House / apartment,-13796,-2682,Drivers,2,0,2
5095171,0.0,X,M,Y,Y,0,252000.0,Commercial associate,Higher education,Married,House / apartment,-13796,-2682,Drivers,2,3,2
5095179,0.0,0,M,Y,Y,0,76500.0,Working,Secondary / secondary special,Married,House / apartment,-15259,-3503,Drivers,2,2,0
5095186,0.0,X,M,Y,Y,1,495000.0,Commercial associate,Secondary / secondary special,Married,House / apartment,-16497,-1190,Managers,3,1,2
5095187,0.0,X,M,Y,Y,1,495000.0,Commercial associate,Secondary / secondary special,Married,House / apartment,-16497,-1190,Managers,3,1,2
5095197,0.0,C,F,N,Y,0,112500.0,Working,Secondary / secondary special,Separated,House / apartment,-15817,-2407,Medicine staff,1,4,0
5095198,0.0,C,F,N,Y,0,112500.0,Working,Secondary / secondary special,Separated,House / apartment,-15817,-2407,Medicine staff,1,4,0
5095199,0.0,C,F,N,Y,0,112500.0,Working,Secondary / secondary special,Separated,House / apartment,-15817,-2407,Medicine staff,1,4,0
5095205,0.0,C,M,Y,Y,1,292500.0,Working,Secondary / secondary special,Married,House / apartment,-18569,-5389,Core staff,3,2,2
5095206,0.0,C,M,Y,Y,1,292500.0,Working,Secondary / secondary special,Married,House / apartment,-18569,-5389,Core staff,3,2,2
5095207,0.0,0,M,Y,Y,1,292500.0,Working,Secondary / secondary special,Married,House / apartment,-18569,-5389,Core staff,3,4,2
5095208,0.0,0,M,Y,Y,1,292500.0,Working,Secondary / secondary special,Married,House / apartment,-18569,-5389,Core staff,3,4,2
5095210,0.0,C,F,N,Y,0,135000.0,Working,Secondary / secondary special,Widow,House / apartment,-19730,-4934,Sales staff,1,4,0
5095211,0.0,C,F,N,Y,0,135000.0,Working,Secondary / secondary special,Widow,House / apartment,-19730,-4934,Sales staff,1,4,0
5095215,0.0,C,F,N,Y,0,135000.0,Working,Secondary / secondary special,Widow,House / apartment,-19730,-4934,Sales staff,1,4,0
5095216,0.0,C,F,N,Y,0,135000.0,Working,Secondary / secondary special,Widow,House / apartment,-19730,-4934,Sales staff,1,4,0
5095220,0.0,X,M,Y,Y,2,180000.0,Working,Secondary / secondary special,Married,House / apartment,-16032,-1221,Drivers,4,2,1
5095221,0.0,0,M,Y,Y,2,180000.0,Working,Secondary / secondary special,Married,House / apartment,-16032,-1221,Drivers,4,2,1
5095222,0.0,X,M,Y,Y,2,180000.0,Working,Secondary / secondary special,Married,House / apartment,-16032,-1221,Drivers,4,2,1
5095224,0.0,X,M,Y,Y,2,180000.0,Working,Secondary / secondary special,Married,House / apartment,-16032,-1221,Drivers,4,2,1
5095225,0.0,X,M,Y,Y,2,180000.0,Working,Secondary / secondary special,Married,House / apartment,-16032,-1221,Drivers,4,2,1
5095226,0.0,X,M,Y,Y,2,180000.0,Working,Secondary / secondary special,Married,House / apartment,-16032,-1221,Drivers,4,2,1
5095227,0.0,C,M,Y,Y,2,180000.0,Working,Secondary / secondary special,Married,House / apartment,-16032,-1221,Drivers,4,2,1
5095228,0.0,0,F,N,Y,0,90000.0,Working,Secondary / secondary special,Married,House / apartment,-9705,-2682,Medicine staff,2,4,0
5095229,0.0,0,F,N,Y,0,90000.0,Working,Secondary / secondary special,Married,House / apartment,-9705,-2682,Medicine staff,2,4,0
5095230,0.0,X,M,N,Y,0,180000.0,Working,Secondary / secondary special,Married,House / apartment,-9868,-1221,Laborers,2,2,0
5095232,0.0,0,M,N,Y,0,180000.0,Working,Secondary / secondary special,Married,House / apartment,-9868,-1221,Laborers,2,4,0
5095234,0.0,X,M,N,Y,0,180000.0,Working,Secondary / secondary special,Married,House / apartment,-9868,-1221,Laborers,2,2,0
5095235,0.0,X,M,N,Y,0,180000.0,Working,Secondary / secondary special,Married,House / apartment,-9868,-1221,Laborers,2,2,0
5095241,0.0,0,F,N,N,2,112500.0,Working,Secondary / secondary special,Separated,House / apartment,-14307,-188,Laborers,3,4,1
5095242,0.0,0,F,N,N,2,112500.0,Working,Secondary / secondary special,Separated,House / apartment,-14307,-188,Laborers,3,4,1
5095243,0.0,0,F,N,N,2,112500.0,Working,Secondary / secondary special,Separated,House / apartment,-14307,-188,Laborers,3,4,1
5095244,0.0,0,F,N,N,2,112500.0,Working,Secondary / secondary special,Separated,House / apartment,-14307,-188,Laborers,3,4,1
5095245,0.0,0,F,N,N,2,112500.0,Working,Secondary / secondary special,Separated,House / apartment,-14307,-188,Laborers,3,4,1
5095247,0.0,0,F,N,N,2,112500.0,Working,Secondary / secondary special,Separated,House / apartment,-14307,-188,Laborers,3,4,1
5095249,0.0,X,M,Y,Y,1,450000.0,Working,Higher education,Married,House / apartment,-10454,-1496,Managers,3,0,2
5095256,0.0,X,M,Y,Y,1,450000.0,Working,Higher education,Married,House / apartment,-10454,-1496,Managers,3,0,2
5095257,0.0,0,M,Y,Y,1,450000.0,Working,Higher education,Married,House / apartment,-10454,-1496,Managers,3,0,2
5095259,0.0,C,M,N,Y,0,189000.0,Commercial associate,Secondary / secondary special,Married,House / apartment,-20903,-308,Laborers,2,2,0
5095260,0.0,0,M,N,Y,0,189000.0,Commercial associate,Secondary / secondary special,Married,House / apartment,-20903,-308,Laborers,2,1,0
5095261,0.0,X,M,N,Y,0,189000.0,Commercial associate,Secondary / secondary special,Married,House / apartment,-20903,-308,Laborers,2,1,0
5095264,0.0,C,F,Y,Y,0,126000.0,Commercial associate,Secondary / secondary special,Married,House / apartment,-10302,-734,Core staff,2,0,0
5095271,0.0,0,F,Y,Y,0,126000.0,Commercial associate,Secondary / secondary special,Married,House / apartment,-10302,-734,Core staff,2,1,0
5095275,0.0,C,F,Y,Y,0,126000.0,Commercial associate,Secondary / secondary special,Married,House / apartment,-10302,-734,Core staff,2,0,0
5095278,0.0,C,F,Y,Y,0,126000.0,Commercial associate,Secondary / secondary special,Married,House / apartment,-10302,-734,Core staff,2,0,0
5095279,0.0,C,F,Y,Y,0,126000.0,Commercial associate,Secondary / secondary special,Married,House / apartment,-10302,-734,Core staff,2,0,0
5095280,0.0,C,F,Y,Y,0,126000.0,Commercial associate,Secondary / secondary special,Married,House / apartment,-10302,-734,Core staff,2,0,0
5095281,0.0,C,F,Y,Y,0,126000.0,Commercial associate,Secondary / secondary special,Married,House / apartment,-10302,-734,Core staff,2,0,0
5095291,0.0,C,F,N,Y,1,675000.0,Commercial associate,Secondary / secondary special,Civil marriage,House / apartment,-16511,-673,Core staff,3,1,2
5095295,0.0,C,F,Y,Y,0,225000.0,Working,Higher education,Married,House / apartment,-12322,-3717,Core staff,2,0,0
5095297,0.0,C,F,Y,Y,0,225000.0,Working,Higher education,Married,House / apartment,-12322,-3717,Core staff,2,0,0
5095298,0.0,X,F,Y,Y,0,225000.0,Working,Higher education,Married,House / apartment,-12322,-3717,Core staff,2,0,0
5095299,0.0,C,F,Y,Y,0,225000.0,Working,Higher education,Married,House / apartment,-12322,-3717,Core staff,2,0,0
5095302,0.0,C,F,Y,Y,0,225000.0,Working,Higher education,Married,House / apartment,-12322,-3717,Core staff,2,0,0
5095308,0.0,X,F,Y,Y,0,225000.0,Working,Higher education,Married,House / apartment,-12322,-3717,Core staff,2,0,0
5095309,0.0,X,F,Y,Y,0,225000.0,Working,Higher education,Married,House / apartment,-12322,-3717,Core staff,2,0,0
5095310,0.0,C,F,Y,Y,0,225000.0,Working,Higher education,Married,House / apartment,-12322,-3717,Core staff,2,0,0
5095311,0.0,C,F,Y,Y,0,225000.0,Working,Higher education,Married,House / apartment,-12322,-3717,Core staff,2,0,0
5095313,0.0,C,F,Y,Y,0,225000.0,Working,Higher education,Married,House / apartment,-12322,-3717,Core staff,2,0,0
5095314,0.0,C,F,Y,Y,0,225000.0,Working,Higher education,Married,House / apartment,-12322,-3717,Core staff,2,0,0
5095315,0.0,C,F,Y,Y,0,225000.0,Working,Higher education,Married,House / apartment,-12322,-3717,Core staff,2,0,0
5095316,0.0,C,F,Y,Y,0,225000.0,Working,Higher education,Married,House / apartment,-12322,-3717,Core staff,2,0,0
5095319,0.0,X,F,Y,Y,0,225000.0,Working,Higher education,Married,House / apartment,-12322,-3717,Core staff,2,0,0
5095334,0.0,C,M,N,Y,0,135000.0,Working,Higher education,Married,House / apartment,-20222,-218,Laborers,2,0,0
5095336,0.0,C,M,N,Y,0,135000.0,Working,Higher education,Married,House / apartment,-20222,-218,Laborers,2,0,0
5095340,0.0,0,M,N,Y,0,135000.0,Working,Higher education,Married,House / apartment,-20222,-218,Laborers,2,1,0
5095353,0.0,C,F,Y,Y,0,180000.0,Commercial associate,Secondary / secondary special,Married,House / apartment,-12369,-1314,Accountants,2,0,0
5095354,0.0,C,F,Y,Y,0,180000.0,Commercial associate,Secondary / secondary special,Married,House / apartment,-12369,-1314,Accountants,2,0,0
5095355,0.0,C,F,N,N,0,157500.0,Working,Secondary / secondary special,Single / not married,With parents,-9020,-1039,Sales staff,1,4,0
5095356,0.0,0,F,N,N,0,157500.0,Working,Secondary / secondary special,Single / not married,With parents,-9020,-1039,Sales staff,1,4,0
5095359,0.0,C,M,N,Y,1,270000.0,Commercial associate,Higher education,Married,House / apartment,-10454,-400,Managers,3,3,1
5095360,0.0,0,M,N,Y,1,270000.0,Commercial associate,Higher education,Married,House / apartment,-10454,-400,Managers,3,3,1
5095366,0.0,C,F,N,N,2,180000.0,State servant,Secondary / secondary special,Married,House / apartment,-11950,-4022,Medicine staff,4,1,1
5095367,0.0,0,F,N,N,2,180000.0,State servant,Secondary / secondary special,Married,House / apartment,-11950,-4022,Medicine staff,4,1,1
5095370,0.0,C,M,Y,Y,1,315000.0,Working,Higher education,Separated,House / apartment,-16166,-2531,Managers,2,0,2
5095372,0.0,C,M,Y,Y,1,315000.0,Working,Higher education,Separated,House / apartment,-16166,-2531,Managers,2,0,2
5095373,0.0,C,M,Y,Y,1,315000.0,Working,Higher education,Separated,House / apartment,-16166,-2531,Managers,2,0,2
5095374,0.0,C,M,Y,Y,1,315000.0,Working,Higher education,Separated,House / apartment,-16166,-2531,Managers,2,0,2
5095378,0.0,C,M,Y,Y,1,315000.0,Working,Higher education,Separated,House / apartment,-16166,-2531,Managers,2,0,2
5095379,0.0,C,M,Y,Y,1,315000.0,Working,Higher education,Separated,House / apartment,-16166,-2531,Managers,2,0,2
5095380,0.0,C,M,Y,Y,1,315000.0,Working,Higher education,Separated,House / apartment,-16166,-2531,Managers,2,0,2
5095383,0.0,C,M,Y,Y,1,315000.0,Working,Higher education,Separated,House / apartment,-16166,-2531,Managers,2,0,2
5095384,0.0,C,M,Y,Y,1,315000.0,Working,Higher education,Separated,House / apartment,-16166,-2531,Managers,2,0,2
5095387,0.0,C,M,Y,Y,1,270000.0,Working,Secondary / secondary special,Married,Municipal apartment,-8900,-673,Core staff,3,2,1
5095389,0.0,0,M,Y,Y,1,270000.0,Working,Secondary / secondary special,Married,Municipal apartment,-8900,-673,Core staff,3,4,1
5095399,0.0,C,F,Y,Y,0,450000.0,State servant,Higher education,Married,House / apartment,-19804,-1161,Core staff,2,0,2
5095401,0.0,C,F,Y,Y,0,450000.0,State servant,Higher education,Married,House / apartment,-19804,-1161,Core staff,2,0,2
5095405,0.0,C,F,Y,Y,0,450000.0,State servant,Higher education,Married,House / apartment,-19804,-1161,Core staff,2,0,2
5095406,0.0,X,F,Y,Y,0,450000.0,State servant,Higher education,Married,House / apartment,-19804,-1161,Core staff,2,3,2
5095412,0.0,0,F,N,N,0,90000.0,Working,Secondary / secondary special,Single / not married,With parents,-11352,-308,Sales staff,1,4,0
5095413,0.0,X,F,N,N,0,90000.0,Working,Secondary / secondary special,Single / not married,With parents,-11352,-308,Sales staff,1,4,0
5095416,0.0,X,F,N,N,0,90000.0,Working,Secondary / secondary special,Single / not married,With parents,-11352,-308,Sales staff,1,4,0
5095431,0.0,X,F,N,Y,0,292500.0,Working,Higher education,Married,House / apartment,-18764,-9258,High skill tech staff,2,1,2
5095434,0.0,0,F,N,Y,0,292500.0,Working,Higher education,Married,House / apartment,-18764,-9258,High skill tech staff,2,1,2
5095435,0.0,X,F,N,Y,0,292500.0,Working,Higher education,Married,House / apartment,-18764,-9258,High skill tech staff,2,1,2
5095442,0.0,C,F,N,Y,1,99000.0,Working,Incomplete higher,Married,House / apartment,-12390,-1922,Sales staff,3,0,1
5095445,0.0,X,F,N,Y,1,99000.0,Working,Incomplete higher,Married,House / apartment,-12390,-1922,Sales staff,3,1,1
5095446,0.0,C,F,N,Y,1,99000.0,Working,Incomplete higher,Married,House / apartment,-12390,-1922,Sales staff,3,0,1
5095452,0.0,C,F,N,N,0,270000.0,Commercial associate,Secondary / secondary special,Married,House / apartment,-14023,-1070,Secretaries,2,1,0
5095455,0.0,0,F,Y,Y,2,202500.0,Commercial associate,Secondary / secondary special,Married,House / apartment,-9868,-583,Sales staff,4,1,1
5095456,0.0,C,F,Y,Y,2,202500.0,Commercial associate,Secondary / secondary special,Married,House / apartment,-9868,-583,Sales staff,4,0,1
5095457,0.0,0,F,Y,Y,2,202500.0,Commercial associate,Secondary / secondary special,Married,House / apartment,-9868,-583,Sales staff,4,1,1
5095459,0.0,C,F,Y,Y,2,202500.0,Commercial associate,Secondary / secondary special,Married,House / apartment,-9868,-583,Sales staff,4,0,1
5095460,0.0,C,F,Y,Y,2,202500.0,Commercial associate,Secondary / secondary special,Married,House / apartment,-9868,-583,Sales staff,4,0,1
5095461,0.0,0,F,N,Y,0,270000.0,Commercial associate,Higher education,Single / not married,House / apartment,-10707,-765,HR staff,1,3,0
5095463,0.0,1,F,N,Y,0,270000.0,Commercial associate,Higher education,Single / not married,House / apartment,-10707,-765,HR staff,1,1,0
5095468,0.0,X,M,Y,Y,2,225000.0,Commercial associate,Higher education,Married,House / apartment,-13170,-704,Core staff,4,3,1
5095470,0.0,C,F,Y,Y,1,360000.0,Commercial associate,Incomplete higher,Married,House / apartment,-17091,-127,Laborers,3,0,2
5095471,0.0,0,F,Y,Y,1,360000.0,Commercial associate,Incomplete higher,Married,House / apartment,-17091,-127,Laborers,3,1,2
5095472,0.0,C,F,Y,Y,1,360000.0,Commercial associate,Incomplete higher,Married,House / apartment,-17091,-127,Laborers,3,0,2
5095474,0.0,0,F,N,Y,0,90000.0,Working,Secondary / secondary special,Married,House / apartment,-12628,-1861,Sales staff,2,4,0
5095479,0.0,X,F,N,Y,0,90000.0,Working,Secondary / secondary special,Married,House / apartment,-12628,-1861,Sales staff,2,4,0
5095484,0.0,C,F,N,Y,1,157500.0,Commercial associate,Secondary / secondary special,Separated,House / apartment,-15554,-96,Laborers,2,1,0
5095488,0.0,C,F,N,Y,1,157500.0,Commercial associate,Secondary / secondary special,Separated,House / apartment,-15554,-96,Laborers,2,1,0
5095495,0.0,X,F,N,Y,0,337500.0,State servant,Higher education,Married,House / apartment,-12797,-2318,Core staff,2,3,2
5095496,0.0,X,F,N,Y,0,337500.0,State servant,Higher education,Married,House / apartment,-12797,-2318,Core staff,2,3,2
5095497,0.0,X,F,N,Y,0,337500.0,State servant,Higher education,Married,House / apartment,-12797,-2318,Core staff,2,3,2
5095498,0.0,X,F,N,Y,0,337500.0,State servant,Higher education,Married,House / apartment,-12797,-2318,Core staff,2,3,2
5095499,0.0,X,F,N,Y,0,337500.0,State servant,Higher education,Married,House / apartment,-12797,-2318,Core staff,2,3,2
5095500,0.0,X,F,N,Y,0,337500.0,State servant,Higher education,Married,House / apartment,-12797,-2318,Core staff,2,3,2
5095501,0.0,X,F,N,Y,0,337500.0,State servant,Higher education,Married,House / apartment,-12797,-2318,Core staff,2,3,2
5095507,0.0,C,F,N,Y,0,157500.0,Working,Higher education,Married,House / apartment,-12086,-4175,Managers,2,0,0
5095508,0.0,C,F,N,Y,0,157500.0,Working,Higher education,Married,House / apartment,-12086,-4175,Managers,2,0,0
5095510,0.0,C,F,N,Y,0,157500.0,Working,Higher education,Married,House / apartment,-12086,-4175,Managers,2,0,0
5095511,0.0,X,F,Y,Y,1,157500.0,Working,Higher education,Married,House / apartment,-11849,-2775,Sales staff,3,0,1
5095550,0.0,C,M,Y,N,0,360000.0,Commercial associate,Higher education,Married,House / apartment,-14369,-4633,Managers,2,0,2
5095557,0.0,C,M,N,N,2,225000.0,Working,Incomplete higher,Married,House / apartment,-11602,-3962,Laborers,4,2,1
5095559,0.0,C,F,N,N,0,90000.0,Working,Secondary / secondary special,Married,House / apartment,-16343,-584,Laborers,2,2,0
5095561,0.0,0,F,N,N,1,540000.0,Working,Secondary / secondary special,Separated,House / apartment,-16409,-2045,Managers,2,4,2
5095563,0.0,C,F,N,N,0,49500.0,Working,Secondary / secondary special,Married,House / apartment,-11624,-949,Sales staff,2,2,0
5095565,0.0,0,F,N,N,0,49500.0,Working,Secondary / secondary special,Married,House / apartment,-11624,-949,Sales staff,2,4,0
5095569,0.0,X,F,N,N,1,112500.0,Commercial associate,Secondary / secondary special,Civil marriage,With parents,-11636,-1680,Sales staff,3,1,1
5095570,0.0,C,F,N,N,0,180000.0,Working,Secondary / secondary special,Civil marriage,House / apartment,-18355,-1954,Laborers,2,2,0
5095584,0.0,C,M,N,N,0,360000.0,Working,Secondary / secondary special,Single / not married,House / apartment,-9834,-615,Core staff,1,2,2
5095585,0.0,X,F,N,N,0,270000.0,Working,Incomplete higher,Civil marriage,House / apartment,-8784,-278,Medicine staff,2,1,0
5095586,0.0,X,F,N,N,0,270000.0,Working,Incomplete higher,Civil marriage,House / apartment,-8784,-278,Medicine staff,2,1,0
5095587,0.0,C,F,N,N,0,270000.0,Working,Incomplete higher,Civil marriage,House / apartment,-8784,-278,Medicine staff,2,1,0
5095590,0.0,X,M,Y,N,0,135000.0,Working,Secondary / secondary special,Married,House / apartment,-10956,-2076,Laborers,2,2,0
5095591,0.0,X,M,Y,N,0,135000.0,Working,Secondary / secondary special,Married,House / apartment,-10956,-2076,Laborers,2,2,0
5095592,0.0,0,F,N,N,0,67500.0,Working,Secondary / secondary special,Single / not married,House / apartment,-8660,-919,Sales staff,1,4,0
5095593,0.0,0,F,N,N,0,67500.0,Working,Secondary / secondary special,Single / not married,House / apartment,-8660,-919,Sales staff,1,4,0
5095623,0.0,0,F,N,N,1,81000.0,Commercial associate,Secondary / secondary special,Married,House / apartment,-13894,-980,Laborers,3,1,1
5095628,0.0,0,F,N,N,1,171261.0,State servant,Secondary / secondary special,Single / not married,Rented apartment,-9673,-493,Medicine staff,2,1,0
5095630,0.0,0,F,N,N,1,171261.0,State servant,Secondary / secondary special,Single / not married,Rented apartment,-9673,-493,Medicine staff,2,1,0
5095631,0.0,C,M,Y,N,1,180000.0,Working,Higher education,Married,House / apartment,-11178,-219,Drivers,3,0,1
5095634,0.0,0,M,Y,N,1,180000.0,Working,Higher education,Married,House / apartment,-11178,-219,Drivers,3,0,1
5095635,0.0,0,M,Y,N,1,180000.0,Working,Higher education,Married,House / apartment,-11178,-219,Drivers,3,0,1
5095636,0.0,C,F,N,N,0,128542.5,Commercial associate,Higher education,Single / not married,Rented apartment,-9351,-370,Sales staff,1,3,0
5095638,0.0,C,F,N,N,0,128542.5,Commercial associate,Higher education,Single / not married,Rented apartment,-9351,-370,Sales staff,1,3,0
5095640,0.0,C,F,N,N,1,180000.0,Commercial associate,Secondary / secondary special,Civil marriage,Municipal apartment,-10928,-1558,Sales staff,3,1,1
5095642,0.0,C,F,N,N,1,180000.0,Commercial associate,Secondary / secondary special,Civil marriage,Municipal apartment,-10928,-1558,Sales staff,3,1,1
5095643,0.0,X,F,N,N,1,180000.0,Commercial associate,Secondary / secondary special,Civil marriage,Municipal apartment,-10928,-1558,Sales staff,3,1,1
5095653,0.0,X,M,N,N,0,157500.0,Working,Higher education,Single / not married,House / apartment,-9234,-1193,Core staff,1,1,0
5095655,0.0,X,M,N,N,0,157500.0,Working,Higher education,Single / not married,House / apartment,-9234,-1193,Core staff,1,1,0
5095662,0.0,0,M,N,N,0,90000.0,Working,Secondary / secondary special,Married,House / apartment,-22142,-3749,Managers,2,4,0
5095666,0.0,C,M,Y,N,1,180000.0,Working,Secondary / secondary special,Married,House / apartment,-10900,-1436,Sales staff,3,2,1
5095668,0.0,0,M,Y,N,1,180000.0,Working,Secondary / secondary special,Married,House / apartment,-10900,-1436,Sales staff,3,4,1
5095684,0.0,X,M,N,N,2,216000.0,Working,Secondary / secondary special,Married,House / apartment,-14740,-1040,Laborers,4,2,1
5095685,0.0,X,M,N,N,2,216000.0,Working,Secondary / secondary special,Married,House / apartment,-14740,-1040,Laborers,4,2,1
5095686,0.0,X,M,N,N,2,216000.0,Working,Secondary / secondary special,Married,House / apartment,-14740,-1040,Laborers,4,2,1
5095687,0.0,X,M,N,N,2,216000.0,Working,Secondary / secondary special,Married,House / apartment,-14740,-1040,Laborers,4,2,1
5095688,0.0,X,M,N,N,2,216000.0,Working,Secondary / secondary special,Married,House / apartment,-14740,-1040,Laborers,4,2,1
5095689,0.0,C,M,N,N,2,216000.0,Working,Secondary / secondary special,Married,House / apartment,-14740,-1040,Laborers,4,2,1
5095690,0.0,X,M,N,N,2,216000.0,Working,Secondary / secondary special,Married,House / apartment,-14740,-1040,Laborers,4,2,1
5095691,0.0,X,M,N,N,2,216000.0,Working,Secondary / secondary special,Married,House / apartment,-14740,-1040,Laborers,4,2,1
5095692,0.0,C,M,N,N,2,216000.0,Working,Secondary / secondary special,Married,House / apartment,-14740,-1040,Laborers,4,2,1
5095693,0.0,X,M,N,N,2,216000.0,Working,Secondary / secondary special,Married,House / apartment,-14740,-1040,Laborers,4,2,1
5095721,0.0,0,M,Y,N,1,135000.0,Commercial associate,Secondary / secondary special,Married,House / apartment,-9423,-1405,Laborers,3,1,1
5095728,0.0,0,M,Y,N,1,135000.0,Commercial associate,Secondary / secondary special,Married,House / apartment,-9423,-1405,Laborers,3,1,1
5095729,0.0,0,M,Y,N,1,135000.0,Commercial associate,Secondary / secondary special,Married,House / apartment,-9423,-1405,Laborers,3,1,1
5095730,0.0,0,M,Y,N,1,135000.0,Commercial associate,Secondary / secondary special,Married,House / apartment,-9423,-1405,Laborers,3,1,1
5095731,0.0,0,M,Y,N,1,135000.0,Commercial associate,Secondary / secondary special,Married,House / apartment,-9423,-1405,Laborers,3,1,1
5095732,0.0,X,M,Y,N,2,178200.0,Working,Higher education,Married,House / apartment,-11291,-1589,Core staff,4,0,1
5095733,0.0,X,M,Y,N,2,178200.0,Working,Higher education,Married,House / apartment,-11291,-1589,Core staff,4,0,1
5095734,0.0,X,M,Y,N,2,178200.0,Working,Higher education,Married,House / apartment,-11291,-1589,Core staff,4,0,1
5095735,0.0,C,M,N,N,0,405000.0,Commercial associate,Higher education,Married,House / apartment,-18267,-2045,Managers,2,3,2
5095736,0.0,0,F,N,N,0,135000.0,Commercial associate,Secondary / secondary special,Single / not married,House / apartment,-12988,-431,Sales staff,1,1,0
5095737,0.0,0,F,N,N,0,135000.0,Commercial associate,Secondary / secondary special,Single / not married,House / apartment,-12988,-431,Sales staff,1,1,0
5095766,0.0,X,F,Y,N,0,225000.0,Working,Secondary / secondary special,Widow,House / apartment,-14436,-401,Sales staff,1,4,0
5095767,0.0,X,F,Y,N,0,225000.0,Working,Secondary / secondary special,Widow,House / apartment,-14436,-401,Sales staff,1,4,0
5095768,0.0,X,F,Y,N,0,225000.0,Working,Secondary / secondary special,Widow,House / apartment,-14436,-401,Sales staff,1,4,0
5095769,0.0,X,F,Y,N,0,225000.0,Working,Secondary / secondary special,Widow,House / apartment,-14436,-401,Sales staff,1,4,0
5095770,0.0,X,F,Y,N,0,225000.0,Working,Secondary / secondary special,Widow,House / apartment,-14436,-401,Sales staff,1,4,0
5095771,0.0,C,F,N,N,0,139500.0,Commercial associate,Higher education,Single / not married,House / apartment,-8943,-158,Sales staff,1,3,0
5095772,0.0,C,F,N,N,0,139500.0,Commercial associate,Higher education,Single / not married,House / apartment,-8943,-158,Sales staff,1,3,0
5095773,0.0,C,F,N,N,0,139500.0,Commercial associate,Higher education,Single / not married,House / apartment,-8943,-158,Sales staff,1,3,0
5095789,0.0,C,M,Y,N,0,135000.0,Working,Secondary / secondary special,Married,House / apartment,-16624,-4054,Laborers,2,2,0
5095790,0.0,C,M,Y,N,0,135000.0,Working,Secondary / secondary special,Married,House / apartment,-16624,-4054,Laborers,2,2,0
5095793,0.0,C,M,Y,N,0,135000.0,Working,Secondary / secondary special,Married,House / apartment,-16624,-4054,Laborers,2,2,0
5095794,0.0,0,M,Y,N,0,135000.0,Working,Secondary / secondary special,Married,House / apartment,-16624,-4054,Laborers,2,2,0
5095796,0.0,C,M,Y,N,0,135000.0,Working,Secondary / secondary special,Married,House / apartment,-16624,-4054,Laborers,2,2,0
5095797,0.0,C,M,Y,N,0,135000.0,Working,Secondary / secondary special,Married,House / apartment,-16624,-4054,Laborers,2,2,0
5095801,0.0,C,M,Y,N,1,252000.0,State servant,Higher education,Married,House / apartment,-12483,-1650,High skill tech staff,3,0,1
5095802,0.0,C,M,Y,N,1,252000.0,State servant,Higher education,Married,House / apartment,-12483,-1650,High skill tech staff,3,0,1
5095803,0.0,C,M,Y,N,1,252000.0,State servant,Higher education,Married,House / apartment,-12483,-1650,High skill tech staff,3,0,1
5095809,0.0,X,F,N,N,2,112500.0,Working,Secondary / secondary special,Married,House / apartment,-10720,-128,Sales staff,4,4,1
5095810,0.0,C,F,N,N,2,112500.0,Working,Secondary / secondary special,Married,House / apartment,-10720,-128,Sales staff,4,2,1
5095813,0.0,X,F,N,N,2,112500.0,Working,Secondary / secondary special,Married,House / apartment,-10720,-128,Sales staff,4,4,1
5095814,0.0,C,F,N,N,3,112500.0,Working,Incomplete higher,Married,Municipal apartment,-15447,-2470,Sales staff,5,0,1
5095815,0.0,C,F,N,N,3,112500.0,Working,Incomplete higher,Married,Municipal apartment,-15447,-2470,Sales staff,5,0,1
5095817,0.0,0,F,N,N,3,112500.0,Working,Incomplete higher,Married,Municipal apartment,-15447,-2470,Sales staff,5,1,1
5095818,0.0,0,F,N,N,3,112500.0,Working,Incomplete higher,Married,Municipal apartment,-15447,-2470,Sales staff,5,1,1
5095826,0.0,X,F,N,N,0,45000.0,Working,Higher education,Married,House / apartment,-18406,-3111,Accountants,2,1,0
5095829,0.0,C,F,N,N,0,45000.0,Working,Higher education,Married,House / apartment,-18406,-3111,Accountants,2,0,0
5095833,0.0,X,M,N,N,0,225000.0,Working,Secondary / secondary special,Married,House / apartment,-15634,-158,Laborers,2,2,0
5095834,0.0,C,M,N,N,0,225000.0,Working,Secondary / secondary special,Married,House / apartment,-15634,-158,Laborers,2,2,0
5095839,0.0,5,M,N,N,0,225000.0,Commercial associate,Secondary / secondary special,Married,House / apartment,-14882,-1132,Laborers,2,1,0
5095842,0.0,X,M,N,N,0,225000.0,Commercial associate,Secondary / secondary special,Single / not married,House / apartment,-12285,-97,Laborers,1,1,0
5095845,0.0,X,F,N,N,0,216000.0,Working,Secondary / secondary special,Married,House / apartment,-13924,-2593,Medicine staff,2,4,0
5095846,0.0,C,F,N,N,0,216000.0,Working,Secondary / secondary special,Married,House / apartment,-13924,-2593,Medicine staff,2,2,0
5095849,0.0,C,F,N,N,0,216000.0,Working,Secondary / secondary special,Married,House / apartment,-13924,-2593,Medicine staff,2,2,0
5095850,0.0,C,F,N,N,0,225000.0,Working,Secondary / secondary special,Widow,House / apartment,-20657,-5637,Accountants,1,4,0
5095851,0.0,C,F,N,N,0,225000.0,Working,Secondary / secondary special,Widow,House / apartment,-20657,-5637,Accountants,1,4,0
5095852,0.0,C,F,N,N,0,225000.0,Working,Secondary / secondary special,Widow,House / apartment,-20657,-5637,Accountants,1,4,0
5095854,0.0,0,F,N,N,0,225000.0,Working,Secondary / secondary special,Widow,House / apartment,-20657,-5637,Accountants,1,4,0
5095858,0.0,C,F,N,N,0,225000.0,Working,Secondary / secondary special,Widow,House / apartment,-20657,-5637,Accountants,1,4,0
5095860,0.0,C,F,N,N,0,225000.0,Working,Secondary / secondary special,Widow,House / apartment,-20657,-5637,Accountants,1,4,0
5095861,0.0,C,F,N,N,0,225000.0,Working,Secondary / secondary special,Widow,House / apartment,-20657,-5637,Accountants,1,4,0
5095862,0.0,C,F,N,N,0,225000.0,Working,Secondary / secondary special,Widow,House / apartment,-20657,-5637,Accountants,1,4,0
5095863,0.0,X,F,N,N,0,225000.0,Working,Secondary / secondary special,Widow,House / apartment,-20657,-5637,Accountants,1,4,0
5095864,0.0,0,F,N,N,0,225000.0,Working,Secondary / secondary special,Widow,House / apartment,-20657,-5637,Accountants,1,4,0
5095868,0.0,C,F,N,N,0,202500.0,Working,Higher education,Civil marriage,House / apartment,-15309,-5179,Core staff,2,0,0
5095874,0.0,0,F,N,N,0,202500.0,Working,Higher education,Civil marriage,House / apartment,-15309,-5179,Core staff,2,1,0
5095875,0.0,X,F,N,N,0,202500.0,Working,Higher education,Civil marriage,House / apartment,-15309,-5179,Core staff,2,1,0
5095876,0.0,C,F,N,N,0,202500.0,Working,Higher education,Civil marriage,House / apartment,-15309,-5179,Core staff,2,0,0
5095877,0.0,0,F,N,N,0,202500.0,Working,Higher education,Civil marriage,House / apartment,-15309,-5179,Core staff,2,1,0
5095887,0.0,0,M,Y,N,0,103500.0,Working,Secondary / secondary special,Married,House / apartment,-12120,-4602,Managers,2,2,0
5095888,0.0,C,M,Y,N,0,103500.0,Working,Secondary / secondary special,Married,House / apartment,-12120,-4602,Managers,2,2,0
5095889,0.0,X,M,Y,N,0,103500.0,Working,Secondary / secondary special,Married,House / apartment,-12120,-4602,Managers,2,2,0
5095895,0.0,X,F,N,N,1,112500.0,Commercial associate,Higher education,Married,House / apartment,-16018,-2532,Managers,3,3,1
5095896,0.0,0,F,N,N,1,112500.0,Commercial associate,Higher education,Married,House / apartment,-16018,-2532,Managers,3,3,1
5095897,0.0,X,F,N,N,1,112500.0,Commercial associate,Higher education,Married,House / apartment,-16018,-2532,Managers,3,3,1
5095898,0.0,X,F,N,N,1,112500.0,Commercial associate,Higher education,Married,House / apartment,-16018,-2532,Managers,3,3,1
5095902,0.0,X,F,N,N,0,135000.0,State servant,Secondary / secondary special,Single / not married,House / apartment,-15429,-1589,Core staff,1,1,0
5095903,0.0,X,F,N,N,0,135000.0,State servant,Secondary / secondary special,Single / not married,House / apartment,-15429,-1589,Core staff,1,1,0
5095904,0.0,C,F,N,N,0,135000.0,State servant,Secondary / secondary special,Single / not married,House / apartment,-15429,-1589,Core staff,1,1,0
5095905,0.0,C,F,N,N,0,135000.0,State servant,Secondary / secondary special,Single / not married,House / apartment,-15429,-1589,Core staff,1,1,0
5095907,0.0,X,F,N,N,0,90000.0,Working,Higher education,Civil marriage,House / apartment,-10561,-2257,Core staff,2,1,0
5095908,0.0,0,F,N,N,0,90000.0,Working,Higher education,Civil marriage,House / apartment,-10561,-2257,Core staff,2,1,0
5095937,0.0,1,M,N,N,0,157500.0,Working,Secondary / secondary special,Married,House / apartment,-17340,-3596,Managers,2,1,0
5095940,0.0,0,M,N,N,0,157500.0,Working,Secondary / secondary special,Married,House / apartment,-17340,-3596,Managers,2,4,0
5095941,0.0,C,F,Y,N,0,202500.0,Working,Higher education,Married,House / apartment,-16112,-6337,Managers,2,0,0
5095956,0.0,C,F,N,N,0,135000.0,Working,Secondary / secondary special,Married,House / apartment,-16395,-7371,Managers,2,2,0
5095957,0.0,0,F,N,N,0,135000.0,Working,Secondary / secondary special,Married,House / apartment,-16395,-7371,Managers,2,4,0
5095958,0.0,C,F,N,N,0,135000.0,Working,Secondary / secondary special,Married,House / apartment,-16395,-7371,Managers,2,2,0
5095959,0.0,C,F,N,N,0,135000.0,Working,Secondary / secondary special,Married,House / apartment,-16395,-7371,Managers,2,2,0
5095961,0.0,C,F,N,N,0,135000.0,Working,Secondary / secondary special,Married,House / apartment,-16395,-7371,Managers,2,2,0
5095962,0.0,0,F,N,N,0,135000.0,Working,Secondary / secondary special,Married,House / apartment,-16395,-7371,Managers,2,4,0
5095965,0.0,0,F,N,N,0,135000.0,Working,Secondary / secondary special,Married,House / apartment,-16395,-7371,Managers,2,4,0
5095966,0.0,0,F,N,N,0,135000.0,Working,Secondary / secondary special,Married,House / apartment,-16395,-7371,Managers,2,4,0
5095967,0.0,X,F,N,N,0,135000.0,Working,Secondary / secondary special,Married,House / apartment,-16395,-7371,Managers,2,4,0
5095972,0.0,X,F,Y,N,0,225000.0,Commercial associate,Secondary / secondary special,Civil marriage,With parents,-16314,-1040,High skill tech staff,2,1,0
5095973,0.0,X,F,Y,N,0,225000.0,Commercial associate,Secondary / secondary special,Civil marriage,With parents,-16314,-1040,High skill tech staff,2,1,0
5095975,0.0,X,F,Y,N,0,225000.0,Commercial associate,Secondary / secondary special,Civil marriage,With parents,-16314,-1040,High skill tech staff,2,1,0
5095976,0.0,X,F,Y,N,0,225000.0,Commercial associate,Secondary / secondary special,Civil marriage,With parents,-16314,-1040,High skill tech staff,2,1,0
5095977,0.0,X,F,Y,N,0,225000.0,Commercial associate,Secondary / secondary special,Civil marriage,With parents,-16314,-1040,High skill tech staff,2,1,0
5095979,0.0,C,F,Y,N,0,225000.0,Commercial associate,Secondary / secondary special,Civil marriage,With parents,-16314,-1040,High skill tech staff,2,1,0
5095980,0.0,X,F,Y,N,0,225000.0,Commercial associate,Secondary / secondary special,Civil marriage,With parents,-16314,-1040,High skill tech staff,2,1,0
5095981,0.0,X,F,Y,N,0,225000.0,Commercial associate,Secondary / secondary special,Civil marriage,With parents,-16314,-1040,High skill tech staff,2,1,0
5095982,0.0,X,F,Y,N,0,225000.0,Commercial associate,Secondary / secondary special,Civil marriage,With parents,-16314,-1040,High skill tech staff,2,1,0
5095985,0.0,C,F,N,N,0,180000.0,Working,Higher education,Married,House / apartment,-12696,-3172,Sales staff,2,0,0
5095986,0.0,0,F,N,N,0,180000.0,Working,Higher education,Married,House / apartment,-12696,-3172,Sales staff,2,1,0
5095987,0.0,C,M,N,N,0,121500.0,Working,Incomplete higher,Married,House / apartment,-14011,-3718,Laborers,2,2,0
5095988,0.0,C,M,N,N,0,157500.0,Commercial associate,Higher education,Married,House / apartment,-15403,-2349,Managers,2,3,0
5095990,0.0,0,M,N,N,0,157500.0,Commercial associate,Higher education,Married,House / apartment,-15403,-2349,Managers,2,3,0
5095991,0.0,C,M,Y,N,0,234000.0,Working,Secondary / secondary special,Married,House / apartment,-19378,-858,Laborers,2,2,0
5095996,0.0,C,M,Y,N,0,234000.0,Working,Secondary / secondary special,Married,House / apartment,-19378,-858,Laborers,2,2,0
5096001,0.0,X,M,N,N,1,270000.0,Working,Secondary / secondary special,Married,House / apartment,-9943,-554,Managers,3,2,1
5096002,0.0,X,M,N,N,1,270000.0,Working,Secondary / secondary special,Married,House / apartment,-9943,-554,Managers,3,2,1
5096003,0.0,X,M,N,N,1,270000.0,Working,Secondary / secondary special,Married,House / apartment,-9943,-554,Managers,3,2,1
5096004,0.0,X,M,N,N,1,270000.0,Working,Secondary / secondary special,Married,House / apartment,-9943,-554,Managers,3,2,1
5096005,0.0,X,M,N,N,1,270000.0,Working,Secondary / secondary special,Married,House / apartment,-9943,-554,Managers,3,2,1
5096006,0.0,X,M,N,N,1,270000.0,Working,Secondary / secondary special,Married,House / apartment,-9943,-554,Managers,3,2,1
5096008,0.0,X,M,N,N,1,270000.0,Working,Secondary / secondary special,Married,House / apartment,-9943,-554,Managers,3,2,1
5096009,0.0,C,M,N,N,1,270000.0,Working,Secondary / secondary special,Married,House / apartment,-9943,-554,Managers,3,2,1
5096011,0.0,X,M,N,N,1,270000.0,Working,Secondary / secondary special,Married,House / apartment,-9943,-554,Managers,3,2,1
5096012,0.0,C,M,N,N,1,270000.0,Working,Secondary / secondary special,Married,House / apartment,-9943,-554,Managers,3,2,1
5096013,0.0,1,M,N,N,1,270000.0,Working,Secondary / secondary special,Married,House / apartment,-9943,-554,Managers,3,1,0
5096014,0.0,X,M,N,N,1,270000.0,Working,Secondary / secondary special,Married,House / apartment,-9943,-554,Managers,3,2,1
5096015,0.0,C,M,N,N,1,270000.0,Working,Secondary / secondary special,Married,House / apartment,-9943,-554,Managers,3,2,1
5096016,0.0,X,M,N,N,1,270000.0,Working,Secondary / secondary special,Married,House / apartment,-9943,-554,Managers,3,2,1
5096017,0.0,C,F,Y,N,1,225000.0,Working,Secondary / secondary special,Separated,House / apartment,-15208,-3993,Managers,2,2,0
5096018,0.0,0,F,Y,N,1,225000.0,Working,Secondary / secondary special,Separated,House / apartment,-15208,-3993,Managers,2,4,0
5096019,0.0,0,F,Y,N,1,225000.0,Working,Secondary / secondary special,Separated,House / apartment,-15208,-3993,Managers,2,4,0
5096029,0.0,C,F,Y,N,1,135000.0,Working,Secondary / secondary special,Single / not married,House / apartment,-15063,-1193,Laborers,2,2,0
5096030,0.0,C,F,Y,N,1,135000.0,Working,Secondary / secondary special,Single / not married,House / apartment,-15063,-1193,Laborers,2,2,0
5096034,0.0,C,F,N,N,0,202500.0,Working,Higher education,Married,Municipal apartment,-17822,-10689,Security staff,2,0,0
5096035,0.0,X,F,N,N,0,202500.0,Working,Higher education,Married,Municipal apartment,-17822,-10689,Security staff,2,1,0
5096036,0.0,C,F,N,N,0,202500.0,Working,Higher education,Married,Municipal apartment,-17822,-10689,Security staff,2,0,0
5096037,0.0,C,F,N,N,0,202500.0,Working,Higher education,Married,Municipal apartment,-17822,-10689,Security staff,2,0,0
5096038,0.0,X,F,N,N,0,202500.0,Working,Higher education,Married,Municipal apartment,-17822,-10689,Security staff,2,1,0
5096040,0.0,C,F,N,N,0,135000.0,Commercial associate,Higher education,Married,House / apartment,-14924,-2257,HR staff,2,3,0
5096041,0.0,0,F,N,N,0,135000.0,Commercial associate,Higher education,Married,House / apartment,-14924,-2257,HR staff,2,3,0
5096052,0.0,C,M,N,N,0,67500.0,Working,Higher education,Single / not married,With parents,-11686,-2227,Laborers,1,0,0
5096053,0.0,X,M,N,N,0,67500.0,Working,Higher education,Single / not married,With parents,-11686,-2227,Laborers,1,1,0
5096059,0.0,C,F,N,N,2,73350.0,Working,Secondary / secondary special,Married,House / apartment,-14321,-7068,Medicine staff,4,2,1
5096062,0.0,C,F,N,N,2,73350.0,Working,Secondary / secondary special,Married,House / apartment,-14321,-7068,Medicine staff,4,2,1
5096063,0.0,C,F,N,N,2,73350.0,Working,Secondary / secondary special,Married,House / apartment,-14321,-7068,Medicine staff,4,2,1
5096064,0.0,0,F,N,N,2,73350.0,Working,Secondary / secondary special,Married,House / apartment,-14321,-7068,Medicine staff,4,4,1
5096065,0.0,C,F,N,N,2,73350.0,Working,Secondary / secondary special,Married,House / apartment,-14321,-7068,Medicine staff,4,2,1
5096071,0.0,C,M,N,N,1,207000.0,State servant,Higher education,Married,Office apartment,-14891,-2623,Core staff,3,0,1
5096072,0.0,0,M,N,N,1,207000.0,State servant,Higher education,Married,Office apartment,-14891,-2623,Core staff,3,3,1
5096074,0.0,C,M,N,N,1,207000.0,State servant,Higher education,Married,Office apartment,-14891,-2623,Core staff,3,0,1
5096081,0.0,X,M,N,N,0,234000.0,Working,Secondary / secondary special,Married,House / apartment,-16148,-4541,Drivers,2,2,0
5096082,0.0,C,M,N,N,0,234000.0,Working,Secondary / secondary special,Married,House / apartment,-16148,-4541,Drivers,2,2,0
5096087,0.0,X,F,N,N,0,67500.0,Working,Secondary / secondary special,Married,Municipal apartment,-18165,-11451,Cooking staff,2,4,0
5096091,0.0,X,F,N,N,0,67500.0,Working,Secondary / secondary special,Married,Municipal apartment,-18165,-11451,Cooking staff,2,4,0
5096106,0.0,0,F,Y,N,2,112500.0,Working,Secondary / secondary special,Civil marriage,House / apartment,-10668,-401,Sales staff,4,4,1
5096107,0.0,0,F,Y,N,2,112500.0,Working,Secondary / secondary special,Civil marriage,House / apartment,-10668,-401,Sales staff,4,4,1
5096108,0.0,0,F,Y,N,2,112500.0,Working,Secondary / secondary special,Civil marriage,House / apartment,-10668,-401,Sales staff,4,4,1
5096109,0.0,C,F,Y,N,2,112500.0,Working,Secondary / secondary special,Civil marriage,House / apartment,-10668,-401,Sales staff,4,2,1
5096110,0.0,0,F,Y,N,2,112500.0,Working,Secondary / secondary special,Civil marriage,House / apartment,-10668,-401,Sales staff,4,4,1
5096112,0.0,0,F,Y,N,2,112500.0,Working,Secondary / secondary special,Civil marriage,House / apartment,-10668,-401,Sales staff,4,4,1
5096119,0.0,0,M,Y,N,0,292500.0,State servant,Secondary / secondary special,Separated,Office apartment,-17967,-4937,Managers,1,1,2
5096120,0.0,C,F,N,N,1,157500.0,Working,Higher education,Single / not married,House / apartment,-11828,-2135,Accountants,2,0,0
5096123,0.0,C,F,N,N,1,157500.0,Working,Higher education,Single / not married,House / apartment,-11828,-2135,Accountants,2,0,0
5096124,0.0,0,F,N,N,1,157500.0,Working,Higher education,Single / not married,House / apartment,-11828,-2135,Accountants,2,1,0
5096128,0.0,C,M,Y,N,2,225000.0,Working,Higher education,Married,House / apartment,-15327,-1040,Managers,4,0,1
5096132,0.0,C,M,N,N,1,180000.0,Working,Secondary / secondary special,Married,House / apartment,-15997,-1892,Laborers,3,2,1
5096134,0.0,C,M,N,N,1,180000.0,Working,Secondary / secondary special,Married,House / apartment,-15997,-1892,Laborers,3,2,1
5096135,0.0,C,M,N,N,1,180000.0,Working,Secondary / secondary special,Married,House / apartment,-15997,-1892,Laborers,3,2,1
5096136,0.0,0,M,N,N,1,180000.0,Working,Secondary / secondary special,Married,House / apartment,-15997,-1892,Laborers,3,4,1
5096137,0.0,0,M,N,N,0,135000.0,Working,Secondary / secondary special,Married,House / apartment,-18513,-2470,Drivers,2,4,0
5096144,0.0,0,F,N,N,0,180000.0,Working,Secondary / secondary special,Single / not married,With parents,-10267,-2593,Sales staff,1,4,0
5096147,0.0,C,F,N,N,0,180000.0,Working,Secondary / secondary special,Single / not married,With parents,-10267,-2593,Sales staff,1,4,0
5096150,0.0,0,F,N,N,0,180000.0,Working,Secondary / secondary special,Single / not married,With parents,-10267,-2593,Sales staff,1,4,0
5096159,0.0,C,M,N,N,2,135000.0,Commercial associate,Secondary / secondary special,Married,House / apartment,-10134,-1619,Laborers,4,2,1
5096160,0.0,C,M,N,N,2,135000.0,Commercial associate,Secondary / secondary special,Married,House / apartment,-10134,-1619,Laborers,4,2,1
5096163,0.0,C,M,N,N,2,135000.0,Commercial associate,Secondary / secondary special,Married,House / apartment,-10134,-1619,Laborers,4,2,1
5096164,0.0,C,M,N,N,2,135000.0,Commercial associate,Secondary / secondary special,Married,House / apartment,-10134,-1619,Laborers,4,2,1
5096167,0.0,C,F,N,N,0,112500.0,Commercial associate,Secondary / secondary special,Married,House / apartment,-19601,-796,High skill tech staff,2,1,0
5096168,0.0,C,F,N,N,0,112500.0,Commercial associate,Secondary / secondary special,Married,House / apartment,-19601,-796,High skill tech staff,2,1,0
5096169,0.0,X,F,N,N,0,112500.0,Commercial associate,Secondary / secondary special,Married,House / apartment,-19601,-796,High skill tech staff,2,1,0
5096170,0.0,1,F,N,N,0,112500.0,Commercial associate,Secondary / secondary special,Married,House / apartment,-19601,-796,High skill tech staff,2,1,0
5096171,0.0,X,F,N,N,0,112500.0,Commercial associate,Secondary / secondary special,Married,House / apartment,-19601,-796,High skill tech staff,2,1,0
5096172,0.0,X,F,N,N,0,112500.0,Commercial associate,Secondary / secondary special,Married,House / apartment,-19601,-796,High skill tech staff,2,1,0
5096173,0.0,0,M,N,N,0,225000.0,State servant,Higher education,Single / not married,With parents,-8523,-431,Core staff,1,3,0
5096176,0.0,C,F,N,N,0,270000.0,Working,Higher education,Single / not married,House / apartment,-15611,-2958,Laborers,1,0,0
5096177,0.0,C,F,N,N,0,270000.0,Working,Higher education,Single / not married,House / apartment,-15611,-2958,Laborers,1,0,0
5096178,0.0,C,F,N,N,0,270000.0,Working,Higher education,Single / not married,House / apartment,-15611,-2958,Laborers,1,0,0
5096180,0.0,C,F,N,N,0,270000.0,Working,Higher education,Single / not married,House / apartment,-15611,-2958,Laborers,1,0,0
5096181,0.0,C,F,N,N,0,270000.0,Working,Higher education,Single / not married,House / apartment,-15611,-2958,Laborers,1,0,0
5096182,0.0,C,F,N,N,0,270000.0,Working,Higher education,Single / not married,House / apartment,-15611,-2958,Laborers,1,0,0
5096183,0.0,C,F,N,N,0,153000.0,Working,Secondary / secondary special,Married,House / apartment,-14715,-2654,Security staff,2,2,0
5096184,0.0,C,F,N,N,0,153000.0,Working,Secondary / secondary special,Married,House / apartment,-14715,-2654,Security staff,2,2,0
5096185,0.0,C,F,N,N,0,153000.0,Working,Secondary / secondary special,Married,House / apartment,-14715,-2654,Security staff,2,2,0
5096205,0.0,C,F,N,N,0,103500.0,Working,Secondary / secondary special,Separated,House / apartment,-15715,-3657,Cooking staff,1,4,0
5096206,0.0,X,F,N,N,0,103500.0,Working,Secondary / secondary special,Separated,House / apartment,-15715,-3657,Cooking staff,1,4,0
5096211,0.0,C,M,N,N,0,81000.0,Working,Secondary / secondary special,Civil marriage,House / apartment,-14211,-158,Low-skill Laborers,2,2,0
5096215,0.0,C,M,N,N,0,81000.0,Working,Secondary / secondary special,Civil marriage,House / apartment,-14211,-158,Low-skill Laborers,2,2,0
5096218,0.0,0,F,N,N,0,180000.0,Commercial associate,Higher education,Married,House / apartment,-12843,-431,Sales staff,2,3,0
5096219,0.0,C,M,Y,N,0,270000.0,Working,Secondary / secondary special,Civil marriage,House / apartment,-13023,-6122,Laborers,2,2,0
5096223,0.0,0,F,N,N,1,63000.0,Working,Secondary / secondary special,Married,House / apartment,-13405,-888,Sales staff,3,4,1
5096225,0.0,X,F,N,N,1,63000.0,Working,Secondary / secondary special,Married,House / apartment,-13405,-888,Sales staff,3,4,1
5096226,0.0,C,F,N,N,0,90000.0,Commercial associate,Secondary / secondary special,Married,House / apartment,-17551,-2015,Laborers,2,1,0
5096228,0.0,C,F,N,N,0,90000.0,Commercial associate,Secondary / secondary special,Married,House / apartment,-17551,-2015,Laborers,2,1,0
5096229,0.0,C,F,N,N,0,90000.0,Commercial associate,Secondary / secondary special,Married,House / apartment,-17551,-2015,Laborers,2,1,0
5096233,0.0,C,F,N,N,0,117000.0,Working,Secondary / secondary special,Married,House / apartment,-17087,-7310,Medicine staff,2,2,0
5096234,0.0,C,F,N,N,0,117000.0,Working,Secondary / secondary special,Married,House / apartment,-17087,-7310,Medicine staff,2,2,0
5096236,0.0,X,F,N,N,0,117000.0,Working,Secondary / secondary special,Married,House / apartment,-17087,-7310,Medicine staff,2,4,0
5096237,0.0,0,F,N,N,0,117000.0,Working,Secondary / secondary special,Married,House / apartment,-17087,-7310,Medicine staff,2,4,0
5096238,0.0,C,F,N,N,0,117000.0,Working,Secondary / secondary special,Married,House / apartment,-17087,-7310,Medicine staff,2,2,0
5096240,0.0,0,F,N,N,0,117000.0,Working,Secondary / secondary special,Married,House / apartment,-17087,-7310,Medicine staff,2,4,0
5096241,0.0,X,F,N,N,0,117000.0,Working,Secondary / secondary special,Married,House / apartment,-17087,-7310,Medicine staff,2,4,0
5096242,0.0,X,F,N,N,0,117000.0,Working,Secondary / secondary special,Married,House / apartment,-17087,-7310,Medicine staff,2,4,0
5096253,0.0,X,M,N,N,2,247500.0,Working,Secondary / secondary special,Married,Office apartment,-13953,-3231,Laborers,4,4,1
5096254,0.0,X,M,N,N,2,247500.0,Working,Secondary / secondary special,Married,Office apartment,-13953,-3231,Laborers,4,4,1
5096255,0.0,C,M,N,N,2,202500.0,Working,Secondary / secondary special,Married,House / apartment,-12703,-3141,Laborers,4,2,1
5096257,0.0,X,F,N,N,0,90000.0,Working,Higher education,Single / not married,House / apartment,-9627,-189,Core staff,1,1,0
5096270,0.0,C,M,N,N,0,265500.0,Working,Higher education,Single / not married,House / apartment,-21950,-3111,Laborers,1,0,0
5096286,0.0,C,F,N,N,0,112500.0,Commercial associate,Secondary / secondary special,Married,House / apartment,-18359,-11785,Medicine staff,2,1,0
5096296,0.0,C,F,N,N,0,450000.0,Working,Higher education,Married,House / apartment,-10939,-2288,Managers,2,0,2
5096297,0.0,X,F,N,N,0,450000.0,Working,Higher education,Married,House / apartment,-10939,-2288,Managers,2,1,2
5096301,0.0,C,F,N,N,1,112500.0,Commercial associate,Secondary / secondary special,Married,House / apartment,-9320,-2257,High skill tech staff,3,1,1
5096302,0.0,X,F,N,N,1,112500.0,Commercial associate,Secondary / secondary special,Married,House / apartment,-9320,-2257,High skill tech staff,3,1,1
5096303,0.0,X,F,N,N,1,112500.0,Commercial associate,Secondary / secondary special,Married,House / apartment,-9320,-2257,High skill tech staff,3,1,1
5096305,0.0,X,F,N,N,1,112500.0,Commercial associate,Secondary / secondary special,Married,House / apartment,-9320,-2257,High skill tech staff,3,1,1
5096306,0.0,X,F,N,N,1,112500.0,Commercial associate,Secondary / secondary special,Married,House / apartment,-9320,-2257,High skill tech staff,3,1,1
5096310,0.0,0,F,Y,N,0,81000.0,Commercial associate,Secondary / secondary special,Civil marriage,With parents,-14157,-2349,Laborers,2,1,0
5096312,0.0,0,F,Y,N,0,81000.0,Commercial associate,Secondary / secondary special,Civil marriage,With parents,-14157,-2349,Laborers,2,1,0
5096313,0.0,0,F,Y,N,0,81000.0,Commercial associate,Secondary / secondary special,Civil marriage,With parents,-14157,-2349,Laborers,2,1,0
5096315,0.0,0,F,Y,N,0,81000.0,Commercial associate,Secondary / secondary special,Civil marriage,With parents,-14157,-2349,Laborers,2,1,0
5096316,0.0,0,F,Y,N,0,81000.0,Commercial associate,Secondary / secondary special,Civil marriage,With parents,-14157,-2349,Laborers,2,1,0
5096317,0.0,C,M,Y,N,0,270000.0,Commercial associate,Higher education,Single / not married,House / apartment,-9517,-158,Core staff,1,3,0
5096318,0.0,0,M,Y,N,0,270000.0,Commercial associate,Higher education,Single / not married,House / apartment,-9517,-158,Core staff,1,3,0
5096330,0.0,X,F,N,N,0,112500.0,Working,Secondary / secondary special,Civil marriage,House / apartment,-10303,-1527,Laborers,2,4,0
5096331,0.0,X,F,N,N,0,112500.0,Working,Secondary / secondary special,Civil marriage,House / apartment,-10303,-1527,Laborers,2,4,0
5096343,0.0,C,F,N,N,0,112500.0,Working,Secondary / secondary special,Married,Municipal apartment,-11688,-1162,Laborers,2,2,0
5096344,0.0,C,F,N,N,0,112500.0,Working,Secondary / secondary special,Married,Municipal apartment,-11688,-1162,Laborers,2,2,0
5096346,0.0,C,M,Y,N,0,315000.0,Commercial associate,Secondary / secondary special,Married,House / apartment,-18214,-5210,Laborers,2,0,2
5096347,0.0,C,M,Y,N,0,315000.0,Commercial associate,Secondary / secondary special,Married,House / apartment,-18214,-5210,Laborers,2,0,2
5096349,0.0,C,M,Y,N,0,315000.0,Commercial associate,Secondary / secondary special,Married,House / apartment,-18214,-5210,Laborers,2,0,2
5096350,0.0,C,M,Y,N,0,315000.0,Commercial associate,Secondary / secondary special,Married,House / apartment,-18214,-5210,Laborers,2,0,2
5096352,0.0,C,M,Y,N,0,315000.0,Commercial associate,Secondary / secondary special,Married,House / apartment,-18214,-5210,Laborers,2,0,2
5096353,0.0,0,M,Y,N,0,315000.0,Commercial associate,Secondary / secondary special,Married,House / apartment,-18214,-5210,Laborers,2,1,2
5096362,0.0,C,F,N,N,2,148500.0,Working,Secondary / secondary special,Civil marriage,House / apartment,-12765,-1374,Sales staff,4,4,1
5096373,0.0,C,F,Y,N,0,207000.0,Working,Higher education,Married,House / apartment,-14761,-3718,HR staff,2,0,0
5096375,0.0,C,F,Y,N,0,207000.0,Working,Higher education,Married,House / apartment,-14761,-3718,HR staff,2,0,0
5096378,0.0,0,F,Y,N,0,207000.0,Working,Higher education,Married,House / apartment,-14761,-3718,HR staff,2,1,0
5096381,0.0,C,F,Y,N,2,243000.0,Working,Secondary / secondary special,Married,House / apartment,-11862,-1770,Medicine staff,4,2,1
5096382,0.0,0,F,Y,N,2,243000.0,Working,Secondary / secondary special,Married,House / apartment,-11862,-1770,Medicine staff,4,4,1
5096390,0.0,C,M,Y,N,0,391500.0,Commercial associate,Higher education,Single / not married,House / apartment,-21897,-3810,Managers,1,3,2
5096391,0.0,C,M,Y,N,0,391500.0,Commercial associate,Higher education,Single / not married,House / apartment,-21897,-3810,Managers,1,3,2
5096392,0.0,C,M,Y,N,0,391500.0,Commercial associate,Higher education,Single / not married,House / apartment,-21897,-3810,Managers,1,3,2
5096393,0.0,C,M,Y,N,0,391500.0,Commercial associate,Higher education,Single / not married,House / apartment,-21897,-3810,Managers,1,3,2
5096397,0.0,0,F,N,N,0,112500.0,Working,Secondary / secondary special,Civil marriage,Municipal apartment,-14174,-1405,Core staff,2,4,0
5096400,0.0,X,M,Y,N,0,405000.0,Working,Higher education,Married,House / apartment,-18655,-3200,High skill tech staff,2,0,2
5096402,0.0,X,M,Y,N,0,405000.0,Working,Higher education,Married,House / apartment,-18655,-3200,High skill tech staff,2,0,2
5096403,0.0,X,M,Y,N,0,405000.0,Working,Higher education,Married,House / apartment,-18655,-3200,High skill tech staff,2,0,2
5096404,0.0,X,M,Y,N,0,405000.0,Working,Higher education,Married,House / apartment,-18655,-3200,High skill tech staff,2,0,2
5096410,0.0,0,F,Y,N,1,90000.0,Working,Secondary / secondary special,Married,House / apartment,-13951,-1101,Sales staff,3,4,1
5096411,0.0,0,F,Y,N,1,90000.0,Working,Secondary / secondary special,Married,House / apartment,-13951,-1101,Sales staff,3,4,1
5096429,0.0,C,F,N,N,0,90000.0,Commercial associate,Secondary / secondary special,Single / not married,House / apartment,-15948,-4572,Laborers,1,1,0
5096431,0.0,0,F,N,N,0,90000.0,Commercial associate,Secondary / secondary special,Single / not married,House / apartment,-15948,-4572,Laborers,1,1,0
5096442,0.0,X,F,N,N,0,112500.0,Working,Secondary / secondary special,Separated,House / apartment,-19032,-7249,Security staff,1,4,0
5096458,0.0,C,F,N,N,0,202500.0,State servant,Higher education,Single / not married,House / apartment,-16946,-4054,Secretaries,1,3,0
5096460,0.0,0,M,Y,N,0,225000.0,Working,Secondary / secondary special,Married,House / apartment,-9970,-1315,Drivers,2,2,0
5096461,0.0,C,M,Y,N,0,225000.0,Working,Secondary / secondary special,Married,House / apartment,-9970,-1315,Drivers,2,2,0
5096463,0.0,C,M,Y,N,0,225000.0,Working,Secondary / secondary special,Married,House / apartment,-9970,-1315,Drivers,2,2,0
5096465,0.0,0,M,Y,N,0,225000.0,Working,Secondary / secondary special,Married,House / apartment,-9970,-1315,Drivers,2,2,0
5096468,0.0,C,M,Y,N,1,450000.0,Working,Higher education,Married,House / apartment,-19410,-5545,Managers,3,0,2
5096469,0.0,C,M,Y,N,1,450000.0,Working,Higher education,Married,House / apartment,-19410,-5545,Managers,3,0,2
5096470,0.0,C,M,Y,N,1,450000.0,Working,Higher education,Married,House / apartment,-19410,-5545,Managers,3,0,2
5096471,0.0,C,M,Y,N,1,450000.0,Working,Higher education,Married,House / apartment,-19410,-5545,Managers,3,0,2
5096476,0.0,X,F,N,N,0,112500.0,Working,Secondary / secondary special,Married,House / apartment,-23155,-401,Cleaning staff,2,4,0
5096491,0.0,0,F,N,N,2,103500.0,Commercial associate,Higher education,Married,House / apartment,-12987,-3537,High skill tech staff,4,3,1
5096492,0.0,0,F,N,N,2,103500.0,Commercial associate,Higher education,Married,House / apartment,-12987,-3537,High skill tech staff,4,3,1
5096494,0.0,X,F,N,N,2,103500.0,Commercial associate,Higher education,Married,House / apartment,-12987,-3537,High skill tech staff,4,3,1
5096497,0.0,0,F,N,N,2,103500.0,Commercial associate,Higher education,Married,House / apartment,-12987,-3537,High skill tech staff,4,3,1
5096500,0.0,X,F,Y,N,1,135000.0,Working,Secondary / secondary special,Married,House / apartment,-18043,-3262,Cooking staff,3,4,1
5096503,0.0,0,F,Y,N,1,135000.0,Working,Secondary / secondary special,Married,House / apartment,-18043,-3262,Cooking staff,3,4,1
5096511,0.0,0,F,N,N,0,189000.0,Commercial associate,Secondary / secondary special,Civil marriage,House / apartment,-16395,-523,Managers,2,1,0
5096514,0.0,0,F,N,N,0,189000.0,Commercial associate,Secondary / secondary special,Civil marriage,House / apartment,-16395,-523,Managers,2,1,0
5096515,0.0,C,F,N,N,0,189000.0,Commercial associate,Secondary / secondary special,Civil marriage,House / apartment,-16395,-523,Managers,2,1,0
5096516,0.0,C,F,N,N,0,189000.0,Commercial associate,Secondary / secondary special,Civil marriage,House / apartment,-16395,-523,Managers,2,1,0
5096517,0.0,X,F,N,N,0,189000.0,Commercial associate,Secondary / secondary special,Civil marriage,House / apartment,-16395,-523,Managers,2,1,0
5096518,0.0,C,F,N,N,0,189000.0,Commercial associate,Secondary / secondary special,Civil marriage,House / apartment,-16395,-523,Managers,2,1,0
5096520,0.0,C,F,N,N,0,135000.0,Commercial associate,Higher education,Married,House / apartment,-14041,-705,Accountants,2,3,0
5096525,0.0,0,F,N,N,0,225000.0,Working,Secondary / secondary special,Civil marriage,House / apartment,-13425,-584,Cleaning staff,2,4,0
5096526,0.0,C,F,N,N,0,135000.0,Working,Secondary / secondary special,Widow,Co-op apartment,-20012,-584,Core staff,1,4,0
5096531,0.0,C,F,Y,N,0,216000.0,Commercial associate,Secondary / secondary special,Married,House / apartment,-14775,-4327,Medicine staff,2,0,0
5096532,0.0,C,F,Y,N,0,216000.0,Commercial associate,Secondary / secondary special,Married,House / apartment,-14775,-4327,Medicine staff,2,0,0
5096537,0.0,C,F,Y,N,0,216000.0,Commercial associate,Secondary / secondary special,Married,House / apartment,-14775,-4327,Medicine staff,2,0,0
5096540,0.0,C,F,Y,N,0,216000.0,Commercial associate,Secondary / secondary special,Married,House / apartment,-14775,-4327,Medicine staff,2,0,0
5096541,0.0,X,F,Y,N,0,216000.0,Commercial associate,Secondary / secondary special,Married,House / apartment,-14775,-4327,Medicine staff,2,1,0
5096542,0.0,0,F,Y,N,0,216000.0,Commercial associate,Secondary / secondary special,Married,House / apartment,-14775,-4327,Medicine staff,2,1,0
5096547,0.0,C,F,Y,N,0,216000.0,Commercial associate,Secondary / secondary special,Married,House / apartment,-14775,-4327,Medicine staff,2,0,0
5096549,0.0,C,F,Y,N,0,216000.0,Commercial associate,Secondary / secondary special,Married,House / apartment,-14775,-4327,Medicine staff,2,0,0
5096551,0.0,X,F,Y,N,0,216000.0,Commercial associate,Secondary / secondary special,Married,House / apartment,-14775,-4327,Medicine staff,2,1,0
5096553,0.0,0,F,Y,N,0,216000.0,Commercial associate,Secondary / secondary special,Married,House / apartment,-14775,-4327,Medicine staff,2,1,0
5096554,0.0,C,F,Y,N,0,216000.0,Commercial associate,Secondary / secondary special,Married,House / apartment,-14775,-4327,Medicine staff,2,0,0
5096555,0.0,X,F,Y,N,0,216000.0,Commercial associate,Secondary / secondary special,Married,House / apartment,-14775,-4327,Medicine staff,2,1,0
5096562,0.0,C,F,N,N,0,54000.0,Working,Higher education,Married,House / apartment,-14923,-4723,Medicine staff,2,0,0
5096567,0.0,C,F,N,N,0,54000.0,Working,Higher education,Married,House / apartment,-14923,-4723,Medicine staff,2,0,0
5096568,0.0,C,F,N,N,0,54000.0,Working,Higher education,Married,House / apartment,-14923,-4723,Medicine staff,2,0,0
5096569,0.0,C,F,N,N,0,54000.0,Working,Higher education,Married,House / apartment,-14923,-4723,Medicine staff,2,0,0
5096588,0.0,C,F,N,N,0,202500.0,Working,Secondary / secondary special,Single / not married,House / apartment,-11398,-1619,Core staff,1,4,0
5096592,0.0,0,F,N,N,0,202500.0,Working,Secondary / secondary special,Single / not married,House / apartment,-11398,-1619,Core staff,1,4,0
5096593,0.0,X,F,N,N,0,202500.0,Working,Secondary / secondary special,Single / not married,House / apartment,-11398,-1619,Core staff,1,4,0
5096594,0.0,0,F,N,N,0,202500.0,Working,Secondary / secondary special,Single / not married,House / apartment,-11398,-1619,Core staff,1,4,0
5096600,0.0,C,F,Y,N,1,225000.0,Working,Higher education,Civil marriage,House / apartment,-13528,-980,Core staff,3,0,1
5096601,0.0,C,F,Y,N,1,225000.0,Working,Higher education,Civil marriage,House / apartment,-13528,-980,Core staff,3,0,1
5096603,0.0,C,F,Y,N,1,225000.0,Working,Higher education,Civil marriage,House / apartment,-13528,-980,Core staff,3,0,1
5096604,0.0,C,F,Y,N,1,225000.0,Working,Higher education,Civil marriage,House / apartment,-13528,-980,Core staff,3,0,1
5096606,0.0,X,F,Y,N,1,225000.0,Working,Higher education,Civil marriage,House / apartment,-13528,-980,Core staff,3,1,1
5096607,0.0,C,F,Y,N,1,225000.0,Working,Higher education,Civil marriage,House / apartment,-13528,-980,Core staff,3,0,1
5096608,0.0,X,F,Y,N,1,225000.0,Working,Higher education,Civil marriage,House / apartment,-13528,-980,Core staff,3,1,1
5096610,0.0,0,F,Y,N,1,225000.0,Working,Higher education,Civil marriage,House / apartment,-13528,-980,Core staff,3,1,1
5096613,0.0,C,M,Y,N,5,211500.0,Working,Secondary / secondary special,Married,House / apartment,-13817,-1892,Laborers,7,2,1
5096616,0.0,X,F,N,N,1,99000.0,Commercial associate,Secondary / secondary special,Married,With parents,-9538,-827,Medicine staff,3,1,1
5096617,0.0,X,F,N,N,1,99000.0,Commercial associate,Secondary / secondary special,Married,With parents,-9538,-827,Medicine staff,3,1,1
5096621,0.0,C,F,N,N,1,135000.0,Working,Secondary / secondary special,Married,House / apartment,-14461,-1589,Laborers,3,2,1
5096622,0.0,0,F,N,N,1,135000.0,Working,Secondary / secondary special,Married,House / apartment,-14461,-1589,Laborers,3,4,1
5096624,0.0,C,F,Y,N,2,81000.0,Working,Secondary / secondary special,Married,House / apartment,-12087,-1923,Laborers,4,2,1
5096641,0.0,0,F,Y,N,2,135000.0,Working,Higher education,Civil marriage,Municipal apartment,-11008,-1285,Sales staff,4,1,1
5096643,0.0,X,F,Y,N,2,135000.0,Working,Higher education,Civil marriage,Municipal apartment,-11008,-1285,Sales staff,4,1,1
5096647,0.0,0,F,Y,N,2,135000.0,Working,Higher education,Civil marriage,Municipal apartment,-11008,-1285,Sales staff,4,1,1
5096650,0.0,X,F,Y,N,2,135000.0,Working,Higher education,Civil marriage,Municipal apartment,-11008,-1285,Sales staff,4,1,1
5096651,0.0,C,F,N,N,1,211500.0,Working,Secondary / secondary special,Married,House / apartment,-17519,-1132,Core staff,3,2,1
5096653,0.0,X,F,N,N,1,211500.0,Working,Secondary / secondary special,Married,House / apartment,-17519,-1132,Core staff,3,4,1
5096655,0.0,C,F,N,N,1,211500.0,Working,Secondary / secondary special,Married,House / apartment,-17519,-1132,Core staff,3,2,1
5096671,0.0,C,F,N,N,0,135000.0,Commercial associate,Secondary / secondary special,Married,House / apartment,-22339,-2988,Cleaning staff,2,1,0
5096672,0.0,C,F,N,N,0,135000.0,Commercial associate,Secondary / secondary special,Married,House / apartment,-22339,-2988,Cleaning staff,2,1,0
5096673,0.0,0,F,N,N,0,135000.0,Commercial associate,Secondary / secondary special,Married,House / apartment,-22339,-2988,Cleaning staff,2,1,0
5096681,0.0,C,F,Y,N,0,405000.0,Working,Secondary / secondary special,Married,House / apartment,-12906,-4602,Drivers,2,2,2
5096682,0.0,X,F,Y,N,0,405000.0,Working,Secondary / secondary special,Married,House / apartment,-12906,-4602,Drivers,2,2,2
5096683,0.0,X,F,Y,N,0,405000.0,Working,Secondary / secondary special,Married,House / apartment,-12906,-4602,Drivers,2,2,2
5096685,0.0,0,F,Y,N,0,405000.0,Working,Secondary / secondary special,Married,House / apartment,-12906,-4602,Drivers,2,4,2
5096706,0.0,X,F,N,N,0,166500.0,State servant,Secondary / secondary special,Married,House / apartment,-16416,-4692,Managers,2,1,0
5096707,0.0,C,F,N,N,0,166500.0,State servant,Secondary / secondary special,Married,House / apartment,-16416,-4692,Managers,2,0,0
5096725,0.0,X,M,Y,N,0,135000.0,Commercial associate,Secondary / secondary special,Married,House / apartment,-10910,-2349,Laborers,2,2,0
5096727,0.0,X,M,Y,N,0,135000.0,Commercial associate,Secondary / secondary special,Married,House / apartment,-10910,-2349,Laborers,2,2,0
5096728,0.0,X,M,Y,N,0,135000.0,Commercial associate,Secondary / secondary special,Married,House / apartment,-10910,-2349,Laborers,2,2,0
5096730,0.0,X,M,Y,N,0,135000.0,Commercial associate,Secondary / secondary special,Married,House / apartment,-10910,-2349,Laborers,2,2,0
5096732,0.0,0,M,Y,N,0,225000.0,State servant,Higher education,Married,Co-op apartment,-14536,-3415,Managers,2,3,0
5096734,0.0,C,M,Y,N,0,225000.0,State servant,Higher education,Married,Co-op apartment,-14536,-3415,Managers,2,0,0
5096736,0.0,C,M,Y,N,0,225000.0,State servant,Higher education,Married,Co-op apartment,-14536,-3415,Managers,2,0,0
5096738,0.0,0,M,Y,N,0,225000.0,State servant,Higher education,Married,Co-op apartment,-14536,-3415,Managers,2,3,0
5096740,0.0,X,M,Y,N,0,225000.0,State servant,Higher education,Married,Co-op apartment,-14536,-3415,Managers,2,3,0
5096741,0.0,0,M,Y,N,0,225000.0,State servant,Higher education,Married,Co-op apartment,-14536,-3415,Managers,2,3,0
5096742,0.0,X,M,Y,N,0,225000.0,State servant,Higher education,Married,Co-op apartment,-14536,-3415,Managers,2,3,0
5096748,0.0,C,F,N,Y,0,180000.0,Working,Lower secondary,Widow,House / apartment,-16803,-2227,Cleaning staff,1,1,0
5096758,0.0,C,M,Y,Y,0,202500.0,Working,Secondary / secondary special,Married,House / apartment,-17142,-2166,Managers,2,2,0
5096759,0.0,X,F,Y,Y,1,180000.0,Commercial associate,Secondary / secondary special,Married,House / apartment,-9980,-128,Sales staff,3,1,1
5096762,0.0,C,M,Y,N,1,211500.0,Commercial associate,Secondary / secondary special,Married,House / apartment,-14290,-2470,Drivers,3,0,1
5096763,0.0,C,M,Y,N,1,211500.0,Commercial associate,Secondary / secondary special,Married,House / apartment,-14290,-2470,Drivers,3,0,1
5096794,0.0,C,M,Y,N,2,162000.0,Working,Secondary / secondary special,Married,With parents,-12056,-1711,Drivers,4,2,1
5096795,0.0,C,M,Y,Y,0,337500.0,Working,Higher education,Separated,House / apartment,-13188,-584,Laborers,1,0,2
5096796,0.0,X,M,Y,Y,0,337500.0,Working,Higher education,Separated,House / apartment,-13188,-584,Laborers,1,0,2
5096797,0.0,C,F,N,Y,0,76500.0,Commercial associate,Secondary / secondary special,Widow,House / apartment,-20145,-11907,Sales staff,1,1,0
5096798,0.0,C,F,N,Y,0,76500.0,Commercial associate,Secondary / secondary special,Widow,House / apartment,-20145,-11907,Sales staff,1,1,0
5096800,0.0,0,F,N,Y,0,76500.0,Commercial associate,Secondary / secondary special,Widow,House / apartment,-20145,-11907,Sales staff,1,1,0
5096801,0.0,C,F,N,Y,0,76500.0,Commercial associate,Secondary / secondary special,Widow,House / apartment,-20145,-11907,Sales staff,1,1,0
5096816,0.0,X,M,Y,N,0,157500.0,Commercial associate,Secondary / secondary special,Married,House / apartment,-11130,-3231,Drivers,2,1,0
5096818,0.0,X,M,Y,N,0,157500.0,Commercial associate,Secondary / secondary special,Married,House / apartment,-11130,-3231,Drivers,2,1,0
5096819,0.0,C,F,N,Y,0,315000.0,Commercial associate,Higher education,Separated,House / apartment,-17752,-2380,Accountants,1,3,2
5096820,0.0,C,F,N,Y,0,315000.0,Commercial associate,Higher education,Separated,House / apartment,-17752,-2380,Accountants,1,3,2
5096821,0.0,C,F,N,Y,0,315000.0,Commercial associate,Higher education,Separated,House / apartment,-17752,-2380,Accountants,1,3,2
5096822,0.0,0,F,N,Y,0,315000.0,Commercial associate,Higher education,Separated,House / apartment,-17752,-2380,Accountants,1,3,2
5096823,0.0,0,F,N,Y,0,315000.0,Commercial associate,Higher education,Separated,House / apartment,-17752,-2380,Accountants,1,3,2
5096827,0.0,C,F,N,Y,0,315000.0,Commercial associate,Higher education,Separated,House / apartment,-17752,-2380,Accountants,1,3,2
5096828,0.0,C,F,N,Y,0,315000.0,Commercial associate,Higher education,Separated,House / apartment,-17752,-2380,Accountants,1,3,2
5096829,0.0,C,F,N,Y,0,315000.0,Commercial associate,Higher education,Separated,House / apartment,-17752,-2380,Accountants,1,3,2
5096832,0.0,1,M,Y,N,0,270000.0,Commercial associate,Secondary / secondary special,Single / not married,House / apartment,-16896,-128,Drivers,1,1,0
5096833,0.0,C,M,Y,N,0,270000.0,Commercial associate,Secondary / secondary special,Single / not married,House / apartment,-16896,-128,Drivers,1,0,0
5096834,0.0,0,M,Y,Y,0,112500.0,Working,Secondary / secondary special,Married,Rented apartment,-12792,-158,Drivers,2,2,0
5096856,0.0,C,M,Y,Y,0,180000.0,Commercial associate,Secondary / secondary special,Married,House / apartment,-17975,-3476,Drivers,2,0,0
5096857,0.0,X,M,Y,Y,0,180000.0,Commercial associate,Secondary / secondary special,Married,House / apartment,-17975,-3476,Drivers,2,1,0
5096861,0.0,X,M,Y,Y,0,180000.0,Commercial associate,Secondary / secondary special,Married,House / apartment,-17975,-3476,Drivers,2,1,0
5096863,0.0,X,M,Y,Y,0,180000.0,Commercial associate,Secondary / secondary special,Married,House / apartment,-17975,-3476,Drivers,2,1,0
5096864,0.0,X,M,Y,Y,0,180000.0,Commercial associate,Secondary / secondary special,Married,House / apartment,-17975,-3476,Drivers,2,1,0
5096866,0.0,C,M,Y,Y,0,180000.0,Commercial associate,Secondary / secondary special,Married,House / apartment,-17975,-3476,Drivers,2,0,0
5096867,0.0,X,M,Y,Y,0,180000.0,Commercial associate,Secondary / secondary special,Married,House / apartment,-17975,-3476,Drivers,2,1,0
5096868,0.0,X,M,Y,Y,0,180000.0,Commercial associate,Secondary / secondary special,Married,House / apartment,-17975,-3476,Drivers,2,1,0
5096869,0.0,0,F,N,N,2,67500.0,Commercial associate,Secondary / secondary special,Married,House / apartment,-11154,-1892,Secretaries,4,1,1
5096870,0.0,0,F,N,N,2,67500.0,Commercial associate,Secondary / secondary special,Married,House / apartment,-11154,-1892,Secretaries,4,1,1
5096871,0.0,C,M,Y,Y,0,270000.0,Working,Lower secondary,Married,House / apartment,-15054,-1527,High skill tech staff,2,0,2
5096873,0.0,C,M,Y,Y,0,270000.0,Working,Lower secondary,Married,House / apartment,-15054,-1527,High skill tech staff,2,0,2
5096874,0.0,0,F,N,Y,1,112500.0,Working,Secondary / secondary special,Married,Municipal apartment,-14605,-5363,Laborers,3,4,1
5096875,0.0,C,F,N,N,1,121500.0,Commercial associate,Secondary / secondary special,Married,House / apartment,-16740,-4294,Laborers,3,1,1
5096878,0.0,X,F,N,Y,0,112500.0,Working,Secondary / secondary special,Married,House / apartment,-15830,-8130,Laborers,2,4,0
5096879,0.0,X,F,N,Y,0,112500.0,Working,Secondary / secondary special,Married,House / apartment,-15830,-8130,Laborers,2,4,0
5096880,0.0,X,F,N,Y,0,112500.0,Working,Secondary / secondary special,Married,House / apartment,-15830,-8130,Laborers,2,4,0
5096881,0.0,X,F,N,Y,1,90000.0,State servant,Higher education,Married,House / apartment,-9764,-1160,Core staff,3,3,1
5096883,0.0,C,M,Y,N,1,180000.0,Working,Higher education,Married,House / apartment,-8877,-1737,Drivers,3,0,1
5096884,0.0,X,F,N,Y,0,112500.0,Commercial associate,Secondary / secondary special,Married,House / apartment,-17441,-1222,Cooking staff,2,1,0
5096887,0.0,C,F,N,Y,0,180000.0,State servant,Higher education,Married,House / apartment,-16131,-2133,Core staff,2,3,0
5096888,0.0,C,M,Y,N,0,270000.0,Commercial associate,Incomplete higher,Married,House / apartment,-17971,-4752,Drivers,2,0,2
5096889,0.0,0,M,Y,N,0,270000.0,Commercial associate,Incomplete higher,Married,House / apartment,-17971,-4752,Drivers,2,1,2
5096901,0.0,X,M,Y,Y,1,157500.0,Working,Secondary / secondary special,Married,House / apartment,-13441,-3078,Drivers,3,2,1
5096903,0.0,C,M,Y,Y,1,157500.0,Working,Secondary / secondary special,Married,House / apartment,-13441,-3078,Drivers,3,2,1
5096904,0.0,X,F,Y,Y,0,157500.0,Commercial associate,Higher education,Civil marriage,House / apartment,-11877,-1372,Core staff,2,3,0
5096905,0.0,C,F,N,Y,0,157500.0,Commercial associate,Secondary / secondary special,Separated,House / apartment,-17040,-1222,Sales staff,1,1,0
5096906,0.0,0,F,N,Y,0,157500.0,Commercial associate,Secondary / secondary special,Separated,House / apartment,-17040,-1222,Sales staff,1,1,0
5096916,0.0,C,M,Y,N,1,112500.0,Commercial associate,Higher education,Married,Municipal apartment,-13353,-1372,Laborers,3,0,1
5096923,0.0,0,F,Y,N,0,90000.0,Working,Secondary / secondary special,Married,House / apartment,-12494,-2256,Medicine staff,2,4,0
5096926,0.0,0,F,N,N,0,112500.0,Working,Higher education,Married,House / apartment,-13066,-400,Core staff,2,1,0
5096927,0.0,C,F,N,N,0,135000.0,Working,Secondary / secondary special,Civil marriage,House / apartment,-16163,-1496,Laborers,2,2,0
5096934,0.0,C,F,N,N,0,135000.0,Working,Higher education,Married,House / apartment,-14185,-4447,Core staff,2,0,0
5096935,0.0,X,M,N,N,0,90000.0,Working,Secondary / secondary special,Married,House / apartment,-12838,-672,Drivers,2,2,0
5096937,0.0,0,M,N,Y,0,180000.0,Working,Secondary / secondary special,Married,House / apartment,-20061,-5970,Laborers,2,4,0
5096938,0.0,0,F,N,Y,0,135000.0,Working,Secondary / secondary special,Married,House / apartment,-18543,-1890,Managers,2,4,0
5096943,0.0,X,F,N,N,0,99000.0,Working,Higher education,Single / not married,House / apartment,-9135,-765,Core staff,1,1,0
5096946,0.0,X,F,N,N,1,148500.0,Working,Secondary / secondary special,Married,House / apartment,-11386,-369,Managers,3,4,1
5096950,0.0,C,F,N,N,0,135000.0,Working,Secondary / secondary special,Married,House / apartment,-22688,-4266,Medicine staff,2,2,0
5096958,0.0,0,F,N,Y,0,67500.0,Working,Higher education,Married,House / apartment,-19467,-2744,Managers,2,1,0
5096961,0.0,X,M,N,N,0,112500.0,Working,Secondary / secondary special,Separated,House / apartment,-20933,-673,Drivers,1,4,0
5096962,0.0,0,M,Y,N,0,495000.0,Commercial associate,Higher education,Single / not married,House / apartment,-19130,-5483,Managers,1,3,2
5096963,0.0,C,M,Y,N,0,675000.0,Commercial associate,Higher education,Married,House / apartment,-18126,-948,Managers,2,0,2
5096966,0.0,C,F,N,Y,0,202500.0,Working,Higher education,Separated,House / apartment,-19748,-4082,High skill tech staff,1,0,0
5096971,0.0,X,F,Y,N,0,225000.0,Working,Higher education,Married,House / apartment,-16649,-5453,Core staff,2,0,0
5096972,0.0,0,F,Y,Y,0,135000.0,Commercial associate,Higher education,Married,House / apartment,-18038,-10475,Core staff,2,3,0
5096982,0.0,C,F,Y,Y,1,247500.0,Working,Secondary / secondary special,Married,With parents,-12378,-3229,Managers,3,2,1
5096983,0.0,C,F,N,Y,0,135000.0,Working,Secondary / secondary special,Separated,House / apartment,-18012,-703,Sales staff,1,4,0
5096988,0.0,C,M,Y,Y,0,315000.0,Working,Secondary / secondary special,Married,House / apartment,-21343,-5452,Managers,2,2,2
5096990,0.0,0,M,N,Y,1,540000.0,Working,Higher education,Married,House / apartment,-11566,-1921,Managers,3,1,2
5096991,0.0,C,F,N,Y,1,225000.0,Commercial associate,Higher education,Married,House / apartment,-12272,-126,Core staff,3,3,1
5096992,0.0,C,F,N,N,1,81000.0,Working,Secondary / secondary special,Married,House / apartment,-8942,-218,Secretaries,3,2,1
5096996,0.0,C,F,Y,N,0,202500.0,State servant,Higher education,Married,House / apartment,-10040,-765,Core staff,2,0,0
5097005,0.0,X,M,Y,Y,2,360000.0,Commercial associate,Incomplete higher,Married,House / apartment,-12387,-338,Managers,4,3,1
5097007,0.0,C,F,N,Y,0,225000.0,Working,Higher education,Married,House / apartment,-10582,-2194,Managers,2,0,0
5097008,0.0,0,F,N,Y,0,90000.0,Working,Higher education,Single / not married,House / apartment,-11405,-2621,Core staff,1,1,0
5097009,0.0,X,F,N,Y,2,67500.0,Working,Secondary / secondary special,Married,House / apartment,-10218,-276,Sales staff,4,4,1
5097012,0.0,X,F,Y,N,0,202500.0,Working,Higher education,Married,House / apartment,-10751,-1039,Core staff,2,0,0
5097014,0.0,C,M,N,N,0,135000.0,Working,Secondary / secondary special,Civil marriage,House / apartment,-10699,-400,Drivers,2,2,0
5097019,0.0,0,F,N,N,0,67500.0,Working,Secondary / secondary special,Married,House / apartment,-18939,-978,Sales staff,2,4,0
5097021,0.0,X,M,Y,N,0,198000.0,Commercial associate,Higher education,Married,House / apartment,-13643,-2956,Managers,2,3,0
5097025,0.0,X,M,Y,N,0,198000.0,Commercial associate,Higher education,Married,House / apartment,-13643,-2956,Managers,2,3,0
5097026,0.0,C,M,N,Y,0,315000.0,Working,Incomplete higher,Separated,House / apartment,-12103,-1829,Laborers,1,2,2
5097027,0.0,X,M,N,Y,0,315000.0,Working,Incomplete higher,Separated,House / apartment,-12103,-1829,Laborers,1,4,2
5097031,0.0,C,F,Y,N,1,189000.0,Commercial associate,Higher education,Married,House / apartment,-10408,-218,Sales staff,3,3,1
5097032,0.0,0,F,N,N,1,157500.0,Commercial associate,Secondary / secondary special,Married,House / apartment,-15473,-1649,Sales staff,3,1,1
5097033,0.0,0,F,N,N,1,153000.0,Commercial associate,Secondary / secondary special,Single / not married,House / apartment,-17504,-1738,Laborers,2,1,0
5097034,0.0,0,M,N,N,0,270000.0,Commercial associate,Higher education,Married,House / apartment,-12993,-249,Core staff,2,3,2
5097035,0.0,0,M,N,N,0,270000.0,Commercial associate,Higher education,Married,House / apartment,-12993,-249,Core staff,2,3,2
5097038,0.0,X,F,Y,Y,2,135000.0,Commercial associate,Higher education,Married,House / apartment,-10039,-1313,Managers,4,3,1
5097040,0.0,C,F,N,N,0,337500.0,Working,Higher education,Widow,House / apartment,-15658,-188,Sales staff,1,0,2
5097041,0.0,0,F,N,N,0,337500.0,Working,Higher education,Widow,House / apartment,-15658,-188,Sales staff,1,1,2
5097044,0.0,C,M,N,N,0,67500.0,Working,Lower secondary,Married,House / apartment,-20406,-3140,Laborers,2,2,0
5097045,0.0,0,F,N,Y,0,225000.0,Working,Secondary / secondary special,Married,House / apartment,-19404,-9896,Cooking staff,2,4,0
5097053,0.0,X,F,Y,Y,0,135000.0,Working,Secondary / secondary special,Civil marriage,House / apartment,-20071,-3685,Laborers,2,4,0
5097054,0.0,X,F,Y,Y,0,135000.0,Working,Secondary / secondary special,Civil marriage,House / apartment,-20071,-3685,Laborers,2,4,0
5097059,0.0,0,M,Y,Y,2,225000.0,Working,Secondary / secondary special,Married,House / apartment,-19457,-2407,Laborers,4,2,1
5097067,0.0,0,M,Y,Y,1,270000.0,Commercial associate,Higher education,Married,House / apartment,-16282,-2042,Managers,3,3,2
5097068,0.0,C,M,Y,Y,1,270000.0,Commercial associate,Higher education,Married,House / apartment,-16282,-2042,Managers,3,0,2
5097077,0.0,C,M,Y,Y,1,157500.0,Commercial associate,Secondary / secondary special,Civil marriage,House / apartment,-12127,-307,Drivers,3,0,1
5097079,0.0,C,F,Y,N,0,337500.0,Commercial associate,Secondary / secondary special,Single / not married,House / apartment,-19228,-1129,Drivers,1,1,2
5097087,0.0,0,F,N,Y,0,135000.0,Working,Secondary / secondary special,Civil marriage,House / apartment,-12026,-2346,Laborers,2,4,0
5097089,0.0,X,F,N,N,1,124200.0,Working,Secondary / secondary special,Married,House / apartment,-14173,-1828,Laborers,3,4,1
5097095,0.0,0,F,N,Y,0,81000.0,Working,Secondary / secondary special,Married,House / apartment,-16477,-3017,High skill tech staff,2,4,0
5097120,0.0,C,M,N,Y,0,135000.0,Working,Secondary / secondary special,Civil marriage,House / apartment,-19225,-5970,Laborers,2,2,0
5097132,0.0,C,M,Y,Y,0,157500.0,Working,Secondary / secondary special,Married,House / apartment,-11382,-2468,Drivers,2,2,0
5097134,0.0,C,M,Y,Y,0,157500.0,Working,Secondary / secondary special,Married,House / apartment,-11382,-2468,Drivers,2,2,0
5097136,0.0,C,F,Y,N,0,121500.0,Working,Secondary / secondary special,Married,House / apartment,-12858,-1372,Laborers,2,2,0
5097151,0.0,C,F,N,Y,0,225000.0,Working,Secondary / secondary special,Single / not married,House / apartment,-19812,-764,Cleaning staff,1,4,0
5097163,0.0,C,F,N,N,1,292500.0,Working,Secondary / secondary special,Married,House / apartment,-12609,-3289,Medicine staff,3,2,1
5097166,0.0,0,F,N,Y,0,180000.0,Working,Secondary / secondary special,Civil marriage,With parents,-14709,-1313,Sales staff,2,4,0
5099706,0.0,0,F,N,Y,1,157500.0,Working,Higher education,Married,House / apartment,-11012,-948,Sales staff,3,1,1
5099709,0.0,C,F,N,Y,1,157500.0,Working,Higher education,Married,House / apartment,-11012,-948,Sales staff,3,0,1
5099710,0.0,C,F,N,Y,1,157500.0,Working,Higher education,Married,House / apartment,-11012,-948,Sales staff,3,0,1
5099711,0.0,X,M,Y,N,0,247500.0,Working,Secondary / secondary special,Married,House / apartment,-14095,-1526,Drivers,2,2,0
5099712,0.0,C,M,Y,N,0,247500.0,Working,Secondary / secondary special,Married,House / apartment,-14095,-1526,Drivers,2,2,0
5099715,0.0,0,M,Y,N,0,247500.0,Working,Secondary / secondary special,Married,House / apartment,-14095,-1526,Drivers,2,2,0
5099716,0.0,0,M,Y,N,0,247500.0,Working,Secondary / secondary special,Married,House / apartment,-14095,-1526,Drivers,2,2,0
5099717,0.0,1,M,Y,N,0,247500.0,Working,Secondary / secondary special,Married,House / apartment,-14095,-1526,Drivers,2,1,0
5099718,0.0,0,M,Y,N,0,247500.0,Working,Secondary / secondary special,Married,House / apartment,-14095,-1526,Drivers,2,2,0
5099723,0.0,0,M,Y,N,0,247500.0,Working,Secondary / secondary special,Married,House / apartment,-14095,-1526,Drivers,2,2,0
5099724,0.0,0,M,Y,N,0,247500.0,Working,Secondary / secondary special,Married,House / apartment,-14095,-1526,Drivers,2,2,0
5099725,0.0,0,M,Y,N,0,247500.0,Working,Secondary / secondary special,Married,House / apartment,-14095,-1526,Drivers,2,2,0
5099726,0.0,0,M,Y,N,0,247500.0,Working,Secondary / secondary special,Married,House / apartment,-14095,-1526,Drivers,2,2,0
5099730,0.0,0,M,N,Y,1,112500.0,Working,Secondary / secondary special,Married,House / apartment,-11483,-3413,High skill tech staff,3,4,1
5099734,0.0,0,F,N,Y,0,202500.0,Working,Secondary / secondary special,Separated,House / apartment,-18939,-12179,Laborers,1,4,0
5099738,0.0,C,F,N,Y,0,202500.0,Working,Secondary / secondary special,Separated,House / apartment,-18939,-12179,Laborers,1,2,0
5099740,0.0,0,F,N,Y,0,202500.0,Working,Secondary / secondary special,Separated,House / apartment,-18939,-12179,Laborers,1,4,0
5099741,0.0,C,F,N,Y,0,202500.0,Working,Secondary / secondary special,Separated,House / apartment,-18939,-12179,Laborers,1,2,0
5099742,0.0,X,F,N,Y,0,202500.0,Working,Secondary / secondary special,Separated,House / apartment,-18939,-12179,Laborers,1,4,0
5099743,0.0,X,F,N,Y,0,202500.0,Working,Secondary / secondary special,Separated,House / apartment,-18939,-12179,Laborers,1,4,0
5099744,0.0,0,F,Y,Y,1,193500.0,Commercial associate,Higher education,Married,House / apartment,-10716,-491,Sales staff,3,3,1
5099745,0.0,C,F,N,Y,1,135000.0,Working,Secondary / secondary special,Married,House / apartment,-10112,-3170,Laborers,3,2,1
5099746,0.0,C,F,N,Y,1,135000.0,Working,Secondary / secondary special,Married,House / apartment,-10112,-3170,Laborers,3,2,1
5099747,0.0,C,F,N,Y,1,135000.0,Working,Secondary / secondary special,Married,House / apartment,-10112,-3170,Laborers,3,2,1
5099750,0.0,C,F,N,Y,1,135000.0,Working,Secondary / secondary special,Married,House / apartment,-10112,-3170,Laborers,3,2,1
5099753,0.0,C,F,N,Y,1,135000.0,Working,Secondary / secondary special,Married,House / apartment,-10112,-3170,Laborers,3,2,1
5099755,0.0,C,F,N,Y,1,135000.0,Working,Secondary / secondary special,Married,House / apartment,-10112,-3170,Laborers,3,2,1
5099760,0.0,C,F,N,Y,1,135000.0,Working,Secondary / secondary special,Married,House / apartment,-10112,-3170,Laborers,3,2,1
5099762,0.0,C,F,N,Y,1,135000.0,Working,Secondary / secondary special,Married,House / apartment,-10112,-3170,Laborers,3,2,1
5099764,0.0,C,F,N,Y,1,135000.0,Working,Secondary / secondary special,Married,House / apartment,-10112,-3170,Laborers,3,2,1
5099765,0.0,C,F,N,Y,1,135000.0,Working,Secondary / secondary special,Married,House / apartment,-10112,-3170,Laborers,3,2,1
5099766,0.0,C,F,N,Y,1,135000.0,Working,Secondary / secondary special,Married,House / apartment,-10112,-3170,Laborers,3,2,1
5099767,0.0,C,F,N,Y,1,135000.0,Working,Secondary / secondary special,Married,House / apartment,-10112,-3170,Laborers,3,2,1
5099768,0.0,C,F,N,Y,1,135000.0,Working,Secondary / secondary special,Married,House / apartment,-10112,-3170,Laborers,3,2,1
5099769,0.0,0,F,N,Y,1,135000.0,Working,Secondary / secondary special,Married,House / apartment,-10112,-3170,Laborers,3,4,1
5099772,0.0,X,F,Y,Y,0,112500.0,Working,Secondary / secondary special,Married,House / apartment,-14784,-5817,Security staff,2,4,0
5099773,0.0,0,F,Y,Y,0,112500.0,Working,Secondary / secondary special,Married,House / apartment,-14784,-5817,Security staff,2,4,0
5099774,0.0,X,F,Y,Y,0,112500.0,Working,Secondary / secondary special,Married,House / apartment,-14784,-5817,Security staff,2,4,0
5099775,0.0,0,F,Y,Y,0,112500.0,Working,Secondary / secondary special,Married,House / apartment,-14784,-5817,Security staff,2,4,0
5099779,0.0,C,M,Y,N,0,252000.0,Working,Higher education,Married,House / apartment,-15227,-5300,Laborers,2,0,2
5099780,0.0,C,M,Y,N,0,252000.0,Working,Higher education,Married,House / apartment,-15227,-5300,Laborers,2,0,2
5099783,0.0,C,M,Y,N,0,252000.0,Working,Higher education,Married,House / apartment,-15227,-5300,Laborers,2,0,2
5099787,0.0,X,M,Y,N,0,252000.0,Working,Higher education,Married,House / apartment,-15227,-5300,Laborers,2,0,2
5099788,0.0,C,M,Y,N,0,252000.0,Working,Higher education,Married,House / apartment,-15227,-5300,Laborers,2,0,2
5099789,0.0,C,M,Y,N,0,252000.0,Working,Higher education,Married,House / apartment,-15227,-5300,Laborers,2,0,2
5099790,0.0,X,M,Y,N,0,252000.0,Working,Higher education,Married,House / apartment,-15227,-5300,Laborers,2,0,2
5099791,0.0,C,M,Y,N,0,252000.0,Working,Higher education,Married,House / apartment,-15227,-5300,Laborers,2,0,2
5099804,0.0,X,F,N,N,2,82350.0,Working,Incomplete higher,Married,With parents,-12154,-4083,Cleaning staff,4,1,1
5099805,0.0,0,F,N,N,2,82350.0,Working,Incomplete higher,Married,With parents,-12154,-4083,Cleaning staff,4,1,1
5099807,0.0,X,M,Y,Y,1,337500.0,Working,Higher education,Married,House / apartment,-11489,-3109,Managers,3,0,2
5099808,0.0,C,M,Y,Y,1,337500.0,Working,Higher education,Married,House / apartment,-11489,-3109,Managers,3,0,2
5099809,0.0,C,M,Y,Y,1,337500.0,Working,Higher education,Married,House / apartment,-11489,-3109,Managers,3,0,2
5099812,0.0,C,M,Y,Y,0,180000.0,Commercial associate,Secondary / secondary special,Single / not married,House / apartment,-11675,-795,Laborers,1,0,0
5099828,0.0,C,F,N,N,0,157500.0,Commercial associate,Secondary / secondary special,Married,House / apartment,-12035,-1587,Sales staff,2,1,0
5099829,0.0,C,F,N,N,0,157500.0,Commercial associate,Secondary / secondary special,Married,House / apartment,-12035,-1587,Sales staff,2,1,0
5099833,0.0,C,F,N,Y,0,54000.0,Working,Secondary / secondary special,Civil marriage,House / apartment,-12000,-491,Cooking staff,2,4,0
5099842,0.0,X,F,N,Y,2,112500.0,Working,Higher education,Married,House / apartment,-14768,-2133,Core staff,4,1,1
5099844,0.0,C,F,N,Y,2,112500.0,Working,Higher education,Married,House / apartment,-14768,-2133,Core staff,4,0,1
5099850,0.0,0,F,N,Y,2,112500.0,Working,Higher education,Married,House / apartment,-14768,-2133,Core staff,4,1,1
5099854,0.0,C,F,N,Y,2,112500.0,Working,Higher education,Married,House / apartment,-14768,-2133,Core staff,4,0,1
5099855,0.0,0,F,N,Y,2,112500.0,Working,Higher education,Married,House / apartment,-14768,-2133,Core staff,4,1,1
5099856,0.0,C,F,N,Y,0,81000.0,Commercial associate,Secondary / secondary special,Married,House / apartment,-17926,-399,Cooking staff,2,1,0
5099858,0.0,C,F,N,Y,0,81000.0,Commercial associate,Secondary / secondary special,Married,House / apartment,-17926,-399,Cooking staff,2,1,0
5099859,0.0,C,F,N,Y,0,81000.0,Commercial associate,Secondary / secondary special,Married,House / apartment,-17926,-399,Cooking staff,2,1,0
5099860,0.0,C,F,N,Y,0,81000.0,Commercial associate,Secondary / secondary special,Married,House / apartment,-17926,-399,Cooking staff,2,1,0
5099867,0.0,C,F,N,Y,0,157500.0,Working,Secondary / secondary special,Single / not married,House / apartment,-16278,-3140,Sales staff,1,4,0
5099868,0.0,C,F,N,Y,0,157500.0,Working,Secondary / secondary special,Single / not married,House / apartment,-16278,-3140,Sales staff,1,4,0
5099871,0.0,C,F,Y,Y,2,112500.0,Working,Secondary / secondary special,Married,House / apartment,-9994,-644,Sales staff,4,2,1
5099872,0.0,0,F,Y,Y,2,112500.0,Working,Secondary / secondary special,Married,House / apartment,-9994,-644,Sales staff,4,4,1
5099893,0.0,X,F,Y,Y,0,180000.0,Commercial associate,Incomplete higher,Married,House / apartment,-13687,-4144,Laborers,2,1,0
5099895,0.0,X,F,Y,Y,0,180000.0,Commercial associate,Incomplete higher,Married,House / apartment,-13687,-4144,Laborers,2,1,0
5099897,0.0,C,F,Y,Y,0,180000.0,Commercial associate,Incomplete higher,Married,House / apartment,-13687,-4144,Laborers,2,0,0
5099901,0.0,0,M,Y,Y,0,157500.0,Commercial associate,Secondary / secondary special,Married,House / apartment,-20341,-6853,Laborers,2,1,0
5099904,0.0,C,M,Y,Y,0,157500.0,Commercial associate,Secondary / secondary special,Married,House / apartment,-20341,-6853,Laborers,2,0,0
5099905,0.0,0,M,Y,N,0,441000.0,State servant,Secondary / secondary special,Married,Office apartment,-9614,-1526,Cooking staff,2,1,2
5099906,0.0,X,F,N,Y,2,112500.0,Working,Incomplete higher,Married,House / apartment,-10927,-1860,Core staff,4,1,1
5099907,0.0,C,F,N,Y,2,112500.0,Working,Incomplete higher,Married,House / apartment,-10927,-1860,Core staff,4,0,1
5099908,0.0,C,F,N,Y,2,126000.0,Working,Secondary / secondary special,Married,House / apartment,-10020,-1587,Sales staff,4,2,1
5099909,0.0,C,F,N,Y,2,126000.0,Working,Secondary / secondary special,Married,House / apartment,-10020,-1587,Sales staff,4,2,1
5099910,0.0,C,F,N,Y,2,126000.0,Working,Secondary / secondary special,Married,House / apartment,-10020,-1587,Sales staff,4,2,1
5099913,0.0,C,F,N,Y,2,126000.0,Working,Secondary / secondary special,Married,House / apartment,-10020,-1587,Sales staff,4,2,1
5099914,0.0,C,F,N,Y,2,126000.0,Working,Secondary / secondary special,Married,House / apartment,-10020,-1587,Sales staff,4,2,1
5099915,0.0,0,F,N,Y,2,126000.0,Working,Secondary / secondary special,Married,House / apartment,-10020,-1587,Sales staff,4,4,1
5099931,0.0,C,M,Y,Y,1,225000.0,Working,Secondary / secondary special,Married,Office apartment,-15090,-6761,Managers,3,2,1
5099932,0.0,C,M,Y,Y,1,225000.0,Working,Secondary / secondary special,Married,Office apartment,-15090,-6761,Managers,3,2,1
5099934,0.0,C,M,Y,Y,1,225000.0,Working,Secondary / secondary special,Married,Office apartment,-15090,-6761,Managers,3,2,1
5099937,0.0,C,F,N,Y,3,54000.0,State servant,Secondary / secondary special,Married,House / apartment,-13940,-2133,Core staff,5,1,1
5099939,0.0,X,F,N,Y,3,54000.0,State servant,Secondary / secondary special,Married,House / apartment,-13940,-2133,Core staff,5,1,1
5099940,0.0,C,F,N,Y,3,54000.0,State servant,Secondary / secondary special,Married,House / apartment,-13940,-2133,Core staff,5,1,1
5099942,0.0,X,F,N,Y,3,54000.0,State servant,Secondary / secondary special,Married,House / apartment,-13940,-2133,Core staff,5,1,1
5099945,0.0,X,F,Y,N,0,185400.0,Commercial associate,Secondary / secondary special,Married,House / apartment,-14747,-3229,Laborers,2,1,0
5099946,0.0,C,F,Y,N,0,185400.0,Commercial associate,Secondary / secondary special,Married,House / apartment,-14747,-3229,Laborers,2,0,0
5099948,0.0,C,F,Y,N,0,185400.0,Commercial associate,Secondary / secondary special,Married,House / apartment,-14747,-3229,Laborers,2,0,0
5099950,0.0,X,F,Y,N,0,185400.0,Commercial associate,Secondary / secondary special,Married,House / apartment,-14747,-3229,Laborers,2,1,0
5099957,0.0,C,F,Y,Y,1,225000.0,Commercial associate,Higher education,Married,House / apartment,-11239,-460,Accountants,3,3,1
5099958,0.0,X,F,Y,Y,1,225000.0,Commercial associate,Higher education,Married,House / apartment,-11239,-460,Accountants,3,3,1
5099968,0.0,C,M,N,Y,0,180000.0,Commercial associate,Secondary / secondary special,Married,House / apartment,-21854,-764,Laborers,2,2,0
5099970,0.0,C,M,N,Y,0,180000.0,Commercial associate,Secondary / secondary special,Married,House / apartment,-21854,-764,Laborers,2,2,0
5099971,0.0,C,M,N,Y,0,180000.0,Commercial associate,Secondary / secondary special,Married,House / apartment,-21854,-764,Laborers,2,2,0
5099973,0.0,C,F,N,N,0,180000.0,Working,Secondary / secondary special,Civil marriage,House / apartment,-10218,-1740,Security staff,2,4,0
5099975,0.0,C,F,N,N,0,180000.0,Working,Secondary / secondary special,Civil marriage,House / apartment,-10218,-1740,Security staff,2,4,0
5099976,0.0,C,F,N,N,0,180000.0,Working,Secondary / secondary special,Civil marriage,House / apartment,-10218,-1740,Security staff,2,4,0
5099977,0.0,0,F,N,N,0,180000.0,Working,Secondary / secondary special,Civil marriage,House / apartment,-10218,-1740,Security staff,2,4,0
5099978,0.0,0,M,N,Y,0,112500.0,Working,Secondary / secondary special,Married,House / apartment,-20216,-1038,Laborers,2,4,0
5099980,0.0,0,M,N,Y,0,90000.0,Working,Secondary / secondary special,Separated,House / apartment,-15059,-1069,Low-skill Laborers,1,4,0
5099981,0.0,X,M,N,Y,0,90000.0,Working,Secondary / secondary special,Separated,House / apartment,-15059,-1069,Low-skill Laborers,1,4,0
5099982,0.0,X,M,Y,N,0,225000.0,Working,Secondary / secondary special,Married,House / apartment,-13502,-2256,Drivers,2,2,0
5099983,0.0,X,M,Y,N,0,225000.0,Working,Secondary / secondary special,Married,House / apartment,-13502,-2256,Drivers,2,2,0
5099984,0.0,X,M,Y,N,0,225000.0,Working,Secondary / secondary special,Married,House / apartment,-13502,-2256,Drivers,2,2,0
5099985,0.0,X,M,Y,N,0,225000.0,Working,Secondary / secondary special,Married,House / apartment,-13502,-2256,Drivers,2,2,0
5099986,0.0,C,F,Y,Y,2,112500.0,State servant,Secondary / secondary special,Civil marriage,House / apartment,-13328,-5817,High skill tech staff,4,1,1
5099990,0.0,0,F,Y,Y,2,157500.0,Working,Higher education,Married,House / apartment,-12804,-1799,Core staff,4,1,1
5099991,0.0,C,F,Y,Y,2,157500.0,Working,Higher education,Married,House / apartment,-12804,-1799,Core staff,4,0,1
5099993,0.0,C,F,N,N,0,202500.0,Working,Higher education,Married,Municipal apartment,-17761,-8527,Core staff,2,0,0
5100000,0.0,0,F,N,N,1,180000.0,Commercial associate,Secondary / secondary special,Married,House / apartment,-15226,-3414,Sales staff,3,1,1
5100002,0.0,C,F,N,Y,2,118350.0,Working,Secondary / secondary special,Married,House / apartment,-10355,-3260,Cooking staff,4,2,1
5100003,0.0,C,F,N,Y,2,118350.0,Working,Secondary / secondary special,Married,House / apartment,-10355,-3260,Cooking staff,4,2,1
5117463,0.0,X,M,N,N,1,202500.0,Commercial associate,Higher education,Married,House / apartment,-13040,-1223,Core staff,3,3,1
5100009,0.0,0,F,N,N,0,90000.0,Working,Secondary / secondary special,Single / not married,Municipal apartment,-10490,-796,Laborers,1,4,0
5117514,0.0,0,F,N,N,0,90000.0,Working,Secondary / secondary special,Single / not married,Municipal apartment,-10490,-796,Laborers,1,4,0
5117516,0.0,C,F,N,N,0,90000.0,Working,Secondary / secondary special,Single / not married,Municipal apartment,-10490,-796,Laborers,1,4,0
5100010,0.0,C,M,Y,N,0,202500.0,Working,Secondary / secondary special,Married,House / apartment,-19318,-918,Laborers,2,2,0
5100011,0.0,C,M,Y,N,0,202500.0,Working,Secondary / secondary special,Married,House / apartment,-19318,-918,Laborers,2,2,0
5118238,0.0,0,M,Y,N,0,202500.0,Working,Secondary / secondary special,Married,House / apartment,-19318,-918,Laborers,2,2,0
5118239,0.0,C,M,Y,N,0,202500.0,Working,Secondary / secondary special,Married,House / apartment,-19318,-918,Laborers,2,2,0
5118249,0.0,C,M,Y,N,0,202500.0,Working,Secondary / secondary special,Married,House / apartment,-19318,-918,Laborers,2,2,0
5100012,0.0,C,M,N,N,0,450000.0,Commercial associate,Incomplete higher,Married,House / apartment,-14465,-4145,Managers,2,0,2
5118257,0.0,0,M,N,N,0,450000.0,Commercial associate,Incomplete higher,Married,House / apartment,-14465,-4145,Managers,2,1,2
5118260,0.0,C,M,N,N,0,450000.0,Commercial associate,Incomplete higher,Married,House / apartment,-14465,-4145,Managers,2,0,2
5118262,0.0,0,M,N,N,0,450000.0,Commercial associate,Incomplete higher,Married,House / apartment,-14465,-4145,Managers,2,1,2
5100013,0.0,C,F,N,Y,1,180000.0,Commercial associate,Higher education,Married,House / apartment,-17560,-8923,Accountants,3,3,1
5100015,0.0,0,F,N,Y,2,45000.0,Working,Secondary / secondary special,Married,House / apartment,-13624,-2836,Laborers,4,4,1
5100020,0.0,C,F,N,Y,0,157500.0,Commercial associate,Secondary / secondary special,Married,House / apartment,-15668,-6032,Laborers,2,1,0
5100021,0.0,0,F,Y,N,0,112500.0,Working,Secondary / secondary special,Married,House / apartment,-15537,-5787,Medicine staff,2,4,0
5100022,0.0,C,F,Y,N,1,157500.0,Working,Secondary / secondary special,Married,House / apartment,-14883,-1010,Sales staff,3,2,1
5100023,0.0,C,F,Y,N,1,157500.0,Working,Secondary / secondary special,Married,House / apartment,-14883,-1010,Sales staff,3,2,1
5117537,0.0,C,F,Y,N,1,157500.0,Working,Secondary / secondary special,Married,House / apartment,-14883,-1010,Sales staff,3,2,1
5117538,0.0,C,F,Y,N,1,157500.0,Working,Secondary / secondary special,Married,House / apartment,-14883,-1010,Sales staff,3,2,1
5117539,0.0,C,F,Y,N,1,157500.0,Working,Secondary / secondary special,Married,House / apartment,-14883,-1010,Sales staff,3,2,1
5117540,0.0,C,F,Y,N,1,157500.0,Working,Secondary / secondary special,Married,House / apartment,-14883,-1010,Sales staff,3,2,1
5117542,0.0,0,F,Y,N,1,157500.0,Working,Secondary / secondary special,Married,House / apartment,-14883,-1010,Sales staff,3,4,1
5117544,0.0,C,F,Y,N,1,157500.0,Working,Secondary / secondary special,Married,House / apartment,-14883,-1010,Sales staff,3,2,1
5100024,0.0,C,M,Y,N,1,148500.0,Commercial associate,Secondary / secondary special,Married,House / apartment,-12930,-2865,Drivers,3,0,1
5117550,0.0,C,M,Y,N,1,148500.0,Commercial associate,Secondary / secondary special,Married,House / apartment,-12930,-2865,Drivers,3,0,1
5117551,0.0,C,M,Y,N,1,148500.0,Commercial associate,Secondary / secondary special,Married,House / apartment,-12930,-2865,Drivers,3,0,1
5117552,0.0,0,M,Y,N,1,148500.0,Commercial associate,Secondary / secondary special,Married,House / apartment,-12930,-2865,Drivers,3,1,1
5117553,0.0,0,M,Y,N,1,148500.0,Commercial associate,Secondary / secondary special,Married,House / apartment,-12930,-2865,Drivers,3,1,1
5117557,0.0,C,M,Y,N,1,148500.0,Commercial associate,Secondary / secondary special,Married,House / apartment,-12930,-2865,Drivers,3,0,1
5100026,0.0,C,F,Y,N,0,112500.0,Working,Higher education,Married,House / apartment,-11796,-2134,Laborers,2,0,0
5117570,0.0,C,F,Y,N,0,112500.0,Working,Higher education,Married,House / apartment,-11796,-2134,Laborers,2,0,0
5117571,0.0,C,F,Y,N,0,112500.0,Working,Higher education,Married,House / apartment,-11796,-2134,Laborers,2,0,0
5117572,0.0,C,F,Y,N,0,112500.0,Working,Higher education,Married,House / apartment,-11796,-2134,Laborers,2,0,0
5117573,0.0,C,F,Y,N,0,112500.0,Working,Higher education,Married,House / apartment,-11796,-2134,Laborers,2,0,0
5117574,0.0,C,F,Y,N,0,112500.0,Working,Higher education,Married,House / apartment,-11796,-2134,Laborers,2,0,0
5117576,0.0,C,F,Y,N,0,180000.0,Working,Secondary / secondary special,Married,House / apartment,-19317,-11542,Medicine staff,2,2,0
5117578,0.0,C,F,Y,N,0,180000.0,Working,Secondary / secondary special,Married,House / apartment,-19317,-11542,Medicine staff,2,2,0
5117579,0.0,C,F,Y,N,0,180000.0,Working,Secondary / secondary special,Married,House / apartment,-19317,-11542,Medicine staff,2,2,0
5117582,0.0,0,F,N,N,0,135000.0,State servant,Higher education,Married,House / apartment,-18197,-4418,Accountants,2,3,0
5117583,0.0,0,F,N,N,0,135000.0,State servant,Higher education,Married,House / apartment,-18197,-4418,Accountants,2,3,0
5117584,0.0,0,F,N,N,0,135000.0,State servant,Higher education,Married,House / apartment,-18197,-4418,Accountants,2,3,0
5117585,0.0,0,F,N,N,0,135000.0,State servant,Higher education,Married,House / apartment,-18197,-4418,Accountants,2,3,0
5117586,0.0,0,F,N,N,0,135000.0,State servant,Higher education,Married,House / apartment,-18197,-4418,Accountants,2,3,0
5100030,0.0,C,F,N,N,2,135000.0,Working,Secondary / secondary special,Separated,House / apartment,-13434,-1254,Laborers,3,2,1
5117588,0.0,C,F,N,N,2,135000.0,Working,Secondary / secondary special,Separated,House / apartment,-13434,-1254,Laborers,3,2,1
5117589,0.0,0,F,N,N,2,135000.0,Working,Secondary / secondary special,Separated,House / apartment,-13434,-1254,Laborers,3,4,1
5100031,0.0,C,F,N,N,0,144000.0,Working,Secondary / secondary special,Single / not married,House / apartment,-16898,-7310,Core staff,1,4,0
5117591,0.0,C,F,N,N,0,144000.0,Working,Secondary / secondary special,Single / not married,House / apartment,-16898,-7310,Core staff,1,4,0
5117592,0.0,C,F,N,N,0,144000.0,Working,Secondary / secondary special,Single / not married,House / apartment,-16898,-7310,Core staff,1,4,0
5117593,0.0,C,F,N,N,0,144000.0,Working,Secondary / secondary special,Single / not married,House / apartment,-16898,-7310,Core staff,1,4,0
5117594,0.0,C,F,N,N,0,144000.0,Working,Secondary / secondary special,Single / not married,House / apartment,-16898,-7310,Core staff,1,4,0
5117596,0.0,C,F,N,N,0,144000.0,Working,Secondary / secondary special,Single / not married,House / apartment,-16898,-7310,Core staff,1,4,0
5117598,0.0,C,F,N,N,0,144000.0,Working,Secondary / secondary special,Single / not married,House / apartment,-16898,-7310,Core staff,1,4,0
5100032,0.0,0,M,Y,N,1,360000.0,State servant,Secondary / secondary special,Married,House / apartment,-11294,-3536,Drivers,3,4,2
5118267,0.0,C,M,Y,N,1,360000.0,State servant,Secondary / secondary special,Married,House / apartment,-11294,-3536,Drivers,3,2,2
5118268,0.0,0,M,Y,N,1,360000.0,State servant,Secondary / secondary special,Married,House / apartment,-11294,-3536,Drivers,3,4,2
5118269,0.0,0,M,Y,N,1,360000.0,State servant,Secondary / secondary special,Married,House / apartment,-11294,-3536,Drivers,3,4,2
5100033,0.0,C,M,Y,N,1,337500.0,Commercial associate,Secondary / secondary special,Married,House / apartment,-14474,-1010,Managers,3,0,2
5100034,0.0,C,M,Y,N,1,337500.0,Commercial associate,Secondary / secondary special,Married,House / apartment,-14474,-1010,Managers,3,0,2
5100037,0.0,0,M,Y,N,0,207000.0,Working,Secondary / secondary special,Married,Municipal apartment,-20535,-888,Laborers,2,2,0
5100038,0.0,C,M,Y,Y,2,301500.0,State servant,Secondary / secondary special,Married,Office apartment,-17080,-2715,High skill tech staff,4,0,1
5100042,0.0,C,F,N,N,2,103500.0,Working,Incomplete higher,Married,House / apartment,-11078,-3960,Sales staff,4,0,1
5100045,0.0,0,F,Y,Y,0,270000.0,Commercial associate,Higher education,Married,House / apartment,-15545,-644,Managers,2,3,2
5100046,0.0,X,F,N,Y,1,108000.0,Working,Secondary / secondary special,Married,House / apartment,-11950,-3109,Cleaning staff,3,4,1
5100050,0.0,X,F,N,N,3,135000.0,Working,Incomplete higher,Married,Office apartment,-12544,-1131,Core staff,5,1,1
5100055,0.0,C,M,Y,N,0,193500.0,Working,Secondary / secondary special,Married,House / apartment,-17064,-1921,Laborers,2,2,0
5100056,0.0,0,M,Y,N,0,193500.0,Working,Secondary / secondary special,Married,House / apartment,-17064,-1921,Laborers,2,2,0
5100065,0.0,0,F,N,N,0,180000.0,Working,Secondary / secondary special,Civil marriage,House / apartment,-10456,-1953,Medicine staff,2,4,0
5118367,0.0,C,F,N,N,0,180000.0,Working,Secondary / secondary special,Civil marriage,House / apartment,-10456,-1953,Medicine staff,2,4,0
5118368,0.0,C,F,N,N,0,180000.0,Working,Secondary / secondary special,Civil marriage,House / apartment,-10456,-1953,Medicine staff,2,4,0
5118369,0.0,C,F,N,N,0,180000.0,Working,Secondary / secondary special,Civil marriage,House / apartment,-10456,-1953,Medicine staff,2,4,0
5118371,0.0,C,F,N,N,0,180000.0,Working,Secondary / secondary special,Civil marriage,House / apartment,-10456,-1953,Medicine staff,2,4,0
5100067,0.0,C,M,Y,N,0,270000.0,Commercial associate,Secondary / secondary special,Married,House / apartment,-20776,-2745,Managers,2,0,2
5100068,0.0,C,M,Y,N,0,270000.0,Commercial associate,Secondary / secondary special,Married,House / apartment,-20776,-2745,Managers,2,0,2
5118380,0.0,C,M,Y,N,0,270000.0,Commercial associate,Secondary / secondary special,Married,House / apartment,-20776,-2745,Managers,2,0,2
5118382,0.0,C,M,Y,N,0,270000.0,Commercial associate,Secondary / secondary special,Married,House / apartment,-20776,-2745,Managers,2,0,2
5118383,0.0,C,M,Y,N,0,270000.0,Commercial associate,Secondary / secondary special,Married,House / apartment,-20776,-2745,Managers,2,0,2
5118384,0.0,0,M,Y,N,0,270000.0,Commercial associate,Secondary / secondary special,Married,House / apartment,-20776,-2745,Managers,2,1,2
5118385,0.0,C,M,Y,N,0,270000.0,Commercial associate,Secondary / secondary special,Married,House / apartment,-20776,-2745,Managers,2,0,2
5118386,0.0,X,M,Y,N,0,270000.0,Commercial associate,Secondary / secondary special,Married,House / apartment,-20776,-2745,Managers,2,1,2
5118389,0.0,C,M,Y,N,0,270000.0,Commercial associate,Secondary / secondary special,Married,House / apartment,-20776,-2745,Managers,2,0,2
5118390,0.0,C,M,Y,N,0,270000.0,Commercial associate,Secondary / secondary special,Married,House / apartment,-20776,-2745,Managers,2,0,2
5100070,0.0,0,F,N,Y,0,180000.0,Working,Higher education,Married,House / apartment,-13714,-3931,Private service staff,2,1,0
5100073,0.0,C,F,N,Y,0,292500.0,Working,Secondary / secondary special,Single / not married,Office apartment,-19679,-2074,Cleaning staff,1,4,0
5100083,0.0,C,M,N,Y,1,112500.0,Working,Secondary / secondary special,Married,House / apartment,-10815,-2806,Managers,3,2,1
5100084,0.0,C,M,N,N,0,252000.0,Commercial associate,Secondary / secondary special,Single / not married,With parents,-14283,-6823,Drivers,1,1,0
5100086,0.0,0,M,Y,N,0,90000.0,Commercial associate,Secondary / secondary special,Single / not married,House / apartment,-10853,-249,Laborers,1,1,0
5118420,0.0,C,M,Y,N,0,90000.0,Commercial associate,Secondary / secondary special,Single / not married,House / apartment,-10853,-249,Laborers,1,0,0
5100087,0.0,0,M,N,N,0,292500.0,Working,Secondary / secondary special,Married,House / apartment,-15670,-1010,High skill tech staff,2,4,2
5118428,0.0,0,M,N,N,0,292500.0,Working,Secondary / secondary special,Married,House / apartment,-15670,-1010,High skill tech staff,2,4,2
5118430,0.0,X,M,N,N,0,292500.0,Working,Secondary / secondary special,Married,House / apartment,-15670,-1010,High skill tech staff,2,4,2
5100089,0.0,0,F,N,Y,0,112500.0,Commercial associate,Secondary / secondary special,Married,House / apartment,-19145,-4356,Laborers,2,1,0
5100091,0.0,0,M,N,Y,0,225000.0,Working,Higher education,Married,House / apartment,-13804,-1921,Laborers,2,1,0
5100101,0.0,X,F,N,Y,0,76500.0,Working,Secondary / secondary special,Married,House / apartment,-10943,-431,Laborers,2,4,0
5100104,0.0,1,M,N,N,1,135000.0,Working,Secondary / secondary special,Married,House / apartment,-11101,-96,Security staff,3,1,0
5117640,0.0,0,M,N,N,1,135000.0,Working,Secondary / secondary special,Married,House / apartment,-11101,-96,Security staff,3,4,1
5117641,0.0,X,M,N,N,1,135000.0,Working,Secondary / secondary special,Married,House / apartment,-11101,-96,Security staff,3,4,1
5117643,0.0,0,M,N,N,1,135000.0,Working,Secondary / secondary special,Married,House / apartment,-11101,-96,Security staff,3,4,1
5117645,0.0,X,M,N,N,1,135000.0,Working,Secondary / secondary special,Married,House / apartment,-11101,-96,Security staff,3,4,1
5117647,0.0,C,M,N,N,1,135000.0,Working,Secondary / secondary special,Married,House / apartment,-11101,-96,Security staff,3,2,1
5117650,0.0,0,M,N,N,1,135000.0,Working,Secondary / secondary special,Married,House / apartment,-11101,-96,Security staff,3,4,1
5117651,0.0,0,M,N,N,1,135000.0,Working,Secondary / secondary special,Married,House / apartment,-11101,-96,Security staff,3,4,1
5117655,0.0,0,F,N,N,2,180000.0,State servant,Secondary / secondary special,Married,House / apartment,-13634,-1741,Laborers,4,4,1
5100106,0.0,0,M,Y,N,0,81000.0,Working,Secondary / secondary special,Married,House / apartment,-17660,-3261,Laborers,2,2,0
5117672,0.0,C,M,Y,N,0,81000.0,Working,Secondary / secondary special,Married,House / apartment,-17660,-3261,Laborers,2,2,0
5117673,0.0,C,M,Y,N,0,81000.0,Working,Secondary / secondary special,Married,House / apartment,-17660,-3261,Laborers,2,2,0
5100115,0.0,0,M,Y,Y,0,180000.0,Working,Higher education,Married,House / apartment,-17704,-3961,Managers,2,0,0
5118621,0.0,1,F,N,N,1,180000.0,Commercial associate,Incomplete higher,Married,House / apartment,-14687,-7401,High skill tech staff,3,1,0
5118625,0.0,X,F,N,N,1,180000.0,Commercial associate,Incomplete higher,Married,House / apartment,-14687,-7401,High skill tech staff,3,1,1
5118626,0.0,1,F,N,N,1,180000.0,Commercial associate,Incomplete higher,Married,House / apartment,-14687,-7401,High skill tech staff,3,1,0
5100128,0.0,C,F,N,Y,2,112500.0,Working,Secondary / secondary special,Married,House / apartment,-12022,-2317,Laborers,4,2,1
5100129,0.0,C,F,N,Y,2,112500.0,Working,Secondary / secondary special,Married,House / apartment,-12022,-2317,Laborers,4,2,1
5100132,0.0,C,M,Y,Y,2,270000.0,Commercial associate,Higher education,Married,House / apartment,-13955,-1891,Drivers,4,0,1
5100135,0.0,0,F,N,Y,0,126000.0,Commercial associate,Secondary / secondary special,Widow,House / apartment,-20161,-1100,Cooking staff,1,1,0
5100141,0.0,C,F,N,Y,0,180000.0,State servant,Higher education,Single / not married,House / apartment,-17827,-3810,Managers,1,3,0
5100142,0.0,C,F,N,Y,0,121500.0,Working,Higher education,Married,House / apartment,-15930,-3748,Laborers,2,0,0
5100144,0.0,C,F,N,Y,0,180000.0,Commercial associate,Secondary / secondary special,Married,House / apartment,-17563,-2715,Laborers,2,1,0
5100147,0.0,C,F,N,N,2,157500.0,Working,Secondary / secondary special,Civil marriage,Rented apartment,-15635,-1860,Sales staff,4,4,1
5100148,0.0,C,F,N,N,2,157500.0,Working,Secondary / secondary special,Civil marriage,Rented apartment,-15635,-1860,Sales staff,4,4,1
5100150,0.0,C,M,Y,N,0,306000.0,Working,Secondary / secondary special,Married,House / apartment,-16011,-1649,Managers,2,2,2
5117745,0.0,C,M,Y,N,0,306000.0,Working,Secondary / secondary special,Married,House / apartment,-16011,-1649,Managers,2,2,2
5117747,0.0,C,M,Y,N,0,306000.0,Working,Secondary / secondary special,Married,House / apartment,-16011,-1649,Managers,2,2,2
5117753,0.0,C,M,Y,N,0,306000.0,Working,Secondary / secondary special,Married,House / apartment,-16011,-1649,Managers,2,2,2
5117754,0.0,C,M,Y,N,0,306000.0,Working,Secondary / secondary special,Married,House / apartment,-16011,-1649,Managers,2,2,2
5117755,0.0,C,M,Y,N,0,306000.0,Working,Secondary / secondary special,Married,House / apartment,-16011,-1649,Managers,2,2,2
5117756,0.0,C,M,Y,N,0,306000.0,Working,Secondary / secondary special,Married,House / apartment,-16011,-1649,Managers,2,2,2
5117759,0.0,C,F,N,N,0,74250.0,State servant,Secondary / secondary special,Married,House / apartment,-19931,-3141,Core staff,2,1,0
5117760,0.0,C,F,N,N,0,74250.0,State servant,Secondary / secondary special,Married,House / apartment,-19931,-3141,Core staff,2,1,0
5117761,0.0,0,F,N,N,0,74250.0,State servant,Secondary / secondary special,Married,House / apartment,-19931,-3141,Core staff,2,1,0
5117762,0.0,0,F,N,N,0,74250.0,State servant,Secondary / secondary special,Married,House / apartment,-19931,-3141,Core staff,2,1,0
5100152,0.0,0,F,Y,N,0,144000.0,Working,Secondary / secondary special,Widow,House / apartment,-14407,-1345,HR staff,1,4,0
5100153,0.0,0,F,Y,N,0,144000.0,Working,Secondary / secondary special,Widow,House / apartment,-14407,-1345,HR staff,1,4,0
5117767,0.0,C,F,Y,N,0,144000.0,Working,Secondary / secondary special,Widow,House / apartment,-14407,-1345,HR staff,1,2,0
5117769,0.0,C,F,Y,N,0,144000.0,Working,Secondary / secondary special,Widow,House / apartment,-14407,-1345,HR staff,1,2,0
5117770,0.0,0,F,Y,N,0,144000.0,Working,Secondary / secondary special,Widow,House / apartment,-14407,-1345,HR staff,1,4,0
5117773,0.0,C,F,Y,N,0,144000.0,Working,Secondary / secondary special,Widow,House / apartment,-14407,-1345,HR staff,1,2,0
5117776,0.0,0,F,Y,N,0,144000.0,Working,Secondary / secondary special,Widow,House / apartment,-14407,-1345,HR staff,1,4,0
5117777,0.0,0,F,Y,N,0,144000.0,Working,Secondary / secondary special,Widow,House / apartment,-14407,-1345,HR staff,1,4,0
5117778,0.0,C,F,Y,N,0,144000.0,Working,Secondary / secondary special,Widow,House / apartment,-14407,-1345,HR staff,1,2,0
5117781,0.0,X,F,Y,N,0,144000.0,Working,Secondary / secondary special,Widow,House / apartment,-14407,-1345,HR staff,1,4,0
5117782,0.0,0,F,Y,N,0,144000.0,Working,Secondary / secondary special,Widow,House / apartment,-14407,-1345,HR staff,1,4,0
5118629,0.0,C,F,Y,N,3,675000.0,Working,Secondary / secondary special,Married,House / apartment,-13808,-1831,Managers,5,2,2
5100156,0.0,C,M,Y,Y,0,234000.0,Commercial associate,Higher education,Civil marriage,House / apartment,-23324,-5239,High skill tech staff,2,3,2
5100163,0.0,0,F,N,Y,0,144000.0,Working,Secondary / secondary special,Married,House / apartment,-15584,-2683,Sales staff,2,4,0
5100164,0.0,0,M,N,N,1,270000.0,Working,Secondary / secondary special,Married,House / apartment,-11868,-400,Drivers,3,4,1
5100165,0.0,X,M,Y,Y,0,270000.0,Working,Secondary / secondary special,Married,House / apartment,-14614,-2440,Laborers,2,2,0
5100166,0.0,X,M,Y,Y,0,193500.0,Commercial associate,Secondary / secondary special,Married,House / apartment,-20225,-96,Laborers,2,2,0
5100167,0.0,0,F,N,Y,0,76500.0,Working,Secondary / secondary special,Married,House / apartment,-15410,-188,Waiters/barmen staff,2,4,0
5100172,0.0,0,F,N,Y,1,157500.0,Commercial associate,Secondary / secondary special,Married,House / apartment,-13022,-3931,Laborers,3,1,1
5117313,0.0,5,F,N,Y,1,157500.0,Commercial associate,Secondary / secondary special,Married,House / apartment,-13022,-3931,Laborers,3,1,0
5100177,0.0,X,F,Y,N,2,315000.0,Working,Higher education,Married,House / apartment,-13793,-2653,Managers,4,0,1
5118502,0.0,C,F,Y,N,2,315000.0,Working,Higher education,Married,House / apartment,-13793,-2653,Managers,4,0,1
5118504,0.0,C,F,Y,N,2,315000.0,Working,Higher education,Married,House / apartment,-13793,-2653,Managers,4,0,1
5118508,0.0,X,F,Y,N,2,315000.0,Working,Higher education,Married,House / apartment,-13793,-2653,Managers,4,0,1
5118509,0.0,X,F,Y,N,2,315000.0,Working,Higher education,Married,House / apartment,-13793,-2653,Managers,4,0,1
5118510,0.0,C,F,Y,N,2,315000.0,Working,Higher education,Married,House / apartment,-13793,-2653,Managers,4,0,1
5118511,0.0,C,F,Y,N,2,315000.0,Working,Higher education,Married,House / apartment,-13793,-2653,Managers,4,0,1
5118512,0.0,C,F,Y,N,2,315000.0,Working,Higher education,Married,House / apartment,-13793,-2653,Managers,4,0,1
5100182,0.0,C,M,Y,Y,1,135000.0,Working,Secondary / secondary special,Married,House / apartment,-15462,-248,Drivers,3,2,1
5100184,0.0,0,M,Y,Y,0,135000.0,Commercial associate,Secondary / secondary special,Single / not married,House / apartment,-10612,-978,Laborers,1,1,0
5100185,0.0,C,F,N,Y,0,450000.0,Working,Higher education,Civil marriage,House / apartment,-16135,-5208,Managers,2,0,2
5100186,0.0,0,F,Y,Y,1,540000.0,Working,Higher education,Separated,House / apartment,-17547,-4387,Core staff,2,1,2
5100189,0.0,0,M,N,Y,0,112500.0,State servant,Secondary / secondary special,Married,House / apartment,-18360,-7888,Drivers,2,4,0
5100200,0.0,C,M,Y,N,0,157500.0,Working,Secondary / secondary special,Married,House / apartment,-19843,-1922,Managers,2,2,0
5117837,0.0,C,M,Y,N,0,157500.0,Working,Secondary / secondary special,Married,House / apartment,-19843,-1922,Managers,2,2,0
5100202,0.0,C,M,Y,N,1,292500.0,State servant,Secondary / secondary special,Civil marriage,House / apartment,-10502,-3779,Managers,3,0,2
5117848,0.0,X,M,Y,N,1,292500.0,State servant,Secondary / secondary special,Civil marriage,House / apartment,-10502,-3779,Managers,3,1,2
5117849,0.0,X,M,Y,N,1,292500.0,State servant,Secondary / secondary special,Civil marriage,House / apartment,-10502,-3779,Managers,3,1,2
5117850,0.0,0,M,Y,N,1,292500.0,State servant,Secondary / secondary special,Civil marriage,House / apartment,-10502,-3779,Managers,3,1,2
5100204,0.0,0,F,N,N,0,157500.0,Commercial associate,Secondary / secondary special,Married,House / apartment,-17366,-3080,Core staff,2,1,0
5100205,0.0,0,F,N,N,0,157500.0,Commercial associate,Secondary / secondary special,Married,House / apartment,-17366,-3080,Core staff,2,1,0
5117865,0.0,C,F,N,N,0,157500.0,Commercial associate,Secondary / secondary special,Married,House / apartment,-17366,-3080,Core staff,2,1,0
5117866,0.0,C,F,N,N,0,157500.0,Commercial associate,Secondary / secondary special,Married,House / apartment,-17366,-3080,Core staff,2,1,0
5117868,0.0,C,F,N,N,0,157500.0,Commercial associate,Secondary / secondary special,Married,House / apartment,-17366,-3080,Core staff,2,1,0
5117869,0.0,0,F,N,N,0,157500.0,Commercial associate,Secondary / secondary special,Married,House / apartment,-17366,-3080,Core staff,2,1,0
5100211,0.0,C,M,N,Y,2,135000.0,Working,Secondary / secondary special,Married,House / apartment,-13832,-430,Laborers,4,2,1
5100213,0.0,0,M,N,Y,2,135000.0,Working,Secondary / secondary special,Married,House / apartment,-13832,-430,Laborers,4,4,1
5100215,0.0,C,M,Y,Y,0,121500.0,Commercial associate,Higher education,Married,House / apartment,-14543,-2105,Drivers,2,0,0
5100217,0.0,0,F,N,N,0,85500.0,Working,Secondary / secondary special,Single / not married,House / apartment,-16394,-672,Laborers,1,4,0
5100219,0.0,C,M,N,Y,0,450000.0,Working,Secondary / secondary special,Civil marriage,House / apartment,-16669,-460,Managers,2,2,2
5100220,0.0,0,M,Y,Y,2,315000.0,Commercial associate,Secondary / secondary special,Married,House / apartment,-15182,-6123,Drivers,4,1,1
5100221,0.0,C,M,Y,Y,0,180000.0,Working,Secondary / secondary special,Married,House / apartment,-16199,-3748,Core staff,2,2,0
5100225,0.0,X,F,N,Y,0,247500.0,Commercial associate,Secondary / secondary special,Married,House / apartment,-19210,-3322,Managers,2,1,0
5100228,0.0,0,F,N,Y,2,202500.0,Commercial associate,Higher education,Married,House / apartment,-14925,-1069,Managers,4,3,1
5100229,0.0,C,F,N,Y,0,135000.0,Commercial associate,Secondary / secondary special,Civil marriage,House / apartment,-17439,-6853,Laborers,2,1,0
5100230,0.0,C,F,N,Y,0,135000.0,Commercial associate,Secondary / secondary special,Civil marriage,House / apartment,-17439,-6853,Laborers,2,1,0
5117072,0.0,C,F,N,Y,0,135000.0,Commercial associate,Secondary / secondary special,Civil marriage,House / apartment,-17439,-6853,Laborers,2,1,0
5117073,0.0,C,F,N,Y,0,135000.0,Commercial associate,Secondary / secondary special,Civil marriage,House / apartment,-17439,-6853,Laborers,2,1,0
5100235,0.0,C,F,N,N,0,270000.0,Working,Secondary / secondary special,Widow,House / apartment,-18325,-1799,Laborers,1,2,0
5100240,0.0,C,F,N,Y,1,90000.0,Working,Higher education,Married,With parents,-12722,-5331,Cleaning staff,3,0,1
5100242,0.0,C,F,Y,Y,1,180000.0,Commercial associate,Higher education,Married,House / apartment,-9862,-2988,Core staff,3,3,1
5100243,0.0,0,F,Y,Y,1,180000.0,Commercial associate,Higher education,Married,House / apartment,-9862,-2988,Core staff,3,3,1
5100246,0.0,0,F,N,N,2,90000.0,State servant,Higher education,Married,Office apartment,-12532,-127,Managers,4,3,1
5117927,0.0,0,F,N,N,2,90000.0,State servant,Higher education,Married,Office apartment,-12532,-127,Managers,4,3,1
5117928,0.0,0,F,N,N,2,90000.0,State servant,Higher education,Married,Office apartment,-12532,-127,Managers,4,3,1
5100256,0.0,X,M,N,Y,1,225000.0,Working,Secondary / secondary special,Married,House / apartment,-16173,-1710,Laborers,3,2,1
5100263,0.0,X,M,N,N,0,225000.0,Commercial associate,Secondary / secondary special,Married,House / apartment,-15412,-1131,Laborers,2,1,0
5117990,0.0,0,M,N,N,0,225000.0,Commercial associate,Secondary / secondary special,Married,House / apartment,-15412,-1131,Laborers,2,4,0
5100266,0.0,0,F,Y,N,0,270000.0,Working,Secondary / secondary special,Married,House / apartment,-18279,-1741,Sales staff,2,4,0
5118544,0.0,C,F,Y,N,0,270000.0,Working,Secondary / secondary special,Married,House / apartment,-18279,-1741,Sales staff,2,2,0
5118545,0.0,0,F,Y,N,0,270000.0,Working,Secondary / secondary special,Married,House / apartment,-18279,-1741,Sales staff,2,4,0
5118547,0.0,C,F,Y,N,0,270000.0,Working,Secondary / secondary special,Married,House / apartment,-18279,-1741,Sales staff,2,2,0
5118548,0.0,0,F,Y,N,0,270000.0,Working,Secondary / secondary special,Married,House / apartment,-18279,-1741,Sales staff,2,4,0
5100271,0.0,C,F,N,N,1,112500.0,Working,Secondary / secondary special,Widow,House / apartment,-15112,-2652,Medicine staff,2,4,0
5100272,0.0,C,M,N,N,0,135000.0,Commercial associate,Secondary / secondary special,Civil marriage,House / apartment,-19597,-765,Drivers,2,1,0
5100273,0.0,C,M,N,N,0,135000.0,Commercial associate,Secondary / secondary special,Civil marriage,House / apartment,-19597,-765,Drivers,2,1,0
5100274,0.0,C,M,Y,N,1,225000.0,Working,Secondary / secondary special,Married,House / apartment,-14342,-127,Drivers,3,2,1
5118026,0.0,0,F,N,N,0,315000.0,Commercial associate,Secondary / secondary special,Married,House / apartment,-13630,-3230,High skill tech staff,2,1,2
5118027,0.0,0,F,N,N,0,315000.0,Commercial associate,Secondary / secondary special,Married,House / apartment,-13630,-3230,High skill tech staff,2,1,2
5118029,0.0,0,F,N,N,0,315000.0,Commercial associate,Secondary / secondary special,Married,House / apartment,-13630,-3230,High skill tech staff,2,1,2
5118030,0.0,0,F,N,N,0,315000.0,Commercial associate,Secondary / secondary special,Married,House / apartment,-13630,-3230,High skill tech staff,2,1,2
5100283,0.0,C,F,Y,Y,1,135000.0,Commercial associate,Secondary / secondary special,Married,With parents,-14362,-3414,Sales staff,3,0,1
5100287,0.0,0,F,N,Y,2,270000.0,Working,Secondary / secondary special,Married,House / apartment,-11137,-1496,Medicine staff,4,4,1
5100293,0.0,X,M,N,Y,0,270000.0,Commercial associate,Secondary / secondary special,Married,House / apartment,-18854,-8953,Laborers,2,1,2
5100301,0.0,C,M,Y,Y,0,315000.0,Working,Secondary / secondary special,Single / not married,House / apartment,-12666,-1648,Laborers,1,2,2
5100302,0.0,0,M,N,Y,1,135000.0,Working,Secondary / secondary special,Single / not married,House / apartment,-13984,-978,Low-skill Laborers,2,4,0
5100304,0.0,C,F,Y,Y,0,90000.0,Commercial associate,Secondary / secondary special,Married,House / apartment,-16954,-3201,Sales staff,2,0,0
5100307,0.0,C,M,Y,Y,2,405000.0,Commercial associate,Secondary / secondary special,Married,House / apartment,-10825,-3474,Managers,4,0,2
5100313,0.0,C,F,Y,Y,0,139500.0,Commercial associate,Incomplete higher,Married,House / apartment,-15463,-2165,High skill tech staff,2,0,0
5100314,0.0,X,F,Y,Y,0,139500.0,Commercial associate,Incomplete higher,Married,House / apartment,-15463,-2165,High skill tech staff,2,3,0
5100315,0.0,C,F,Y,Y,0,139500.0,Commercial associate,Incomplete higher,Married,House / apartment,-15463,-2165,High skill tech staff,2,0,0
5100317,0.0,X,F,Y,Y,0,139500.0,Commercial associate,Incomplete higher,Married,House / apartment,-15463,-2165,High skill tech staff,2,3,0
5100319,0.0,X,F,N,Y,0,270000.0,Working,Higher education,Married,House / apartment,-12894,-369,Accountants,2,1,0
5100320,0.0,X,F,N,Y,0,270000.0,Working,Higher education,Married,House / apartment,-12894,-369,Accountants,2,1,0
5100321,0.0,X,F,Y,Y,1,112500.0,Working,Higher education,Married,House / apartment,-10038,-2926,Laborers,3,0,1
5100323,0.0,C,F,N,Y,1,135000.0,Commercial associate,Secondary / secondary special,Married,House / apartment,-16832,-1709,Waiters/barmen staff,3,1,1
5100324,0.0,X,M,N,Y,1,112500.0,Working,Secondary / secondary special,Married,House / apartment,-13180,-1495,Laborers,3,2,1
5100326,0.0,C,M,Y,Y,2,225000.0,Working,Secondary / secondary special,Married,House / apartment,-13600,-338,Laborers,4,2,1
5100333,0.0,C,F,Y,Y,0,180000.0,Commercial associate,Secondary / secondary special,Married,House / apartment,-10562,-3109,Accountants,2,0,0
5100338,0.0,0,F,Y,Y,0,90000.0,Commercial associate,Higher education,Single / not married,House / apartment,-17704,-307,Sales staff,1,3,0
5100342,0.0,C,F,Y,N,1,135000.0,Commercial associate,Secondary / secondary special,Married,House / apartment,-10108,-431,Managers,3,0,1
5100343,0.0,0,F,Y,N,1,135000.0,Commercial associate,Secondary / secondary special,Married,House / apartment,-10108,-431,Managers,3,1,1
5100345,0.0,X,F,Y,Y,0,103500.0,Working,Secondary / secondary special,Married,House / apartment,-10761,-126,Laborers,2,2,0
5100346,0.0,X,F,Y,Y,0,103500.0,Working,Secondary / secondary special,Married,House / apartment,-10761,-126,Laborers,2,2,0
5100347,0.0,0,F,Y,Y,0,103500.0,Working,Secondary / secondary special,Married,House / apartment,-10761,-126,Laborers,2,4,0
5117385,0.0,C,F,N,N,0,135000.0,Commercial associate,Incomplete higher,Single / not married,House / apartment,-17615,-339,Accountants,1,3,0
5117388,0.0,0,F,N,N,0,135000.0,Commercial associate,Incomplete higher,Single / not married,House / apartment,-17615,-339,Accountants,1,1,0
5117391,0.0,C,F,N,N,0,135000.0,Commercial associate,Incomplete higher,Single / not married,House / apartment,-17615,-339,Accountants,1,3,0
5117393,0.0,C,F,N,N,0,135000.0,Commercial associate,Incomplete higher,Single / not married,House / apartment,-17615,-339,Accountants,1,3,0
5117394,0.0,C,F,N,N,0,135000.0,Commercial associate,Incomplete higher,Single / not married,House / apartment,-17615,-339,Accountants,1,3,0
5118175,0.0,C,F,N,N,0,78750.0,Working,Secondary / secondary special,Married,With parents,-12104,-2045,Security staff,2,2,0
5118177,0.0,0,F,N,N,0,78750.0,Working,Secondary / secondary special,Married,With parents,-12104,-2045,Security staff,2,4,0
5118178,0.0,0,F,N,N,0,78750.0,Working,Secondary / secondary special,Married,With parents,-12104,-2045,Security staff,2,4,0
5118189,0.0,X,M,N,N,0,180000.0,Working,Secondary / secondary special,Married,House / apartment,-19291,-4967,Laborers,2,2,0
5118191,0.0,X,M,N,N,0,180000.0,Working,Secondary / secondary special,Married,House / apartment,-19291,-4967,Laborers,2,2,0
5100359,0.0,0,M,Y,N,0,180000.0,Commercial associate,Incomplete higher,Married,House / apartment,-11702,-3595,Laborers,2,1,0
5118220,0.0,X,M,Y,N,0,270000.0,Working,Secondary / secondary special,Civil marriage,House / apartment,-15292,-645,Drivers,2,2,0
5100362,0.0,C,F,N,Y,0,112500.0,Commercial associate,Higher education,Separated,House / apartment,-14386,-157,Laborers,1,3,0
5100363,0.0,X,F,N,Y,2,175500.0,Working,Secondary / secondary special,Civil marriage,Municipal apartment,-16063,-7278,High skill tech staff,4,4,1
5100364,0.0,C,F,N,Y,0,225000.0,Working,Secondary / secondary special,Married,House / apartment,-18624,-2348,Laborers,2,2,0
5100366,0.0,C,M,Y,Y,1,315000.0,Working,Secondary / secondary special,Civil marriage,House / apartment,-12520,-978,Drivers,3,2,2
5100367,0.0,0,F,N,Y,1,72000.0,Working,Secondary / secondary special,Civil marriage,Municipal apartment,-19812,-2256,Cleaning staff,3,4,1
5100368,0.0,C,F,N,N,1,72000.0,Working,Secondary / secondary special,Married,House / apartment,-10731,-2591,Medicine staff,3,2,1
5100369,0.0,0,M,Y,N,1,112500.0,Working,Higher education,Married,House / apartment,-15035,-1587,Laborers,3,0,1
5100373,0.0,X,F,N,Y,2,180000.0,Commercial associate,Secondary / secondary special,Married,House / apartment,-12848,-3960,Core staff,4,1,1
5100375,0.0,X,M,Y,Y,0,202500.0,Commercial associate,Higher education,Single / not married,House / apartment,-10229,-2378,Laborers,1,3,0
5100378,0.0,C,M,Y,N,0,216000.0,Working,Secondary / secondary special,Married,House / apartment,-23071,-1618,Drivers,2,2,0
5100382,0.0,C,F,Y,Y,2,112500.0,Working,Higher education,Married,House / apartment,-11157,-4083,Accountants,4,0,1
5100390,0.0,C,F,N,Y,0,112500.0,State servant,Secondary / secondary special,Separated,House / apartment,-13354,-4966,High skill tech staff,1,1,0
5100392,0.0,C,F,N,Y,0,121500.0,Working,Secondary / secondary special,Widow,House / apartment,-24139,-3566,Cleaning staff,1,4,0
5100393,0.0,0,F,N,Y,0,121500.0,Working,Secondary / secondary special,Widow,House / apartment,-24139,-3566,Cleaning staff,1,4,0
5100394,0.0,C,M,N,Y,1,315000.0,Commercial associate,Secondary / secondary special,Married,House / apartment,-12287,-3900,Core staff,3,0,2
5100403,0.0,C,M,Y,Y,1,135000.0,Working,Secondary / secondary special,Married,House / apartment,-16969,-703,Drivers,3,2,1
5100405,0.0,0,F,N,Y,0,157500.0,Commercial associate,Incomplete higher,Married,House / apartment,-10164,-1283,Core staff,2,1,0
5100406,0.0,C,F,N,Y,0,135000.0,Commercial associate,Secondary / secondary special,Married,House / apartment,-17877,-1860,Laborers,2,1,0
5100407,0.0,C,F,N,Y,0,135000.0,Commercial associate,Secondary / secondary special,Married,House / apartment,-17877,-1860,Laborers,2,1,0
5100409,0.0,C,F,N,Y,1,135000.0,Working,Secondary / secondary special,Married,House / apartment,-11305,-1891,Secretaries,3,2,1
5100411,0.0,1,F,Y,Y,0,135000.0,Working,Secondary / secondary special,Married,House / apartment,-13251,-3839,Accountants,2,1,0
5100412,0.0,0,M,N,N,0,315000.0,Working,Secondary / secondary special,Single / not married,Rented apartment,-11981,-703,Drivers,1,4,0
5100415,0.0,C,F,N,N,1,135000.0,Working,Secondary / secondary special,Married,Municipal apartment,-14456,-4478,Laborers,3,2,1
5100416,0.0,X,M,N,Y,0,225000.0,Working,Secondary / secondary special,Married,House / apartment,-12029,-4570,Laborers,2,2,0
5100417,0.0,X,M,N,Y,0,225000.0,Working,Secondary / secondary special,Married,House / apartment,-12029,-4570,Laborers,2,2,0
5100424,0.0,0,M,Y,Y,0,225000.0,Commercial associate,Higher education,Married,House / apartment,-19531,-978,Drivers,2,3,0
5100425,0.0,C,M,N,Y,0,135000.0,Working,Secondary / secondary special,Single / not married,House / apartment,-17015,-613,Drivers,1,2,0
5100428,0.0,5,F,N,Y,1,202500.0,Working,Incomplete higher,Married,House / apartment,-10746,-1100,Sales staff,3,1,0
5100434,0.0,C,F,N,Y,0,90000.0,Working,Secondary / secondary special,Separated,House / apartment,-14680,-644,Sales staff,1,4,0
5100435,0.0,C,M,Y,Y,2,450000.0,Commercial associate,Incomplete higher,Married,House / apartment,-13027,-430,Managers,4,0,2
5100438,0.0,X,M,Y,Y,2,270000.0,Working,Secondary / secondary special,Married,House / apartment,-14907,-95,Drivers,4,2,1
5100441,0.0,0,M,Y,Y,0,112500.0,Working,Secondary / secondary special,Married,House / apartment,-16247,-307,Laborers,2,2,0
5100443,0.0,C,M,N,Y,0,157500.0,Commercial associate,Secondary / secondary special,Single / not married,House / apartment,-11797,-3017,Laborers,1,1,0
5100444,0.0,0,M,Y,Y,1,315000.0,Working,Secondary / secondary special,Civil marriage,House / apartment,-14683,-856,Drivers,3,4,2
5100447,0.0,C,M,N,N,0,180000.0,Commercial associate,Secondary / secondary special,Single / not married,With parents,-10292,-3109,Core staff,1,1,0
5100451,0.0,0,F,N,N,1,81000.0,Working,Secondary / secondary special,Married,House / apartment,-13659,-3079,Laborers,3,4,1
5100452,0.0,C,F,N,N,1,81000.0,Working,Secondary / secondary special,Married,House / apartment,-13659,-3079,Laborers,3,2,1
5100454,0.0,C,F,Y,Y,1,189000.0,Commercial associate,Secondary / secondary special,Married,House / apartment,-10400,-1191,Sales staff,3,0,1
5100459,0.0,X,F,N,Y,2,270000.0,Working,Secondary / secondary special,Married,House / apartment,-14893,-2622,Medicine staff,4,4,1
5100461,0.0,C,M,Y,Y,1,202500.0,Commercial associate,Secondary / secondary special,Civil marriage,House / apartment,-12417,-2499,High skill tech staff,3,0,1
5100462,0.0,0,F,N,Y,0,157500.0,Commercial associate,Secondary / secondary special,Married,House / apartment,-18371,-1495,Waiters/barmen staff,2,1,0
5100463,0.0,0,F,Y,Y,3,180000.0,Working,Secondary / secondary special,Married,House / apartment,-13638,-3809,High skill tech staff,5,4,1
5100464,0.0,0,M,Y,Y,1,315000.0,Working,Higher education,Married,House / apartment,-17318,-552,Laborers,3,0,2
5104847,0.0,0,F,N,Y,0,112500.0,Commercial associate,Higher education,Civil marriage,House / apartment,-9718,-200,Core staff,2,3,0
5104848,0.0,0,F,Y,Y,2,103500.0,Working,Secondary / secondary special,Married,House / apartment,-11816,-1600,Accountants,4,4,1
5104852,0.0,0,F,Y,Y,2,103500.0,Working,Secondary / secondary special,Married,House / apartment,-11816,-1600,Accountants,4,4,1
5104853,0.0,0,F,Y,Y,2,103500.0,Working,Secondary / secondary special,Married,House / apartment,-11816,-1600,Accountants,4,4,1
5104857,0.0,0,F,N,Y,2,117000.0,Working,Secondary / secondary special,Separated,House / apartment,-10391,-320,Cooking staff,3,4,1
5104859,0.0,C,F,N,Y,0,112500.0,Working,Higher education,Married,House / apartment,-12114,-4004,Accountants,2,0,0
5104860,0.0,C,F,N,Y,0,112500.0,Working,Higher education,Married,House / apartment,-12114,-4004,Accountants,2,0,0
5104862,0.0,C,F,N,Y,0,112500.0,Working,Higher education,Married,House / apartment,-12114,-4004,Accountants,2,0,0
5104865,0.0,0,F,N,Y,0,112500.0,Working,Higher education,Married,House / apartment,-12114,-4004,Accountants,2,1,0
5104866,0.0,0,F,N,Y,0,112500.0,Working,Higher education,Married,House / apartment,-12114,-4004,Accountants,2,1,0
5104870,0.0,C,F,N,Y,0,112500.0,Working,Higher education,Married,House / apartment,-12114,-4004,Accountants,2,0,0
5104880,0.0,C,F,Y,Y,0,387000.0,Working,Higher education,Married,House / apartment,-20700,-626,Managers,2,0,2
5104881,0.0,C,F,Y,Y,0,387000.0,Working,Higher education,Married,House / apartment,-20700,-626,Managers,2,0,2
5104882,0.0,C,F,Y,Y,0,387000.0,Working,Higher education,Married,House / apartment,-20700,-626,Managers,2,0,2
5104884,0.0,X,M,Y,Y,0,225000.0,Working,Higher education,Married,House / apartment,-10748,-1661,Laborers,2,0,0
5104886,0.0,C,M,Y,Y,0,225000.0,Working,Higher education,Married,House / apartment,-10748,-1661,Laborers,2,0,0
5104891,0.0,0,M,Y,Y,0,225000.0,Working,Higher education,Married,House / apartment,-10748,-1661,Laborers,2,0,0
5104892,0.0,1,F,N,Y,0,315000.0,Commercial associate,Incomplete higher,Married,House / apartment,-17641,-2512,Realty agents,2,1,0
5104893,0.0,C,F,N,Y,0,315000.0,Commercial associate,Incomplete higher,Married,House / apartment,-17641,-2512,Realty agents,2,3,2
5104894,0.0,C,F,N,Y,0,315000.0,Commercial associate,Incomplete higher,Married,House / apartment,-17641,-2512,Realty agents,2,3,2
5104896,0.0,C,M,Y,Y,0,121500.0,Commercial associate,Secondary / secondary special,Married,House / apartment,-15811,-139,Laborers,2,0,0
5104897,0.0,C,M,Y,Y,0,121500.0,Commercial associate,Secondary / secondary special,Married,House / apartment,-15811,-139,Laborers,2,0,0
5104913,0.0,C,M,Y,N,0,121500.0,Working,Secondary / secondary special,Single / not married,House / apartment,-10962,-3518,Laborers,1,2,0
5104915,0.0,0,M,Y,N,0,121500.0,Working,Secondary / secondary special,Single / not married,House / apartment,-10962,-3518,Laborers,1,4,0
5104916,0.0,X,M,Y,Y,0,166500.0,Working,Secondary / secondary special,Single / not married,House / apartment,-9918,-535,Laborers,1,2,0
5104917,0.0,X,M,Y,Y,0,166500.0,Working,Secondary / secondary special,Single / not married,House / apartment,-9918,-535,Laborers,1,2,0
5104922,0.0,C,M,Y,Y,0,90000.0,Working,Secondary / secondary special,Married,House / apartment,-17036,-2177,Low-skill Laborers,2,2,0
5104940,0.0,C,F,N,Y,3,67500.0,Commercial associate,Secondary / secondary special,Married,House / apartment,-16694,-412,Sales staff,5,1,1
5104941,0.0,C,F,N,Y,3,67500.0,Commercial associate,Secondary / secondary special,Married,House / apartment,-16694,-412,Sales staff,5,1,1
5104945,0.0,C,F,N,Y,3,67500.0,Commercial associate,Secondary / secondary special,Married,House / apartment,-16694,-412,Sales staff,5,1,1
5104946,0.0,C,F,N,Y,3,67500.0,Commercial associate,Secondary / secondary special,Married,House / apartment,-16694,-412,Sales staff,5,1,1
5104947,0.0,5,F,N,Y,3,67500.0,Commercial associate,Secondary / secondary special,Married,House / apartment,-16694,-412,Sales staff,5,1,0
5104948,0.0,C,F,N,Y,3,67500.0,Commercial associate,Secondary / secondary special,Married,House / apartment,-16694,-412,Sales staff,5,1,1
5104949,0.0,C,F,N,Y,3,67500.0,Commercial associate,Secondary / secondary special,Married,House / apartment,-16694,-412,Sales staff,5,1,1
5104950,0.0,0,F,N,Y,3,67500.0,Commercial associate,Secondary / secondary special,Married,House / apartment,-16694,-412,Sales staff,5,1,1
5104951,0.0,C,M,Y,Y,1,225000.0,Commercial associate,Secondary / secondary special,Married,House / apartment,-13744,-1934,Drivers,3,0,1
5104952,0.0,0,M,Y,Y,1,225000.0,Commercial associate,Secondary / secondary special,Married,House / apartment,-13744,-1934,Drivers,3,1,1
5104953,0.0,C,M,Y,Y,0,180000.0,Working,Secondary / secondary special,Married,House / apartment,-21684,-2422,Drivers,2,2,0
5104954,0.0,0,M,Y,Y,0,180000.0,Working,Secondary / secondary special,Married,House / apartment,-21684,-2422,Drivers,2,2,0
5104955,0.0,C,M,Y,Y,0,180000.0,Working,Secondary / secondary special,Married,House / apartment,-21684,-2422,Drivers,2,2,0
5104956,0.0,C,M,Y,Y,0,180000.0,Working,Secondary / secondary special,Married,House / apartment,-21684,-2422,Drivers,2,2,0
5104958,0.0,0,M,Y,Y,0,180000.0,Working,Secondary / secondary special,Married,House / apartment,-21684,-2422,Drivers,2,2,0
5104960,0.0,C,M,Y,Y,0,180000.0,Working,Secondary / secondary special,Married,House / apartment,-21684,-2422,Drivers,2,2,0
5104961,0.0,C,M,Y,Y,0,180000.0,Working,Secondary / secondary special,Married,House / apartment,-21684,-2422,Drivers,2,2,0
5104967,0.0,C,M,N,Y,0,382500.0,Commercial associate,Secondary / secondary special,Single / not married,House / apartment,-8760,-777,Managers,1,1,2
5104989,0.0,C,M,N,N,1,112500.0,Working,Secondary / secondary special,Married,House / apartment,-14452,-1722,Laborers,3,2,1
5104993,0.0,X,F,N,Y,0,180000.0,Commercial associate,Secondary / secondary special,Civil marriage,House / apartment,-18238,-667,High skill tech staff,2,1,0
5104997,0.0,C,M,Y,Y,1,216000.0,Working,Secondary / secondary special,Married,Rented apartment,-17051,-1457,Laborers,3,2,1
5105000,0.0,C,M,Y,Y,1,216000.0,Working,Secondary / secondary special,Married,Rented apartment,-17051,-1457,Laborers,3,2,1
5105003,0.0,C,M,Y,Y,1,216000.0,Working,Secondary / secondary special,Married,Rented apartment,-17051,-1457,Laborers,3,2,1
5105004,0.0,C,M,Y,Y,1,216000.0,Working,Secondary / secondary special,Married,Rented apartment,-17051,-1457,Laborers,3,2,1
5105005,0.0,C,M,Y,Y,1,216000.0,Working,Secondary / secondary special,Married,Rented apartment,-17051,-1457,Laborers,3,2,1
5105007,0.0,C,M,Y,Y,1,216000.0,Working,Secondary / secondary special,Married,Rented apartment,-17051,-1457,Laborers,3,2,1
5105011,0.0,C,M,Y,Y,1,216000.0,Working,Secondary / secondary special,Married,Rented apartment,-17051,-1457,Laborers,3,2,1
5105012,0.0,C,M,Y,Y,1,216000.0,Working,Secondary / secondary special,Married,Rented apartment,-17051,-1457,Laborers,3,2,1
5105013,0.0,C,M,Y,Y,1,216000.0,Working,Secondary / secondary special,Married,Rented apartment,-17051,-1457,Laborers,3,2,1
5105014,0.0,0,M,Y,Y,1,216000.0,Working,Secondary / secondary special,Married,Rented apartment,-17051,-1457,Laborers,3,2,1
5105015,0.0,0,F,N,Y,0,247500.0,Working,Higher education,Married,House / apartment,-17698,-695,Sales staff,2,1,0
5105017,0.0,C,F,N,Y,0,247500.0,Working,Higher education,Married,House / apartment,-17698,-695,Sales staff,2,0,0
5105018,0.0,C,F,N,Y,0,247500.0,Working,Higher education,Married,House / apartment,-17698,-695,Sales staff,2,0,0
5105022,0.0,C,F,Y,Y,0,117000.0,Commercial associate,Secondary / secondary special,Married,House / apartment,-18877,-4593,Waiters/barmen staff,2,0,0
5105023,0.0,X,M,N,Y,0,225000.0,Working,Incomplete higher,Married,House / apartment,-11616,-3344,Laborers,2,2,0
5105026,0.0,X,M,N,Y,0,225000.0,Working,Incomplete higher,Married,House / apartment,-11616,-3344,Laborers,2,2,0
5105027,0.0,X,M,N,Y,0,225000.0,Working,Incomplete higher,Married,House / apartment,-11616,-3344,Laborers,2,2,0
5105028,0.0,0,M,N,Y,0,225000.0,Working,Incomplete higher,Married,House / apartment,-11616,-3344,Laborers,2,4,0
5105030,0.0,X,M,N,Y,0,225000.0,Working,Incomplete higher,Married,House / apartment,-11616,-3344,Laborers,2,2,0
5105031,0.0,0,F,Y,Y,0,180000.0,Working,Higher education,Married,With parents,-12627,-241,Sales staff,2,1,0
5105033,0.0,0,F,Y,Y,0,180000.0,Working,Higher education,Married,With parents,-12627,-241,Sales staff,2,1,0
5105034,0.0,X,F,N,N,1,121500.0,Working,Secondary / secondary special,Married,House / apartment,-14968,-118,Laborers,3,4,1
5105038,0.0,C,F,N,N,1,121500.0,Working,Secondary / secondary special,Married,House / apartment,-14968,-118,Laborers,3,2,1
5105040,0.0,X,F,N,N,1,121500.0,Working,Secondary / secondary special,Married,House / apartment,-14968,-118,Laborers,3,4,1
5105042,0.0,X,F,N,Y,2,135000.0,Working,Secondary / secondary special,Separated,Rented apartment,-12490,-726,Laborers,3,4,1
5105043,0.0,X,F,N,Y,2,135000.0,Working,Secondary / secondary special,Separated,Rented apartment,-12490,-726,Laborers,3,4,1
5105051,0.0,0,F,N,Y,2,225000.0,Commercial associate,Higher education,Married,House / apartment,-11729,-1153,Managers,4,3,1
5105052,0.0,0,F,N,Y,2,225000.0,Commercial associate,Higher education,Married,House / apartment,-11729,-1153,Managers,4,3,1
5105053,0.0,X,F,N,Y,2,225000.0,Commercial associate,Higher education,Married,House / apartment,-11729,-1153,Managers,4,3,1
5105054,0.0,0,F,N,Y,19,112500.0,Working,Secondary / secondary special,Single / not married,House / apartment,-11057,-1853,Waiters/barmen staff,20,4,1
5105058,0.0,X,F,N,Y,0,112500.0,Commercial associate,Secondary / secondary special,Married,House / apartment,-17569,-241,Sales staff,2,1,0
5105073,0.0,X,M,N,Y,0,90000.0,Working,Secondary / secondary special,Married,House / apartment,-13648,-5840,Laborers,2,2,0
5105090,0.0,C,F,N,Y,0,180000.0,Working,Secondary / secondary special,Widow,House / apartment,-20968,-4320,Laborers,1,2,0
5105098,0.0,C,M,N,N,0,121500.0,Commercial associate,Secondary / secondary special,Married,House / apartment,-12338,-3283,Drivers,2,0,0
5105099,0.0,X,M,N,N,0,121500.0,Commercial associate,Secondary / secondary special,Married,House / apartment,-12338,-3283,Drivers,2,1,0
5105100,0.0,0,F,N,Y,1,135000.0,Working,Higher education,Married,House / apartment,-10650,-3163,Accountants,3,1,1
5105101,0.0,0,F,N,Y,1,135000.0,Working,Higher education,Married,House / apartment,-10650,-3163,Accountants,3,1,1
5105102,0.0,X,F,N,Y,1,135000.0,Working,Higher education,Married,House / apartment,-10650,-3163,Accountants,3,1,1
5105103,0.0,X,F,N,Y,1,135000.0,Working,Higher education,Married,House / apartment,-10650,-3163,Accountants,3,1,1
5105104,0.0,0,F,N,Y,1,135000.0,Working,Higher education,Married,House / apartment,-10650,-3163,Accountants,3,1,1
5105109,0.0,X,F,N,Y,1,135000.0,Working,Higher education,Married,House / apartment,-10650,-3163,Accountants,3,1,1
5105111,0.0,C,M,Y,N,1,135000.0,Working,Secondary / secondary special,Married,House / apartment,-10583,-1184,Laborers,3,2,1
5105112,0.0,X,M,Y,N,1,135000.0,Working,Secondary / secondary special,Married,House / apartment,-10583,-1184,Laborers,3,2,1
5105114,0.0,C,M,Y,N,1,135000.0,Working,Secondary / secondary special,Married,House / apartment,-10583,-1184,Laborers,3,2,1
5105115,0.0,C,M,Y,N,1,135000.0,Working,Secondary / secondary special,Married,House / apartment,-10583,-1184,Laborers,3,2,1
5105116,0.0,X,F,N,Y,1,135000.0,Working,Secondary / secondary special,Married,House / apartment,-18875,-2675,Cooking staff,3,4,1
5105122,0.0,X,F,N,Y,1,135000.0,Working,Secondary / secondary special,Married,House / apartment,-18875,-2675,Cooking staff,3,4,1
5105124,0.0,0,F,N,Y,1,135000.0,Working,Secondary / secondary special,Married,House / apartment,-18875,-2675,Cooking staff,3,4,1
5105127,0.0,C,M,Y,Y,0,157500.0,Working,Secondary / secondary special,Married,House / apartment,-10647,-1610,Laborers,2,2,0
5105129,0.0,C,M,Y,Y,0,157500.0,Working,Secondary / secondary special,Married,House / apartment,-10647,-1610,Laborers,2,2,0
5105131,0.0,C,M,Y,Y,0,157500.0,Working,Secondary / secondary special,Married,House / apartment,-10647,-1610,Laborers,2,2,0
5105132,0.0,C,M,Y,Y,0,157500.0,Working,Secondary / secondary special,Married,House / apartment,-10647,-1610,Laborers,2,2,0
5105133,0.0,C,M,Y,Y,0,157500.0,Working,Secondary / secondary special,Married,House / apartment,-10647,-1610,Laborers,2,2,0
5105134,0.0,0,M,Y,Y,0,157500.0,Working,Secondary / secondary special,Married,House / apartment,-10647,-1610,Laborers,2,2,0
5105135,0.0,X,M,Y,Y,0,157500.0,Working,Secondary / secondary special,Married,House / apartment,-10647,-1610,Laborers,2,2,0
5105136,0.0,C,M,Y,Y,0,157500.0,Working,Secondary / secondary special,Married,House / apartment,-10647,-1610,Laborers,2,2,0
5105137,0.0,C,F,N,Y,0,112500.0,Working,Secondary / secondary special,Single / not married,House / apartment,-9957,-1032,Laborers,1,4,0
5105138,0.0,0,F,N,Y,0,112500.0,Working,Secondary / secondary special,Single / not married,House / apartment,-9957,-1032,Laborers,1,4,0
5105139,0.0,C,F,N,Y,0,112500.0,Working,Secondary / secondary special,Single / not married,House / apartment,-9957,-1032,Laborers,1,4,0
5105140,0.0,C,F,N,Y,0,112500.0,Working,Secondary / secondary special,Single / not married,House / apartment,-9957,-1032,Laborers,1,4,0
5105141,0.0,C,F,N,Y,0,112500.0,Working,Secondary / secondary special,Single / not married,House / apartment,-9957,-1032,Laborers,1,4,0
5105142,0.0,C,M,Y,Y,1,90000.0,Working,Secondary / secondary special,Married,House / apartment,-14263,-2553,Laborers,3,2,1
5105143,0.0,C,M,Y,Y,1,90000.0,Working,Secondary / secondary special,Married,House / apartment,-14263,-2553,Laborers,3,2,1
5105144,0.0,C,M,Y,Y,1,90000.0,Working,Secondary / secondary special,Married,House / apartment,-14263,-2553,Laborers,3,2,1
5105145,0.0,0,F,N,Y,0,90000.0,Working,Higher education,Married,House / apartment,-18940,-1763,Sales staff,2,1,0
5105146,0.0,0,F,N,Y,0,90000.0,Working,Higher education,Married,House / apartment,-18940,-1763,Sales staff,2,1,0
5105147,0.0,0,F,N,Y,0,90000.0,Working,Higher education,Married,House / apartment,-18940,-1763,Sales staff,2,1,0
5105150,0.0,X,F,N,Y,0,90000.0,Working,Higher education,Married,House / apartment,-18940,-1763,Sales staff,2,1,0
5105156,0.0,X,F,Y,Y,2,112500.0,Working,Higher education,Married,House / apartment,-13405,-3252,Accountants,4,0,1
5105158,0.0,C,F,Y,Y,2,112500.0,Working,Higher education,Married,House / apartment,-13405,-3252,Accountants,4,0,1
5105159,0.0,C,M,N,Y,2,450000.0,Commercial associate,Higher education,Married,House / apartment,-12238,-2187,Managers,4,3,2
5105161,0.0,C,M,N,Y,2,450000.0,Commercial associate,Higher education,Married,House / apartment,-12238,-2187,Managers,4,3,2
5105163,0.0,C,M,N,Y,2,450000.0,Commercial associate,Higher education,Married,House / apartment,-12238,-2187,Managers,4,3,2
5105164,0.0,C,M,N,Y,2,450000.0,Commercial associate,Higher education,Married,House / apartment,-12238,-2187,Managers,4,3,2
5105165,0.0,0,M,N,Y,2,450000.0,Commercial associate,Higher education,Married,House / apartment,-12238,-2187,Managers,4,3,2
5105167,0.0,C,M,N,Y,2,450000.0,Commercial associate,Higher education,Married,House / apartment,-12238,-2187,Managers,4,3,2
5105168,0.0,C,M,N,Y,2,450000.0,Commercial associate,Higher education,Married,House / apartment,-12238,-2187,Managers,4,3,2
5105169,0.0,C,M,N,Y,2,450000.0,Commercial associate,Higher education,Married,House / apartment,-12238,-2187,Managers,4,3,2
5105171,0.0,C,M,N,Y,2,450000.0,Commercial associate,Higher education,Married,House / apartment,-12238,-2187,Managers,4,3,2
5105173,0.0,C,M,N,Y,2,450000.0,Commercial associate,Higher education,Married,House / apartment,-12238,-2187,Managers,4,3,2
5105178,0.0,C,M,N,Y,0,180000.0,Working,Secondary / secondary special,Married,House / apartment,-16165,-848,Laborers,2,2,0
5105184,0.0,C,M,N,Y,0,180000.0,Working,Secondary / secondary special,Married,House / apartment,-16165,-848,Laborers,2,2,0
5105185,0.0,C,M,N,Y,0,180000.0,Working,Secondary / secondary special,Married,House / apartment,-16165,-848,Laborers,2,2,0
5105186,0.0,X,M,N,Y,0,315000.0,Commercial associate,Higher education,Single / not married,House / apartment,-10499,-545,Laborers,1,3,2
5105187,0.0,1,M,N,Y,0,315000.0,Commercial associate,Higher education,Single / not married,House / apartment,-10499,-545,Laborers,1,1,0
5105188,0.0,C,M,N,Y,0,315000.0,Commercial associate,Higher education,Single / not married,House / apartment,-10499,-545,Laborers,1,3,2
5105189,0.0,C,M,N,Y,0,315000.0,Commercial associate,Higher education,Single / not married,House / apartment,-10499,-545,Laborers,1,3,2
5105191,0.0,C,M,N,Y,0,315000.0,Commercial associate,Higher education,Single / not married,House / apartment,-10499,-545,Laborers,1,3,2
5105192,0.0,0,M,N,Y,0,315000.0,Commercial associate,Higher education,Single / not married,House / apartment,-10499,-545,Laborers,1,3,2
5105194,0.0,C,M,N,Y,0,315000.0,Commercial associate,Higher education,Single / not married,House / apartment,-10499,-545,Laborers,1,3,2
5105196,0.0,4,M,N,Y,0,315000.0,Commercial associate,Higher education,Single / not married,House / apartment,-10499,-545,Laborers,1,1,0
5105197,0.0,C,M,N,Y,0,315000.0,Commercial associate,Higher education,Single / not married,House / apartment,-10499,-545,Laborers,1,3,2
5105200,0.0,C,M,Y,Y,2,180000.0,Working,Higher education,Married,House / apartment,-17330,-848,Drivers,4,0,1
5105205,0.0,C,M,Y,Y,2,180000.0,Working,Higher education,Married,House / apartment,-17330,-848,Drivers,4,0,1
5105206,0.0,0,M,Y,Y,2,180000.0,Working,Higher education,Married,House / apartment,-17330,-848,Drivers,4,0,1
5105208,0.0,0,F,N,N,0,157500.0,Commercial associate,Secondary / secondary special,Married,House / apartment,-16017,-1398,Laborers,2,1,0
5105210,0.0,C,F,N,N,0,157500.0,Commercial associate,Secondary / secondary special,Married,House / apartment,-16017,-1398,Laborers,2,1,0
5105212,0.0,0,F,N,N,0,157500.0,Commercial associate,Secondary / secondary special,Married,House / apartment,-16017,-1398,Laborers,2,1,0
5105214,0.0,0,F,N,N,0,157500.0,Commercial associate,Secondary / secondary special,Married,House / apartment,-16017,-1398,Laborers,2,1,0
5105215,0.0,0,F,N,N,0,157500.0,Commercial associate,Secondary / secondary special,Married,House / apartment,-16017,-1398,Laborers,2,1,0
5105218,0.0,0,F,Y,N,1,85500.0,State servant,Higher education,Married,House / apartment,-10044,-971,Accountants,3,3,1
5105219,0.0,X,M,N,Y,0,135000.0,Working,Secondary / secondary special,Single / not married,Rented apartment,-8755,-1061,Laborers,1,4,0
5105221,0.0,C,F,Y,Y,1,135000.0,Working,Secondary / secondary special,Married,House / apartment,-15068,-2067,Sales staff,3,2,1
5105222,0.0,C,F,Y,Y,1,135000.0,Working,Secondary / secondary special,Married,House / apartment,-15068,-2067,Sales staff,3,2,1
5105224,0.0,1,F,Y,Y,1,135000.0,Working,Secondary / secondary special,Married,House / apartment,-15068,-2067,Sales staff,3,1,0
5105225,0.0,X,F,N,Y,0,135000.0,Working,Secondary / secondary special,Married,House / apartment,-17365,-2128,Laborers,2,4,0
5105226,0.0,X,F,N,Y,0,135000.0,Working,Secondary / secondary special,Married,House / apartment,-17365,-2128,Laborers,2,4,0
5105227,0.0,0,F,N,Y,0,135000.0,Working,Secondary / secondary special,Married,House / apartment,-17365,-2128,Laborers,2,4,0
5105231,0.0,0,F,Y,N,1,157500.0,Working,Higher education,Married,House / apartment,-11900,-2828,Laborers,3,1,1
5105238,0.0,0,F,N,Y,0,90000.0,Working,Secondary / secondary special,Married,House / apartment,-11931,-271,Sales staff,2,4,0
5105239,0.0,C,M,N,Y,2,180000.0,Working,Secondary / secondary special,Married,House / apartment,-12998,-392,Security staff,4,2,1
5105241,0.0,C,F,N,N,0,112500.0,Working,Secondary / secondary special,Married,House / apartment,-14133,-1214,Medicine staff,2,2,0
5105242,0.0,C,F,N,N,0,112500.0,Working,Secondary / secondary special,Married,House / apartment,-14133,-1214,Medicine staff,2,2,0
5105246,0.0,C,F,N,N,0,207000.0,Working,Higher education,Married,House / apartment,-14740,-6723,Core staff,2,0,0
5105250,0.0,0,F,N,N,0,207000.0,Working,Higher education,Married,House / apartment,-14740,-6723,Core staff,2,1,0
5105251,0.0,C,F,N,N,0,207000.0,Working,Higher education,Married,House / apartment,-14740,-6723,Core staff,2,0,0
5105252,0.0,0,F,N,N,0,207000.0,Working,Higher education,Married,House / apartment,-14740,-6723,Core staff,2,1,0
5105253,0.0,C,M,Y,Y,0,81000.0,Working,Secondary / secondary special,Married,House / apartment,-13527,-1153,High skill tech staff,2,2,0
5105254,0.0,0,M,Y,Y,0,81000.0,Working,Secondary / secondary special,Married,House / apartment,-13527,-1153,High skill tech staff,2,2,0
5105255,0.0,C,M,Y,Y,0,81000.0,Working,Secondary / secondary special,Married,House / apartment,-13527,-1153,High skill tech staff,2,2,0
5105256,0.0,X,M,Y,Y,0,81000.0,Working,Secondary / secondary special,Married,House / apartment,-13527,-1153,High skill tech staff,2,2,0
5105258,0.0,C,M,Y,Y,0,81000.0,Working,Secondary / secondary special,Married,House / apartment,-13527,-1153,High skill tech staff,2,2,0
5105259,0.0,C,M,Y,Y,0,81000.0,Working,Secondary / secondary special,Married,House / apartment,-13527,-1153,High skill tech staff,2,2,0
5105261,0.0,0,M,N,Y,0,180000.0,Working,Incomplete higher,Single / not married,House / apartment,-10305,-210,Laborers,1,4,0
5105262,0.0,0,M,N,Y,0,180000.0,Working,Incomplete higher,Single / not married,House / apartment,-10305,-210,Laborers,1,4,0
5105263,0.0,0,M,N,Y,0,180000.0,Working,Incomplete higher,Single / not married,House / apartment,-10305,-210,Laborers,1,4,0
5105264,0.0,C,F,N,Y,2,81000.0,Working,Secondary / secondary special,Married,House / apartment,-10705,-149,Core staff,4,2,1
5105265,0.0,0,F,N,Y,2,81000.0,Working,Secondary / secondary special,Married,House / apartment,-10705,-149,Core staff,4,4,1
5105266,0.0,0,F,N,Y,2,81000.0,Working,Secondary / secondary special,Married,House / apartment,-10705,-149,Core staff,4,4,1
5105280,0.0,X,F,N,Y,1,90000.0,Working,Secondary / secondary special,Civil marriage,House / apartment,-18682,-514,Laborers,3,4,1
5105288,0.0,C,M,Y,N,0,225000.0,Working,Secondary / secondary special,Single / not married,House / apartment,-10866,-636,Drivers,1,2,0
5105289,0.0,0,M,Y,N,0,225000.0,Working,Secondary / secondary special,Single / not married,House / apartment,-10866,-636,Drivers,1,4,0
5105290,0.0,X,F,N,N,0,112500.0,Working,Secondary / secondary special,Widow,With parents,-10240,-818,Core staff,1,4,0
5105292,0.0,0,F,N,N,0,112500.0,Working,Secondary / secondary special,Widow,With parents,-10240,-818,Core staff,1,4,0
5105296,0.0,0,F,N,N,0,112500.0,Working,Secondary / secondary special,Widow,With parents,-10240,-818,Core staff,1,4,0
5105297,0.0,0,F,N,N,0,112500.0,Working,Secondary / secondary special,Widow,With parents,-10240,-818,Core staff,1,4,0
5105303,0.0,C,F,N,Y,1,157500.0,Working,Secondary / secondary special,Civil marriage,House / apartment,-12280,-940,Laborers,3,2,1
5105304,0.0,C,F,N,Y,1,90000.0,Working,Secondary / secondary special,Single / not married,House / apartment,-12037,-2706,Laborers,2,4,0
5105307,0.0,C,F,N,Y,1,90000.0,Working,Secondary / secondary special,Single / not married,House / apartment,-12037,-2706,Laborers,2,4,0
5105310,0.0,X,F,Y,Y,0,225000.0,State servant,Higher education,Married,House / apartment,-16643,-180,Medicine staff,2,3,0
5105311,0.0,0,F,Y,Y,0,225000.0,State servant,Higher education,Married,House / apartment,-16643,-180,Medicine staff,2,3,0
5105313,0.0,C,F,Y,Y,0,225000.0,State servant,Higher education,Married,House / apartment,-16643,-180,Medicine staff,2,0,0
5105314,0.0,C,F,N,Y,0,202500.0,Commercial associate,Higher education,Single / not married,Co-op apartment,-12196,-2218,Accountants,1,3,0
5105316,0.0,C,F,N,Y,0,202500.0,Commercial associate,Higher education,Single / not married,Co-op apartment,-12196,-2218,Accountants,1,3,0
5105318,0.0,C,F,N,Y,0,202500.0,Commercial associate,Higher education,Single / not married,Co-op apartment,-12196,-2218,Accountants,1,3,0
5105320,0.0,X,F,N,Y,0,202500.0,Commercial associate,Higher education,Single / not married,Co-op apartment,-12196,-2218,Accountants,1,3,0
5105322,0.0,X,F,N,Y,0,202500.0,Commercial associate,Higher education,Single / not married,Co-op apartment,-12196,-2218,Accountants,1,3,0
5105342,0.0,X,M,Y,Y,0,112500.0,Working,Secondary / secondary special,Married,House / apartment,-16285,-1184,Laborers,2,2,0
5105344,0.0,0,M,Y,Y,0,112500.0,Working,Secondary / secondary special,Married,House / apartment,-16285,-1184,Laborers,2,2,0
5105345,0.0,C,M,Y,Y,0,112500.0,Working,Secondary / secondary special,Married,House / apartment,-16285,-1184,Laborers,2,2,0
5105347,0.0,X,F,N,N,0,90000.0,Working,Higher education,Married,House / apartment,-11388,-4167,High skill tech staff,2,1,0
5105349,0.0,0,F,N,N,0,90000.0,Working,Higher education,Married,House / apartment,-11388,-4167,High skill tech staff,2,1,0
5105353,0.0,C,F,N,Y,1,99000.0,Commercial associate,Secondary / secondary special,Civil marriage,House / apartment,-10425,-757,Laborers,3,1,1
5105354,0.0,C,F,N,Y,1,99000.0,Commercial associate,Secondary / secondary special,Civil marriage,House / apartment,-10425,-757,Laborers,3,1,1
5105355,0.0,0,F,N,Y,1,99000.0,Commercial associate,Secondary / secondary special,Civil marriage,House / apartment,-10425,-757,Laborers,3,1,1
5105368,0.0,C,M,N,Y,0,360000.0,Working,Secondary / secondary special,Married,House / apartment,-18143,-10437,Laborers,2,2,2
5105369,0.0,C,M,Y,Y,0,202500.0,Working,Higher education,Separated,House / apartment,-10763,-302,Sales staff,1,0,0
5105371,0.0,X,M,Y,Y,0,202500.0,Working,Higher education,Separated,House / apartment,-10763,-302,Sales staff,1,0,0
5105372,0.0,0,M,Y,Y,0,202500.0,Working,Higher education,Separated,House / apartment,-10763,-302,Sales staff,1,1,0
5105376,0.0,X,M,Y,Y,1,324000.0,Commercial associate,Secondary / secondary special,Married,Municipal apartment,-11523,-2522,Managers,3,1,2
5105379,0.0,X,M,Y,Y,1,324000.0,Commercial associate,Secondary / secondary special,Married,Municipal apartment,-11523,-2522,Managers,3,1,2
5105387,0.0,0,F,N,Y,0,112500.0,Working,Secondary / secondary special,Single / not married,House / apartment,-16731,-1367,Sales staff,1,4,0
5105388,0.0,C,F,N,Y,0,112500.0,Working,Secondary / secondary special,Single / not married,House / apartment,-16731,-1367,Sales staff,1,4,0
5105389,0.0,0,F,N,Y,0,112500.0,Working,Secondary / secondary special,Single / not married,House / apartment,-16731,-1367,Sales staff,1,4,0
5105393,0.0,0,F,N,Y,0,135000.0,Working,Incomplete higher,Single / not married,House / apartment,-10932,-575,Secretaries,1,1,0
5105396,0.0,X,F,N,Y,0,135000.0,Working,Incomplete higher,Single / not married,House / apartment,-10932,-575,Secretaries,1,1,0
5105397,0.0,C,F,N,Y,0,112500.0,State servant,Higher education,Married,House / apartment,-13035,-361,Core staff,2,3,0
5105399,0.0,C,F,N,Y,0,112500.0,State servant,Higher education,Married,House / apartment,-13035,-361,Core staff,2,3,0
5105400,0.0,C,F,N,Y,0,112500.0,State servant,Higher education,Married,House / apartment,-13035,-361,Core staff,2,3,0
5105402,0.0,C,F,N,Y,0,135000.0,Commercial associate,Higher education,Single / not married,House / apartment,-10153,-483,Managers,1,3,0
5105403,0.0,C,F,N,Y,0,135000.0,Commercial associate,Higher education,Single / not married,House / apartment,-10153,-483,Managers,1,3,0
5105429,0.0,0,F,Y,Y,3,90000.0,Working,Higher education,Married,House / apartment,-10356,-2317,Medicine staff,5,1,1
5105430,0.0,0,F,Y,Y,3,90000.0,Working,Higher education,Married,House / apartment,-10356,-2317,Medicine staff,5,1,1
5105443,0.0,0,F,N,Y,0,270000.0,State servant,Higher education,Married,With parents,-13081,-1426,Managers,2,3,2
5105444,0.0,C,F,N,Y,0,112500.0,Working,Secondary / secondary special,Married,House / apartment,-9894,-2499,Sales staff,2,2,0
5105446,0.0,X,F,N,Y,0,112500.0,Working,Secondary / secondary special,Married,House / apartment,-9894,-2499,Sales staff,2,4,0
5105447,0.0,C,F,N,Y,0,112500.0,Working,Secondary / secondary special,Married,House / apartment,-9894,-2499,Sales staff,2,2,0
5105448,0.0,X,F,N,Y,0,112500.0,Working,Secondary / secondary special,Married,House / apartment,-9894,-2499,Sales staff,2,4,0
5105449,0.0,C,F,N,Y,0,112500.0,Working,Secondary / secondary special,Married,House / apartment,-9894,-2499,Sales staff,2,2,0
5105450,0.0,C,F,N,Y,0,112500.0,Working,Secondary / secondary special,Married,House / apartment,-9894,-2499,Sales staff,2,2,0
5105452,0.0,X,F,N,Y,0,112500.0,Working,Secondary / secondary special,Married,House / apartment,-9894,-2499,Sales staff,2,4,0
5105455,0.0,C,M,N,Y,0,175500.0,Commercial associate,Secondary / secondary special,Married,House / apartment,-16835,-5109,Laborers,2,2,0
5105457,0.0,C,M,N,N,1,202500.0,State servant,Incomplete higher,Married,With parents,-12096,-575,Drivers,3,0,1
5105458,0.0,C,M,N,N,1,202500.0,State servant,Incomplete higher,Married,With parents,-12096,-575,Drivers,3,0,1
5105459,0.0,C,M,N,N,1,202500.0,State servant,Incomplete higher,Married,With parents,-12096,-575,Drivers,3,0,1
5105460,0.0,C,M,N,N,1,202500.0,State servant,Incomplete higher,Married,With parents,-12096,-575,Drivers,3,0,1
5105461,0.0,C,M,N,N,1,202500.0,State servant,Incomplete higher,Married,With parents,-12096,-575,Drivers,3,0,1
5105482,0.0,C,M,N,Y,0,180000.0,State servant,Higher education,Married,House / apartment,-9561,-2248,Core staff,2,0,0
5105485,0.0,C,M,N,Y,0,180000.0,State servant,Higher education,Married,House / apartment,-9561,-2248,Core staff,2,0,0
5105486,0.0,C,M,N,Y,0,112500.0,Working,Secondary / secondary special,Single / not married,House / apartment,-15990,-1100,Laborers,1,2,0
5105487,0.0,0,M,N,Y,0,112500.0,Working,Secondary / secondary special,Single / not married,House / apartment,-15990,-1100,Laborers,1,4,0
5105488,0.0,0,M,N,Y,0,112500.0,Working,Secondary / secondary special,Single / not married,House / apartment,-15990,-1100,Laborers,1,4,0
5105494,0.0,C,M,Y,Y,0,202500.0,Commercial associate,Secondary / secondary special,Single / not married,House / apartment,-9343,-1457,Waiters/barmen staff,1,0,0
5105495,0.0,C,M,Y,Y,0,202500.0,Commercial associate,Secondary / secondary special,Single / not married,House / apartment,-9343,-1457,Waiters/barmen staff,1,0,0
5105496,0.0,0,M,Y,Y,0,202500.0,Commercial associate,Secondary / secondary special,Single / not married,House / apartment,-9343,-1457,Waiters/barmen staff,1,1,0
5105505,0.0,C,M,N,Y,0,270000.0,Commercial associate,Secondary / secondary special,Married,House / apartment,-13598,-1398,Laborers,2,2,0
5105507,0.0,0,F,N,Y,0,495000.0,Commercial associate,Higher education,Married,House / apartment,-10684,-1032,Accountants,2,3,2
5105532,0.0,X,F,N,Y,0,117000.0,State servant,Secondary / secondary special,Married,House / apartment,-17386,-9311,Medicine staff,2,1,0
5105533,0.0,X,F,N,Y,0,117000.0,State servant,Secondary / secondary special,Married,House / apartment,-17386,-9311,Medicine staff,2,1,0
5105540,0.0,X,M,Y,N,0,202500.0,Working,Secondary / secondary special,Married,House / apartment,-10191,-2218,Drivers,2,2,0
5105542,0.0,X,M,Y,N,0,202500.0,Working,Secondary / secondary special,Married,House / apartment,-10191,-2218,Drivers,2,2,0
5105543,0.0,0,F,Y,Y,1,112500.0,Working,Secondary / secondary special,Married,House / apartment,-11497,-1648,Sales staff,3,4,1
5105546,0.0,0,F,Y,Y,1,112500.0,Working,Secondary / secondary special,Married,House / apartment,-11497,-1648,Sales staff,3,4,1
5105547,0.0,0,F,Y,Y,1,112500.0,Working,Secondary / secondary special,Married,House / apartment,-11497,-1648,Sales staff,3,4,1
5105548,0.0,C,F,N,Y,0,112500.0,Working,Higher education,Married,With parents,-9310,-825,Core staff,2,0,0
5105549,0.0,0,F,N,Y,0,112500.0,Working,Higher education,Married,With parents,-9310,-825,Core staff,2,1,0
5105550,0.0,C,F,N,Y,0,112500.0,Working,Higher education,Married,With parents,-9310,-825,Core staff,2,0,0
5105551,0.0,C,F,N,Y,0,112500.0,Working,Higher education,Married,With parents,-9310,-825,Core staff,2,0,0
5105552,0.0,0,F,N,Y,0,112500.0,Working,Higher education,Married,With parents,-9310,-825,Core staff,2,1,0
5117006,0.0,0,F,N,Y,0,112500.0,Working,Higher education,Married,With parents,-9310,-825,Core staff,2,1,0
5105553,0.0,C,F,N,Y,0,135000.0,Working,Secondary / secondary special,Married,House / apartment,-18353,-4136,Laborers,2,2,0
5105554,0.0,C,F,N,Y,0,157500.0,Working,Secondary / secondary special,Married,House / apartment,-19802,-4532,Laborers,2,2,0
5105556,0.0,0,F,N,Y,0,157500.0,Working,Secondary / secondary special,Married,House / apartment,-19802,-4532,Laborers,2,4,0
5105559,0.0,C,F,N,Y,0,202500.0,Commercial associate,Secondary / secondary special,Civil marriage,House / apartment,-16817,-4410,Sales staff,2,1,0
5105560,0.0,0,F,N,Y,0,202500.0,Commercial associate,Secondary / secondary special,Civil marriage,House / apartment,-16817,-4410,Sales staff,2,1,0
5105561,0.0,0,F,N,Y,0,202500.0,Commercial associate,Secondary / secondary special,Civil marriage,House / apartment,-16817,-4410,Sales staff,2,1,0
5105573,0.0,X,F,N,Y,0,90000.0,Working,Secondary / secondary special,Single / not married,House / apartment,-13827,-879,Laborers,1,4,0
5105574,0.0,C,F,N,Y,0,90000.0,Working,Secondary / secondary special,Single / not married,House / apartment,-13827,-879,Laborers,1,4,0
5105575,0.0,X,F,N,Y,0,90000.0,Working,Secondary / secondary special,Single / not married,House / apartment,-13827,-879,Laborers,1,4,0
5105576,0.0,0,F,N,Y,0,90000.0,Working,Secondary / secondary special,Single / not married,House / apartment,-13827,-879,Laborers,1,4,0
5105577,0.0,0,F,N,N,0,180000.0,Working,Secondary / secondary special,Married,Municipal apartment,-12024,-210,Sales staff,2,4,0
5105578,0.0,0,M,Y,N,2,378000.0,Commercial associate,Higher education,Married,House / apartment,-10722,-1245,Security staff,4,3,1
5105579,0.0,C,M,Y,N,2,378000.0,Commercial associate,Higher education,Married,House / apartment,-10722,-1245,Security staff,4,0,1
5105580,0.0,C,M,Y,N,2,378000.0,Commercial associate,Higher education,Married,House / apartment,-10722,-1245,Security staff,4,0,1
5105581,0.0,C,M,Y,N,2,378000.0,Commercial associate,Higher education,Married,House / apartment,-10722,-1245,Security staff,4,0,1
5105582,0.0,0,M,Y,N,2,378000.0,Commercial associate,Higher education,Married,House / apartment,-10722,-1245,Security staff,4,3,1
5105583,0.0,0,M,Y,N,2,378000.0,Commercial associate,Higher education,Married,House / apartment,-10722,-1245,Security staff,4,3,1
5105584,0.0,X,F,N,N,0,171000.0,Commercial associate,Secondary / secondary special,Married,House / apartment,-10063,-917,Private service staff,2,1,0
5105585,0.0,C,F,Y,Y,1,135000.0,Commercial associate,Secondary / secondary special,Married,House / apartment,-11159,-856,Sales staff,3,0,1
5105586,0.0,C,F,Y,Y,1,135000.0,Commercial associate,Secondary / secondary special,Married,House / apartment,-11159,-856,Sales staff,3,0,1
5105587,0.0,C,F,Y,Y,1,135000.0,Commercial associate,Secondary / secondary special,Married,House / apartment,-11159,-856,Sales staff,3,0,1
5105593,0.0,C,F,Y,Y,1,135000.0,Commercial associate,Secondary / secondary special,Married,House / apartment,-11159,-856,Sales staff,3,0,1
5105594,0.0,C,F,Y,Y,1,135000.0,Commercial associate,Secondary / secondary special,Married,House / apartment,-11159,-856,Sales staff,3,0,1
5105595,0.0,0,F,Y,Y,1,135000.0,Commercial associate,Secondary / secondary special,Married,House / apartment,-11159,-856,Sales staff,3,1,1
5105602,0.0,0,M,N,Y,0,180000.0,State servant,Higher education,Married,House / apartment,-24204,-2462,Private service staff,2,3,0
5105604,0.0,X,F,N,Y,2,144000.0,Working,Higher education,Married,House / apartment,-13788,-6723,Core staff,4,1,1
5105607,0.0,0,F,N,Y,5,157500.0,Working,Secondary / secondary special,Married,House / apartment,-13039,-3375,Laborers,7,4,1
5105610,0.0,C,F,N,Y,5,157500.0,Working,Secondary / secondary special,Married,House / apartment,-13039,-3375,Laborers,7,2,1
5105611,0.0,C,F,N,Y,5,157500.0,Working,Secondary / secondary special,Married,House / apartment,-13039,-3375,Laborers,7,2,1
5105612,0.0,0,F,N,Y,5,157500.0,Working,Secondary / secondary special,Married,House / apartment,-13039,-3375,Laborers,7,4,1
5105613,0.0,0,F,N,Y,5,157500.0,Working,Secondary / secondary special,Married,House / apartment,-13039,-3375,Laborers,7,4,1
5105614,0.0,C,F,Y,Y,2,135000.0,Working,Higher education,Married,House / apartment,-12334,-460,Accountants,4,0,1
5105616,0.0,0,F,Y,Y,2,135000.0,Working,Higher education,Married,House / apartment,-12334,-460,Accountants,4,1,1
5105619,0.0,C,F,N,N,3,135000.0,Working,Secondary / secondary special,Married,House / apartment,-13491,-552,Waiters/barmen staff,5,2,1
5105620,0.0,0,F,N,N,3,135000.0,Working,Secondary / secondary special,Married,House / apartment,-13491,-552,Waiters/barmen staff,5,4,1
5105621,0.0,0,F,N,N,3,135000.0,Working,Secondary / secondary special,Married,House / apartment,-13491,-552,Waiters/barmen staff,5,4,1
5105627,0.0,X,M,Y,N,2,382500.0,Commercial associate,Higher education,Married,House / apartment,-11526,-2622,Managers,4,3,2
5105629,0.0,C,M,Y,N,2,382500.0,Commercial associate,Higher education,Married,House / apartment,-11526,-2622,Managers,4,0,2
5105630,0.0,0,M,Y,N,2,382500.0,Commercial associate,Higher education,Married,House / apartment,-11526,-2622,Managers,4,3,2
5105654,0.0,X,M,Y,Y,0,202500.0,Working,Higher education,Married,House / apartment,-17585,-3017,Drivers,2,0,0
5105669,0.0,X,M,Y,N,0,225000.0,Commercial associate,Secondary / secondary special,Married,House / apartment,-13648,-4167,Drivers,2,1,0
5105675,0.0,C,F,N,N,1,135000.0,Working,Higher education,Married,With parents,-10263,-583,Secretaries,3,0,1
5105680,0.0,C,F,N,N,1,135000.0,Working,Higher education,Married,With parents,-10263,-583,Secretaries,3,0,1
5105681,0.0,X,F,N,N,1,135000.0,Working,Higher education,Married,With parents,-10263,-583,Secretaries,3,1,1
5105685,0.0,C,F,N,Y,2,144000.0,Working,Secondary / secondary special,Married,House / apartment,-14132,-2805,Private service staff,4,2,1
5105690,0.0,0,M,Y,Y,0,180000.0,Working,Higher education,Single / not married,Co-op apartment,-9427,-338,Drivers,1,1,0
5105691,0.0,0,M,Y,Y,0,180000.0,Working,Higher education,Single / not married,Co-op apartment,-9427,-338,Drivers,1,1,0
5116949,0.0,0,M,Y,Y,0,180000.0,Working,Higher education,Single / not married,Co-op apartment,-9427,-338,Drivers,1,1,0
5105693,0.0,C,M,N,N,0,180000.0,Commercial associate,Secondary / secondary special,Single / not married,House / apartment,-14507,-1283,Laborers,1,1,0
5105694,0.0,X,F,Y,N,0,225000.0,Working,Secondary / secondary special,Married,Municipal apartment,-12155,-667,Laborers,2,4,0
5105697,0.0,0,F,Y,N,0,225000.0,Working,Secondary / secondary special,Married,Municipal apartment,-12155,-667,Laborers,2,4,0
5105699,0.0,X,F,Y,N,0,225000.0,Working,Secondary / secondary special,Married,Municipal apartment,-12155,-667,Laborers,2,4,0
5105700,0.0,0,F,Y,N,0,225000.0,Working,Secondary / secondary special,Married,Municipal apartment,-12155,-667,Laborers,2,4,0
5105701,0.0,0,F,Y,N,0,225000.0,Working,Secondary / secondary special,Married,Municipal apartment,-12155,-667,Laborers,2,4,0
5105706,0.0,C,F,Y,N,0,225000.0,Working,Secondary / secondary special,Married,Municipal apartment,-12155,-667,Laborers,2,2,0
5105708,0.0,C,F,N,Y,0,180000.0,Working,Secondary / secondary special,Married,House / apartment,-13856,-3010,Laborers,2,2,0
5105709,0.0,X,F,N,Y,0,180000.0,Working,Secondary / secondary special,Married,House / apartment,-13856,-3010,Laborers,2,4,0
5105711,0.0,X,F,N,Y,0,180000.0,Working,Secondary / secondary special,Married,House / apartment,-13856,-3010,Laborers,2,4,0
5105713,0.0,C,F,N,Y,0,180000.0,Working,Secondary / secondary special,Married,House / apartment,-13856,-3010,Laborers,2,2,0
5105714,0.0,X,F,N,Y,0,180000.0,Working,Secondary / secondary special,Married,House / apartment,-13856,-3010,Laborers,2,4,0
5105715,0.0,C,F,N,Y,0,180000.0,Working,Secondary / secondary special,Married,House / apartment,-13856,-3010,Laborers,2,2,0
5105717,0.0,X,F,N,Y,0,180000.0,Working,Secondary / secondary special,Married,House / apartment,-13856,-3010,Laborers,2,4,0
5105718,0.0,0,F,N,Y,0,90000.0,Commercial associate,Secondary / secondary special,Civil marriage,House / apartment,-9036,-1191,Laborers,2,1,0
5105724,0.0,C,M,N,Y,2,270000.0,Working,Secondary / secondary special,Married,House / apartment,-13777,-460,Laborers,4,2,1
5105725,0.0,0,M,N,Y,2,270000.0,Working,Secondary / secondary special,Married,House / apartment,-13777,-460,Laborers,4,4,1
5105729,0.0,0,M,N,Y,2,270000.0,Working,Secondary / secondary special,Married,House / apartment,-13777,-460,Laborers,4,4,1
5116973,0.0,0,M,N,Y,2,270000.0,Working,Secondary / secondary special,Married,House / apartment,-13777,-460,Laborers,4,4,1
5116975,0.0,X,M,N,Y,2,270000.0,Working,Secondary / secondary special,Married,House / apartment,-13777,-460,Laborers,4,2,1
5105736,0.0,C,F,N,Y,0,180000.0,Working,Secondary / secondary special,Married,House / apartment,-14942,-825,Sales staff,2,2,0
5116986,0.0,C,F,N,Y,0,180000.0,Working,Secondary / secondary special,Married,House / apartment,-14942,-825,Sales staff,2,2,0
5105744,0.0,0,M,Y,N,2,112500.0,Working,Higher education,Married,House / apartment,-16044,-6693,High skill tech staff,4,0,1
5105745,0.0,0,M,Y,N,2,112500.0,Working,Higher education,Married,House / apartment,-16044,-6693,High skill tech staff,4,0,1
5105746,0.0,0,M,Y,N,2,112500.0,Working,Higher education,Married,House / apartment,-16044,-6693,High skill tech staff,4,0,1
5105748,0.0,0,M,Y,N,2,112500.0,Working,Higher education,Married,House / apartment,-16044,-6693,High skill tech staff,4,0,1
5105749,0.0,0,M,Y,N,2,112500.0,Working,Higher education,Married,House / apartment,-16044,-6693,High skill tech staff,4,0,1
5105753,0.0,0,M,Y,N,0,634500.0,Working,Higher education,Married,House / apartment,-17502,-2888,Managers,2,0,2
5105754,0.0,C,M,Y,N,0,634500.0,Working,Higher education,Married,House / apartment,-17502,-2888,Managers,2,0,2
5105755,0.0,X,M,Y,N,0,634500.0,Working,Higher education,Married,House / apartment,-17502,-2888,Managers,2,0,2
5105757,0.0,C,M,Y,N,0,360000.0,Working,Higher education,Married,House / apartment,-16379,-1033,High skill tech staff,2,0,2
5105761,0.0,0,M,Y,N,0,360000.0,Working,Higher education,Married,House / apartment,-16379,-1033,High skill tech staff,2,0,2
5105763,0.0,C,M,Y,N,2,180000.0,Commercial associate,Higher education,Married,House / apartment,-10958,-1945,Sales staff,4,0,1
5105764,0.0,C,M,Y,N,2,180000.0,Commercial associate,Higher education,Married,House / apartment,-10958,-1945,Sales staff,4,0,1
5105766,0.0,0,M,Y,N,2,180000.0,Commercial associate,Higher education,Married,House / apartment,-10958,-1945,Sales staff,4,3,1
5105767,0.0,C,M,Y,N,2,180000.0,Commercial associate,Higher education,Married,House / apartment,-10958,-1945,Sales staff,4,0,1
5105768,0.0,0,M,Y,N,2,180000.0,Commercial associate,Higher education,Married,House / apartment,-10958,-1945,Sales staff,4,3,1
5105770,0.0,C,F,N,N,0,450000.0,Working,Higher education,Separated,House / apartment,-19046,-1002,Core staff,1,0,2
5105772,0.0,C,F,N,N,0,450000.0,Working,Higher education,Separated,House / apartment,-19046,-1002,Core staff,1,0,2
5105773,0.0,C,F,N,N,0,450000.0,Working,Higher education,Separated,House / apartment,-19046,-1002,Core staff,1,0,2
5105774,0.0,C,F,Y,N,1,171000.0,Commercial associate,Higher education,Married,House / apartment,-11082,-1976,Accountants,3,3,1
5105775,0.0,X,F,Y,N,1,171000.0,Commercial associate,Higher education,Married,House / apartment,-11082,-1976,Accountants,3,3,1
5105780,0.0,X,F,Y,N,1,171000.0,Commercial associate,Higher education,Married,House / apartment,-11082,-1976,Accountants,3,3,1
5105783,0.0,C,M,Y,N,0,459000.0,Commercial associate,Secondary / secondary special,Married,House / apartment,-15980,-119,Drivers,2,0,2
5105785,0.0,C,M,Y,N,0,459000.0,Commercial associate,Secondary / secondary special,Married,House / apartment,-15980,-119,Drivers,2,0,2
5105786,0.0,0,M,Y,N,0,459000.0,Commercial associate,Secondary / secondary special,Married,House / apartment,-15980,-119,Drivers,2,1,2
5105790,0.0,X,M,N,N,0,121500.0,State servant,Incomplete higher,Single / not married,House / apartment,-8947,-1611,Laborers,1,1,0
5105791,0.0,0,M,N,N,0,121500.0,State servant,Incomplete higher,Single / not married,House / apartment,-8947,-1611,Laborers,1,1,0
5105804,0.0,0,F,Y,N,0,103500.0,Working,Secondary / secondary special,Married,House / apartment,-19785,-484,Laborers,2,4,0
5105805,0.0,C,F,Y,N,0,103500.0,Working,Secondary / secondary special,Married,House / apartment,-19785,-484,Laborers,2,2,0
5105819,0.0,C,M,Y,N,2,202500.0,Commercial associate,Higher education,Married,House / apartment,-11716,-460,Managers,4,0,1
5105823,0.0,0,F,N,N,0,67500.0,Working,Secondary / secondary special,Married,House / apartment,-9908,-2068,Sales staff,2,4,0
5105825,0.0,C,F,N,N,0,67500.0,Working,Secondary / secondary special,Married,House / apartment,-9908,-2068,Sales staff,2,2,0
5105826,0.0,C,F,N,N,0,67500.0,Working,Secondary / secondary special,Married,House / apartment,-9908,-2068,Sales staff,2,2,0
5105828,0.0,C,F,N,N,0,202500.0,Commercial associate,Higher education,Married,House / apartment,-17807,-3041,Accountants,2,3,0
5105835,0.0,C,F,N,N,0,202500.0,Commercial associate,Higher education,Married,House / apartment,-17807,-3041,Accountants,2,3,0
5105836,0.0,C,F,N,N,0,202500.0,Commercial associate,Higher education,Married,House / apartment,-17807,-3041,Accountants,2,3,0
5105837,0.0,X,F,N,N,0,202500.0,Commercial associate,Higher education,Married,House / apartment,-17807,-3041,Accountants,2,3,0
5105850,0.0,C,M,Y,N,0,247500.0,Working,Incomplete higher,Separated,House / apartment,-10370,-1550,Managers,1,0,0
5105851,0.0,0,M,Y,N,0,247500.0,Working,Incomplete higher,Separated,House / apartment,-10370,-1550,Managers,1,1,0
5105852,0.0,0,M,Y,N,0,247500.0,Working,Incomplete higher,Separated,House / apartment,-10370,-1550,Managers,1,1,0
5105853,0.0,0,M,Y,N,0,247500.0,Working,Incomplete higher,Separated,House / apartment,-10370,-1550,Managers,1,1,0
5105854,0.0,0,M,Y,N,0,247500.0,Working,Incomplete higher,Separated,House / apartment,-10370,-1550,Managers,1,1,0
5105855,0.0,0,M,Y,N,0,247500.0,Working,Incomplete higher,Separated,House / apartment,-10370,-1550,Managers,1,1,0
5105867,0.0,0,F,N,N,0,180000.0,Working,Secondary / secondary special,Married,House / apartment,-20450,-12995,Laborers,2,4,0
5105868,0.0,0,F,N,N,0,180000.0,Working,Secondary / secondary special,Married,House / apartment,-20450,-12995,Laborers,2,4,0
5105888,0.0,C,F,N,N,2,67500.0,State servant,Higher education,Married,House / apartment,-12231,-3072,Secretaries,4,3,1
5105889,0.0,0,F,N,N,2,67500.0,State servant,Higher education,Married,House / apartment,-12231,-3072,Secretaries,4,3,1
5105892,0.0,0,M,N,N,0,306000.0,Working,Secondary / secondary special,Married,House / apartment,-18635,-8643,Managers,2,4,2
5105893,0.0,0,M,N,N,0,306000.0,Working,Secondary / secondary special,Married,House / apartment,-18635,-8643,Managers,2,4,2
5105896,0.0,X,M,N,N,0,306000.0,Working,Secondary / secondary special,Married,House / apartment,-18635,-8643,Managers,2,2,2
5105897,0.0,C,M,N,N,0,306000.0,Working,Secondary / secondary special,Married,House / apartment,-18635,-8643,Managers,2,2,2
5105899,0.0,C,F,Y,N,0,112500.0,Working,Higher education,Married,With parents,-10475,-1792,Core staff,2,0,0
5105901,0.0,C,F,Y,N,0,112500.0,Working,Higher education,Married,With parents,-10475,-1792,Core staff,2,0,0
5105906,0.0,C,F,Y,N,0,112500.0,Working,Higher education,Married,With parents,-10475,-1792,Core staff,2,0,0
5105907,0.0,C,F,Y,N,0,112500.0,Working,Higher education,Married,With parents,-10475,-1792,Core staff,2,0,0
5105908,0.0,X,F,Y,N,0,112500.0,Working,Higher education,Married,With parents,-10475,-1792,Core staff,2,0,0
5105910,0.0,0,F,Y,N,0,112500.0,Working,Higher education,Married,With parents,-10475,-1792,Core staff,2,1,0
5105913,0.0,0,F,Y,N,0,112500.0,Working,Higher education,Married,With parents,-10475,-1792,Core staff,2,1,0
5105915,0.0,C,F,N,N,1,225000.0,Commercial associate,Secondary / secondary special,Civil marriage,House / apartment,-12640,-399,Accountants,3,1,1
5105916,0.0,C,F,N,N,1,225000.0,Commercial associate,Secondary / secondary special,Civil marriage,House / apartment,-12640,-399,Accountants,3,1,1
5105917,0.0,X,F,N,N,1,225000.0,Commercial associate,Secondary / secondary special,Civil marriage,House / apartment,-12640,-399,Accountants,3,1,1
5117014,0.0,C,F,N,N,1,225000.0,Commercial associate,Secondary / secondary special,Civil marriage,House / apartment,-12640,-399,Accountants,3,1,1
5105920,0.0,C,M,N,N,2,112500.0,Working,Secondary / secondary special,Married,Rented apartment,-14378,-1215,Laborers,4,2,1
5105921,0.0,C,M,N,N,2,112500.0,Working,Secondary / secondary special,Married,Rented apartment,-14378,-1215,Laborers,4,2,1
5105922,0.0,C,M,N,N,2,112500.0,Working,Secondary / secondary special,Married,Rented apartment,-14378,-1215,Laborers,4,2,1
5105923,0.0,C,M,N,N,1,135000.0,Commercial associate,Secondary / secondary special,Married,House / apartment,-11296,-727,Laborers,3,2,1
5105927,0.0,0,M,N,N,1,135000.0,Commercial associate,Secondary / secondary special,Married,House / apartment,-11296,-727,Laborers,3,1,1
5105928,0.0,0,F,N,N,0,180000.0,Working,Higher education,Married,House / apartment,-20188,-393,Core staff,2,1,0
5105929,0.0,0,F,N,N,0,180000.0,Working,Higher education,Married,House / apartment,-20188,-393,Core staff,2,1,0
5105930,0.0,C,M,N,N,0,112500.0,Working,Secondary / secondary special,Separated,House / apartment,-11295,-4441,Laborers,1,2,0
5105931,0.0,0,M,N,N,0,112500.0,Working,Secondary / secondary special,Separated,House / apartment,-11295,-4441,Laborers,1,4,0
5105933,0.0,0,M,Y,N,1,202500.0,Working,Secondary / secondary special,Married,House / apartment,-15974,-4867,Drivers,3,2,1
5105935,0.0,X,M,Y,N,1,202500.0,Working,Secondary / secondary special,Married,House / apartment,-15974,-4867,Drivers,3,2,1
5105936,0.0,C,M,Y,N,1,202500.0,Working,Secondary / secondary special,Married,House / apartment,-15974,-4867,Drivers,3,2,1
5105938,0.0,C,M,Y,N,1,202500.0,Working,Secondary / secondary special,Married,House / apartment,-15974,-4867,Drivers,3,2,1
5105939,0.0,C,M,Y,N,1,202500.0,Working,Secondary / secondary special,Married,House / apartment,-15974,-4867,Drivers,3,2,1
5105941,0.0,C,M,Y,N,1,202500.0,Working,Secondary / secondary special,Married,House / apartment,-15974,-4867,Drivers,3,2,1
5105942,0.0,0,M,Y,N,1,202500.0,Working,Secondary / secondary special,Married,House / apartment,-15974,-4867,Drivers,3,2,1
5105943,0.0,X,M,Y,N,1,202500.0,Working,Secondary / secondary special,Married,House / apartment,-15974,-4867,Drivers,3,2,1
5105945,0.0,C,F,N,N,0,72000.0,Working,Higher education,Married,House / apartment,-9667,-1338,Core staff,2,0,0
5105947,0.0,C,F,N,N,0,72000.0,Working,Higher education,Married,House / apartment,-9667,-1338,Core staff,2,0,0
5105948,0.0,C,F,N,N,0,72000.0,Working,Higher education,Married,House / apartment,-9667,-1338,Core staff,2,0,0
5105949,0.0,0,F,N,N,0,72000.0,Working,Higher education,Married,House / apartment,-9667,-1338,Core staff,2,1,0
5105950,0.0,C,M,N,N,0,184500.0,Working,Secondary / secondary special,Married,House / apartment,-14728,-303,Laborers,2,2,0
5105951,0.0,C,M,N,N,0,184500.0,Working,Secondary / secondary special,Married,House / apartment,-14728,-303,Laborers,2,2,0
5105952,0.0,C,F,N,N,0,121500.0,Working,Secondary / secondary special,Single / not married,House / apartment,-14287,-303,Laborers,1,4,0
5105954,0.0,0,F,N,N,1,112500.0,Working,Secondary / secondary special,Married,House / apartment,-11165,-2768,Laborers,3,4,1
5105955,0.0,0,F,N,N,1,112500.0,Working,Secondary / secondary special,Married,House / apartment,-11165,-2768,Laborers,3,4,1
5105957,0.0,C,F,N,N,0,63000.0,Working,Secondary / secondary special,Married,House / apartment,-15921,-8063,Laborers,2,2,0
5105958,0.0,C,F,N,N,0,63000.0,Working,Secondary / secondary special,Married,House / apartment,-15921,-8063,Laborers,2,2,0
5105959,0.0,0,F,N,N,0,63000.0,Working,Secondary / secondary special,Married,House / apartment,-15921,-8063,Laborers,2,4,0
5105962,0.0,C,F,Y,N,1,225000.0,Commercial associate,Higher education,Civil marriage,With parents,-9932,-668,Accountants,3,3,1
5105965,0.0,C,F,Y,N,1,225000.0,Commercial associate,Higher education,Civil marriage,With parents,-9932,-668,Accountants,3,3,1
5105968,0.0,C,F,Y,N,1,225000.0,Commercial associate,Higher education,Civil marriage,With parents,-9932,-668,Accountants,3,3,1
5105969,0.0,C,F,Y,N,1,225000.0,Commercial associate,Higher education,Civil marriage,With parents,-9932,-668,Accountants,3,3,1
5105970,0.0,X,F,Y,N,1,225000.0,Commercial associate,Higher education,Civil marriage,With parents,-9932,-668,Accountants,3,3,1
5105971,0.0,0,F,Y,N,1,225000.0,Commercial associate,Higher education,Civil marriage,With parents,-9932,-668,Accountants,3,3,1
5105976,0.0,C,M,N,N,0,225000.0,State servant,Secondary / secondary special,Married,House / apartment,-15108,-211,Drivers,2,2,0
5105977,0.0,C,M,N,N,0,225000.0,State servant,Secondary / secondary special,Married,House / apartment,-15108,-211,Drivers,2,2,0
5105979,0.0,C,M,N,N,0,225000.0,State servant,Secondary / secondary special,Married,House / apartment,-15108,-211,Drivers,2,2,0
5105980,0.0,C,M,N,N,0,225000.0,State servant,Secondary / secondary special,Married,House / apartment,-15108,-211,Drivers,2,2,0
5105982,0.0,C,M,N,N,0,225000.0,State servant,Secondary / secondary special,Married,House / apartment,-15108,-211,Drivers,2,2,0
5105991,0.0,C,M,N,N,0,90000.0,Working,Secondary / secondary special,Married,Municipal apartment,-13334,-2829,Laborers,2,2,0
5105993,0.0,0,M,N,N,0,90000.0,Working,Secondary / secondary special,Married,Municipal apartment,-13334,-2829,Laborers,2,4,0
5105994,0.0,X,M,N,N,0,90000.0,Working,Secondary / secondary special,Married,Municipal apartment,-13334,-2829,Laborers,2,4,0
5105995,0.0,0,M,N,N,0,90000.0,Working,Secondary / secondary special,Married,Municipal apartment,-13334,-2829,Laborers,2,4,0
5105997,0.0,X,F,Y,N,0,157500.0,Working,Incomplete higher,Married,With parents,-9116,-696,Drivers,2,0,0
5106000,0.0,X,F,Y,N,0,157500.0,Working,Incomplete higher,Married,With parents,-9116,-696,Drivers,2,0,0
5106004,0.0,0,F,Y,Y,2,67500.0,State servant,Higher education,Married,House / apartment,-11831,-3778,Core staff,4,3,1
5106005,0.0,C,M,N,N,0,103500.0,Working,Secondary / secondary special,Married,House / apartment,-14122,-187,Laborers,2,2,0
5106006,0.0,C,M,N,N,0,103500.0,Working,Secondary / secondary special,Married,House / apartment,-14122,-187,Laborers,2,2,0
5106007,0.0,C,M,Y,N,0,76500.0,Working,Secondary / secondary special,Married,House / apartment,-20816,-484,Laborers,2,2,0
5106008,0.0,0,M,Y,N,0,76500.0,Working,Secondary / secondary special,Married,House / apartment,-20816,-484,Laborers,2,2,0
5106014,0.0,C,M,Y,N,0,76500.0,Working,Secondary / secondary special,Married,House / apartment,-20816,-484,Laborers,2,2,0
5106016,0.0,0,F,N,Y,0,180000.0,Working,Secondary / secondary special,Married,House / apartment,-11827,-157,Laborers,2,4,0
5106028,0.0,C,F,N,Y,2,72000.0,Working,Secondary / secondary special,Married,House / apartment,-13985,-2341,Sales staff,4,2,1
5106032,0.0,0,M,Y,Y,0,306000.0,Working,Secondary / secondary special,Married,House / apartment,-19661,-369,Laborers,2,2,2
5106033,0.0,C,M,Y,Y,0,306000.0,Working,Secondary / secondary special,Married,House / apartment,-19661,-369,Laborers,2,2,2
5116867,0.0,0,M,Y,Y,0,306000.0,Working,Secondary / secondary special,Married,House / apartment,-19661,-369,Laborers,2,2,2
5116888,0.0,0,M,Y,Y,0,306000.0,Working,Secondary / secondary special,Married,House / apartment,-19661,-369,Laborers,2,2,2
5106037,0.0,C,M,Y,N,2,270000.0,Working,Secondary / secondary special,Married,House / apartment,-15207,-3201,Core staff,4,2,1
5106038,0.0,0,M,Y,N,2,270000.0,Working,Secondary / secondary special,Married,House / apartment,-15207,-3201,Core staff,4,4,1
5106039,0.0,X,M,Y,N,2,270000.0,Working,Secondary / secondary special,Married,House / apartment,-15207,-3201,Core staff,4,2,1
5106040,0.0,C,M,Y,N,2,270000.0,Working,Secondary / secondary special,Married,House / apartment,-15207,-3201,Core staff,4,2,1
5106041,0.0,C,M,Y,N,2,270000.0,Working,Secondary / secondary special,Married,House / apartment,-15207,-3201,Core staff,4,2,1
5106042,0.0,X,M,Y,N,2,270000.0,Working,Secondary / secondary special,Married,House / apartment,-15207,-3201,Core staff,4,2,1
5106043,0.0,C,F,N,N,0,157500.0,State servant,Higher education,Civil marriage,Municipal apartment,-18142,-3041,Core staff,2,3,0
5106050,0.0,C,F,Y,N,2,81000.0,Working,Higher education,Married,House / apartment,-12358,-3017,Sales staff,4,0,1
5106052,0.0,0,F,Y,N,2,81000.0,Working,Higher education,Married,House / apartment,-12358,-3017,Sales staff,4,1,1
5106053,0.0,0,F,Y,N,2,81000.0,Working,Higher education,Married,House / apartment,-12358,-3017,Sales staff,4,1,1
5106056,0.0,C,F,Y,N,2,81000.0,Working,Higher education,Married,House / apartment,-12358,-3017,Sales staff,4,0,1
5106057,0.0,C,F,Y,N,2,81000.0,Working,Higher education,Married,House / apartment,-12358,-3017,Sales staff,4,0,1
5106058,0.0,X,M,Y,N,0,261000.0,State servant,Higher education,Married,Municipal apartment,-11117,-2676,Core staff,2,3,2
5106059,0.0,X,M,Y,N,0,261000.0,State servant,Higher education,Married,Municipal apartment,-11117,-2676,Core staff,2,3,2
5106060,0.0,C,M,Y,N,0,261000.0,State servant,Higher education,Married,Municipal apartment,-11117,-2676,Core staff,2,0,2
5106062,0.0,X,M,Y,N,0,261000.0,State servant,Higher education,Married,Municipal apartment,-11117,-2676,Core staff,2,3,2
5106063,0.0,C,M,Y,N,0,261000.0,State servant,Higher education,Married,Municipal apartment,-11117,-2676,Core staff,2,0,2
5106064,0.0,0,M,Y,N,0,261000.0,State servant,Higher education,Married,Municipal apartment,-11117,-2676,Core staff,2,3,2
5106066,0.0,C,M,Y,N,0,261000.0,State servant,Higher education,Married,Municipal apartment,-11117,-2676,Core staff,2,0,2
5106069,0.0,0,M,Y,N,0,261000.0,State servant,Higher education,Married,Municipal apartment,-11117,-2676,Core staff,2,3,2
5106070,0.0,C,M,Y,N,0,261000.0,State servant,Higher education,Married,Municipal apartment,-11117,-2676,Core staff,2,0,2
5106071,0.0,X,M,Y,N,0,261000.0,State servant,Higher education,Married,Municipal apartment,-11117,-2676,Core staff,2,3,2
5106073,0.0,C,F,N,Y,0,135000.0,Commercial associate,Secondary / secondary special,Married,House / apartment,-19764,-6944,Medicine staff,2,1,0
5106075,0.0,C,F,N,Y,0,135000.0,Commercial associate,Secondary / secondary special,Married,House / apartment,-19764,-6944,Medicine staff,2,1,0
5106081,0.0,C,F,N,N,0,135000.0,Commercial associate,Higher education,Married,House / apartment,-13128,-2044,Laborers,2,3,0
5106082,0.0,X,F,N,N,0,135000.0,Commercial associate,Higher education,Married,House / apartment,-13128,-2044,Laborers,2,3,0
5106083,0.0,0,F,N,N,0,135000.0,Commercial associate,Higher education,Married,House / apartment,-13128,-2044,Laborers,2,3,0
5106084,0.0,C,M,N,N,0,126000.0,Working,Secondary / secondary special,Married,House / apartment,-21388,-1830,Security staff,2,2,0
5106085,0.0,C,M,N,N,0,126000.0,Working,Secondary / secondary special,Married,House / apartment,-21388,-1830,Security staff,2,2,0
5106086,0.0,C,M,N,N,0,126000.0,Working,Secondary / secondary special,Married,House / apartment,-21388,-1830,Security staff,2,2,0
5106087,0.0,0,M,N,N,0,126000.0,Working,Secondary / secondary special,Married,House / apartment,-21388,-1830,Security staff,2,4,0
5106088,0.0,C,M,N,N,0,126000.0,Working,Secondary / secondary special,Married,House / apartment,-21388,-1830,Security staff,2,2,0
5106089,0.0,0,M,N,N,0,126000.0,Working,Secondary / secondary special,Married,House / apartment,-21388,-1830,Security staff,2,4,0
5106092,0.0,X,M,N,Y,0,225000.0,Working,Secondary / secondary special,Single / not married,House / apartment,-15841,-1403,Managers,1,4,0
5106094,0.0,C,M,N,Y,0,225000.0,Working,Secondary / secondary special,Single / not married,House / apartment,-15841,-1403,Managers,1,2,0
5106095,0.0,C,M,Y,Y,1,135000.0,Commercial associate,Secondary / secondary special,Civil marriage,House / apartment,-17236,-430,Low-skill Laborers,3,0,1
5106096,0.0,0,M,Y,Y,1,135000.0,Commercial associate,Secondary / secondary special,Civil marriage,House / apartment,-17236,-430,Low-skill Laborers,3,1,1
5106106,0.0,0,M,Y,Y,0,180000.0,Working,Secondary / secondary special,Married,House / apartment,-18854,-948,Laborers,2,2,0
5106107,0.0,C,M,Y,Y,0,180000.0,Working,Secondary / secondary special,Married,House / apartment,-18854,-948,Laborers,2,2,0
5106113,0.0,C,F,Y,Y,1,135000.0,Working,Higher education,Married,House / apartment,-13467,-393,Core staff,3,0,1
5106116,0.0,C,F,Y,Y,1,135000.0,Working,Higher education,Married,House / apartment,-13467,-393,Core staff,3,0,1
5106117,0.0,C,F,Y,Y,1,135000.0,Working,Higher education,Married,House / apartment,-13467,-393,Core staff,3,0,1
5106118,0.0,0,F,Y,Y,1,135000.0,Working,Higher education,Married,House / apartment,-13467,-393,Core staff,3,1,1
5106120,0.0,C,F,N,Y,0,81000.0,Working,Secondary / secondary special,Married,House / apartment,-23383,-3352,Cleaning staff,2,2,0
5106121,0.0,C,F,N,Y,0,81000.0,Working,Secondary / secondary special,Married,House / apartment,-23383,-3352,Cleaning staff,2,2,0
5106122,0.0,C,F,N,Y,0,81000.0,Working,Secondary / secondary special,Married,House / apartment,-23383,-3352,Cleaning staff,2,2,0
5106128,0.0,C,M,Y,Y,0,202500.0,Working,Higher education,Married,House / apartment,-20809,-5141,Managers,2,0,0
5106129,0.0,C,M,Y,Y,0,202500.0,Working,Higher education,Married,House / apartment,-20809,-5141,Managers,2,0,0
5106134,0.0,C,M,Y,Y,0,202500.0,Working,Higher education,Married,House / apartment,-20809,-5141,Managers,2,0,0
5106135,0.0,0,M,Y,Y,0,202500.0,Working,Higher education,Married,House / apartment,-20809,-5141,Managers,2,0,0
5106136,0.0,0,M,Y,Y,0,202500.0,Working,Higher education,Married,House / apartment,-20809,-5141,Managers,2,0,0
5106137,0.0,C,M,Y,Y,0,126000.0,Working,Secondary / secondary special,Separated,House / apartment,-18512,-211,Drivers,1,2,0
5106140,0.0,C,M,Y,Y,0,126000.0,Working,Secondary / secondary special,Separated,House / apartment,-18512,-211,Drivers,1,2,0
5106146,0.0,0,M,Y,Y,0,360000.0,Working,Secondary / secondary special,Married,House / apartment,-13681,-1185,Drivers,2,2,2
5106148,0.0,X,M,Y,Y,0,135000.0,Working,Secondary / secondary special,Married,House / apartment,-14495,-3505,Laborers,2,2,0
5106152,0.0,C,M,Y,Y,0,135000.0,Working,Secondary / secondary special,Married,House / apartment,-14495,-3505,Laborers,2,2,0
5106153,0.0,C,M,Y,Y,0,135000.0,Working,Secondary / secondary special,Married,House / apartment,-14495,-3505,Laborers,2,2,0
5106154,0.0,C,M,Y,Y,0,135000.0,Working,Secondary / secondary special,Married,House / apartment,-14495,-3505,Laborers,2,2,0
5106155,0.0,0,M,Y,Y,0,135000.0,Working,Secondary / secondary special,Married,House / apartment,-14495,-3505,Laborers,2,2,0
5106156,0.0,C,M,Y,Y,0,135000.0,Working,Secondary / secondary special,Married,House / apartment,-14495,-3505,Laborers,2,2,0
5116989,0.0,C,M,Y,Y,0,135000.0,Working,Secondary / secondary special,Married,House / apartment,-14495,-3505,Laborers,2,2,0
5116990,0.0,C,M,Y,Y,0,135000.0,Working,Secondary / secondary special,Married,House / apartment,-14495,-3505,Laborers,2,2,0
5116991,0.0,0,M,Y,Y,0,135000.0,Working,Secondary / secondary special,Married,House / apartment,-14495,-3505,Laborers,2,2,0
5106157,0.0,C,M,Y,Y,0,472500.0,Working,Secondary / secondary special,Married,House / apartment,-19099,-3413,Managers,2,2,2
5106159,0.0,C,M,Y,Y,0,472500.0,Working,Secondary / secondary special,Married,House / apartment,-19099,-3413,Managers,2,2,2
5106164,0.0,X,M,Y,Y,0,472500.0,Working,Secondary / secondary special,Married,House / apartment,-19099,-3413,Managers,2,2,2
5106165,0.0,X,M,Y,Y,0,472500.0,Working,Secondary / secondary special,Married,House / apartment,-19099,-3413,Managers,2,2,2
5106166,0.0,0,M,Y,Y,0,472500.0,Working,Secondary / secondary special,Married,House / apartment,-19099,-3413,Managers,2,2,2
5111069,0.0,C,F,Y,Y,0,373500.0,Working,Secondary / secondary special,Widow,House / apartment,-20785,-1577,Accountants,1,2,2
5111071,0.0,C,F,Y,Y,0,373500.0,Working,Secondary / secondary special,Widow,House / apartment,-20785,-1577,Accountants,1,2,2
5111072,0.0,C,F,Y,Y,0,373500.0,Working,Secondary / secondary special,Widow,House / apartment,-20785,-1577,Accountants,1,2,2
5111076,0.0,0,F,Y,Y,0,373500.0,Working,Secondary / secondary special,Widow,House / apartment,-20785,-1577,Accountants,1,4,2
5111077,0.0,C,F,Y,Y,0,373500.0,Working,Secondary / secondary special,Widow,House / apartment,-20785,-1577,Accountants,1,2,2
5111078,0.0,C,F,Y,Y,0,373500.0,Working,Secondary / secondary special,Widow,House / apartment,-20785,-1577,Accountants,1,2,2
5111080,0.0,0,F,Y,Y,0,373500.0,Working,Secondary / secondary special,Widow,House / apartment,-20785,-1577,Accountants,1,4,2
5111087,0.0,C,M,N,Y,1,270000.0,Working,Secondary / secondary special,Married,House / apartment,-12910,-359,Drivers,3,2,1
5111091,0.0,C,M,N,Y,1,270000.0,Working,Secondary / secondary special,Married,House / apartment,-12910,-359,Drivers,3,2,1
5111094,0.0,0,M,N,Y,1,270000.0,Working,Secondary / secondary special,Married,House / apartment,-12910,-359,Drivers,3,4,1
5111095,0.0,C,F,N,N,0,112500.0,Working,Secondary / secondary special,Married,House / apartment,-10653,-3007,Core staff,2,2,0
5111096,0.0,C,F,N,N,0,112500.0,Working,Secondary / secondary special,Married,House / apartment,-10653,-3007,Core staff,2,2,0
5111098,0.0,C,F,Y,Y,2,67500.0,Working,Higher education,Married,Municipal apartment,-12262,-3038,Secretaries,4,0,1
5111099,0.0,0,F,Y,Y,2,67500.0,Working,Higher education,Married,Municipal apartment,-12262,-3038,Secretaries,4,1,1
5111100,0.0,C,F,Y,Y,2,67500.0,Working,Higher education,Married,Municipal apartment,-12262,-3038,Secretaries,4,0,1
5111101,0.0,C,F,N,Y,1,202500.0,Working,Secondary / secondary special,Married,House / apartment,-13086,-1212,Laborers,3,2,1
5111106,0.0,X,F,N,Y,0,202500.0,Commercial associate,Secondary / secondary special,Married,House / apartment,-17822,-1730,Managers,2,1,0
5111107,0.0,X,F,N,Y,0,202500.0,Commercial associate,Secondary / secondary special,Married,House / apartment,-17822,-1730,Managers,2,1,0
5111108,0.0,0,F,N,Y,0,202500.0,Commercial associate,Secondary / secondary special,Married,House / apartment,-17822,-1730,Managers,2,1,0
5111109,0.0,0,F,N,Y,0,202500.0,Commercial associate,Secondary / secondary special,Married,House / apartment,-17822,-1730,Managers,2,1,0
5111118,0.0,C,F,N,Y,1,315000.0,Working,Higher education,Married,House / apartment,-11602,-1455,Managers,3,0,2
5111119,0.0,0,F,N,Y,1,315000.0,Working,Higher education,Married,House / apartment,-11602,-1455,Managers,3,1,2
5111122,0.0,0,F,N,Y,1,315000.0,Working,Higher education,Married,House / apartment,-11602,-1455,Managers,3,1,2
5111125,0.0,X,F,N,Y,0,202500.0,Working,Higher education,Single / not married,House / apartment,-15598,-7786,Core staff,1,1,0
5111126,0.0,C,F,N,Y,0,202500.0,Working,Higher education,Single / not married,House / apartment,-15598,-7786,Core staff,1,0,0
5111127,0.0,C,F,N,Y,0,135000.0,Commercial associate,Secondary / secondary special,Married,House / apartment,-14904,-693,Sales staff,2,1,0
5111128,0.0,0,F,N,Y,0,135000.0,Commercial associate,Secondary / secondary special,Married,House / apartment,-14904,-693,Sales staff,2,1,0
5111131,0.0,0,M,Y,N,0,225000.0,Commercial associate,Higher education,Married,House / apartment,-15019,-6690,High skill tech staff,2,3,0
5111132,0.0,X,M,Y,N,0,225000.0,Commercial associate,Higher education,Married,House / apartment,-15019,-6690,High skill tech staff,2,3,0
5111133,0.0,0,M,Y,Y,1,90000.0,Working,Secondary / secondary special,Married,House / apartment,-14163,-2215,Drivers,3,2,1
5111134,0.0,X,M,Y,Y,1,90000.0,Working,Secondary / secondary special,Married,House / apartment,-14163,-2215,Drivers,3,2,1
5111135,0.0,0,M,Y,Y,1,90000.0,Working,Secondary / secondary special,Married,House / apartment,-14163,-2215,Drivers,3,2,1
5111137,0.0,0,M,Y,Y,1,90000.0,Working,Secondary / secondary special,Married,House / apartment,-14163,-2215,Drivers,3,2,1
5111138,0.0,0,M,Y,Y,1,90000.0,Working,Secondary / secondary special,Married,House / apartment,-14163,-2215,Drivers,3,2,1
5111146,0.0,C,M,Y,Y,0,270000.0,Working,Higher education,Married,House / apartment,-19579,-1028,Laborers,2,0,2
5111156,0.0,C,F,Y,Y,1,81000.0,Working,Higher education,Married,House / apartment,-10648,-1393,Core staff,3,0,1
5111157,0.0,C,F,Y,Y,1,81000.0,Working,Higher education,Married,House / apartment,-10648,-1393,Core staff,3,0,1
5111161,0.0,0,F,Y,Y,1,81000.0,Working,Higher education,Married,House / apartment,-10648,-1393,Core staff,3,1,1
5111163,0.0,C,F,Y,Y,1,81000.0,Working,Higher education,Married,House / apartment,-10648,-1393,Core staff,3,0,1
5111164,0.0,C,F,Y,Y,1,81000.0,Working,Higher education,Married,House / apartment,-10648,-1393,Core staff,3,0,1
5111167,0.0,C,M,Y,Y,4,67500.0,Working,Secondary / secondary special,Married,House / apartment,-13740,-2064,Core staff,6,2,1
5111172,0.0,C,M,Y,Y,0,225000.0,Working,Higher education,Married,Rented apartment,-10602,-481,Sales staff,2,0,0
5111173,0.0,0,M,Y,Y,0,225000.0,Working,Higher education,Married,Rented apartment,-10602,-481,Sales staff,2,0,0
5111182,0.0,0,F,N,Y,2,54000.0,Working,Higher education,Married,House / apartment,-11268,-4560,Cleaning staff,4,1,1
5111185,0.0,C,F,Y,N,1,225000.0,Working,Higher education,Married,With parents,-10959,-1881,Secretaries,3,0,1
5111186,0.0,C,F,Y,N,1,225000.0,Working,Higher education,Married,With parents,-10959,-1881,Secretaries,3,0,1
5111187,0.0,C,F,Y,N,1,225000.0,Working,Higher education,Married,With parents,-10959,-1881,Secretaries,3,0,1
5111188,0.0,C,F,Y,N,1,225000.0,Working,Higher education,Married,With parents,-10959,-1881,Secretaries,3,0,1
5111194,0.0,C,F,N,Y,0,216000.0,Working,Secondary / secondary special,Married,House / apartment,-18873,-12169,Laborers,2,2,0
5111195,0.0,C,F,N,Y,0,216000.0,Working,Secondary / secondary special,Married,House / apartment,-18873,-12169,Laborers,2,2,0
5111197,0.0,C,F,Y,Y,0,180000.0,Working,Secondary / secondary special,Married,House / apartment,-17455,-2642,Sales staff,2,2,0
5111200,0.0,C,F,Y,Y,0,180000.0,Working,Secondary / secondary special,Married,House / apartment,-17455,-2642,Sales staff,2,2,0
5111201,0.0,C,F,Y,Y,0,180000.0,Working,Secondary / secondary special,Married,House / apartment,-17455,-2642,Sales staff,2,2,0
5111203,0.0,C,F,Y,Y,0,180000.0,Working,Secondary / secondary special,Married,House / apartment,-17455,-2642,Sales staff,2,2,0
5111204,0.0,0,F,Y,Y,0,180000.0,Working,Secondary / secondary special,Married,House / apartment,-17455,-2642,Sales staff,2,4,0
5111205,0.0,C,F,N,Y,2,54000.0,Working,Secondary / secondary special,Married,House / apartment,-9690,-2307,Sales staff,4,2,1
5111206,0.0,C,F,N,Y,2,54000.0,Working,Secondary / secondary special,Married,House / apartment,-9690,-2307,Sales staff,4,2,1
5112606,0.0,X,F,N,Y,0,135000.0,State servant,Higher education,Married,House / apartment,-18964,-8671,Core staff,2,3,0
5112608,0.0,C,F,N,Y,0,135000.0,State servant,Higher education,Married,House / apartment,-18964,-8671,Core staff,2,3,0
5112609,0.0,0,F,N,Y,0,135000.0,State servant,Higher education,Married,House / apartment,-18964,-8671,Core staff,2,3,0
5112611,0.0,0,F,N,Y,0,135000.0,State servant,Higher education,Married,House / apartment,-18964,-8671,Core staff,2,3,0
5112614,0.0,C,M,Y,Y,0,180000.0,Commercial associate,Higher education,Civil marriage,House / apartment,-10338,-969,Core staff,2,3,0
5112615,0.0,C,M,Y,Y,0,180000.0,Commercial associate,Higher education,Civil marriage,House / apartment,-10338,-969,Core staff,2,3,0
5112616,0.0,0,M,Y,Y,0,180000.0,Commercial associate,Higher education,Civil marriage,House / apartment,-10338,-969,Core staff,2,3,0
5112621,0.0,C,F,N,Y,2,112500.0,Working,Secondary / secondary special,Married,House / apartment,-13814,-239,Cooking staff,4,2,1
5112622,0.0,0,F,N,Y,2,112500.0,Working,Secondary / secondary special,Married,House / apartment,-13814,-239,Cooking staff,4,4,1
5112623,0.0,C,F,N,Y,2,112500.0,Working,Secondary / secondary special,Married,House / apartment,-13814,-239,Cooking staff,4,2,1
5112624,0.0,0,F,N,Y,2,112500.0,Working,Secondary / secondary special,Married,House / apartment,-13814,-239,Cooking staff,4,4,1
5112625,0.0,0,F,N,Y,2,112500.0,Working,Secondary / secondary special,Married,House / apartment,-13814,-239,Cooking staff,4,4,1
5112626,0.0,C,F,N,Y,0,675000.0,Commercial associate,Higher education,Married,House / apartment,-19698,-4441,Managers,2,3,2
5112627,0.0,C,F,N,Y,0,675000.0,Commercial associate,Higher education,Married,House / apartment,-19698,-4441,Managers,2,3,2
5112628,0.0,C,F,N,Y,0,675000.0,Commercial associate,Higher education,Married,House / apartment,-19698,-4441,Managers,2,3,2
5112629,0.0,C,F,N,Y,0,675000.0,Commercial associate,Higher education,Married,House / apartment,-19698,-4441,Managers,2,3,2
5112630,0.0,X,F,N,Y,0,675000.0,Commercial associate,Higher education,Married,House / apartment,-19698,-4441,Managers,2,3,2
5112644,0.0,C,F,N,N,0,67500.0,Working,Secondary / secondary special,Married,With parents,-16182,-2827,Cooking staff,2,2,0
5112645,0.0,C,F,N,N,0,67500.0,Working,Secondary / secondary special,Married,With parents,-16182,-2827,Cooking staff,2,2,0
5112646,0.0,X,F,N,N,0,67500.0,Working,Secondary / secondary special,Married,With parents,-16182,-2827,Cooking staff,2,4,0
5112647,0.0,0,F,N,N,0,67500.0,Working,Secondary / secondary special,Married,With parents,-16182,-2827,Cooking staff,2,4,0
5112648,0.0,0,F,N,N,0,67500.0,Working,Secondary / secondary special,Married,With parents,-16182,-2827,Cooking staff,2,4,0
5112649,0.0,X,F,N,N,0,67500.0,Working,Secondary / secondary special,Married,With parents,-16182,-2827,Cooking staff,2,4,0
5112650,0.0,C,F,N,N,0,67500.0,Working,Secondary / secondary special,Married,With parents,-16182,-2827,Cooking staff,2,2,0
5112651,0.0,X,F,N,N,0,67500.0,Working,Secondary / secondary special,Married,With parents,-16182,-2827,Cooking staff,2,4,0
5112652,0.0,C,F,N,N,0,67500.0,Working,Secondary / secondary special,Married,With parents,-16182,-2827,Cooking staff,2,2,0
5112653,0.0,C,F,N,Y,0,112500.0,Working,Secondary / secondary special,Married,House / apartment,-16784,-2188,Sales staff,2,2,0
5112654,0.0,C,F,N,Y,0,112500.0,Working,Secondary / secondary special,Married,House / apartment,-16784,-2188,Sales staff,2,2,0
5112655,0.0,X,F,N,Y,0,112500.0,Working,Secondary / secondary special,Married,House / apartment,-16784,-2188,Sales staff,2,4,0
5112656,0.0,C,F,N,Y,0,112500.0,Working,Secondary / secondary special,Married,House / apartment,-16784,-2188,Sales staff,2,2,0
5112657,0.0,C,F,N,Y,0,112500.0,Working,Secondary / secondary special,Married,House / apartment,-16784,-2188,Sales staff,2,2,0
5112660,0.0,0,F,N,N,1,135000.0,Commercial associate,Secondary / secondary special,Married,House / apartment,-12269,-604,Managers,3,1,1
5112661,0.0,0,F,N,N,1,135000.0,Commercial associate,Secondary / secondary special,Married,House / apartment,-12269,-604,Managers,3,1,1
5112662,0.0,C,F,N,N,1,135000.0,Commercial associate,Secondary / secondary special,Married,House / apartment,-12269,-604,Managers,3,1,1
5112663,0.0,C,F,N,N,1,135000.0,Commercial associate,Secondary / secondary special,Married,House / apartment,-12269,-604,Managers,3,1,1
5112664,0.0,C,F,N,Y,0,148500.0,Working,Secondary / secondary special,Single / not married,House / apartment,-19826,-2888,High skill tech staff,1,4,0
5112665,0.0,0,F,N,Y,0,148500.0,Working,Secondary / secondary special,Single / not married,House / apartment,-19826,-2888,High skill tech staff,1,4,0
5112666,0.0,0,F,N,Y,0,148500.0,Working,Secondary / secondary special,Single / not married,House / apartment,-19826,-2888,High skill tech staff,1,4,0
5112672,0.0,C,F,N,Y,0,148500.0,Working,Secondary / secondary special,Single / not married,House / apartment,-19826,-2888,High skill tech staff,1,4,0
5112673,0.0,C,F,N,Y,0,148500.0,Working,Secondary / secondary special,Single / not married,House / apartment,-19826,-2888,High skill tech staff,1,4,0
5112674,0.0,C,F,N,Y,0,148500.0,Working,Secondary / secondary special,Single / not married,House / apartment,-19826,-2888,High skill tech staff,1,4,0
5112675,0.0,0,F,N,Y,0,148500.0,Working,Secondary / secondary special,Single / not married,House / apartment,-19826,-2888,High skill tech staff,1,4,0
5112676,0.0,C,F,N,Y,0,148500.0,Working,Secondary / secondary special,Single / not married,House / apartment,-19826,-2888,High skill tech staff,1,4,0
5112677,0.0,C,F,N,Y,0,148500.0,Working,Secondary / secondary special,Single / not married,House / apartment,-19826,-2888,High skill tech staff,1,4,0
5112695,0.0,C,F,N,Y,0,135000.0,Commercial associate,Secondary / secondary special,Single / not married,House / apartment,-17207,-2796,Sales staff,1,1,0
5112696,0.0,C,F,N,Y,0,135000.0,Commercial associate,Secondary / secondary special,Single / not married,House / apartment,-17207,-2796,Sales staff,1,1,0
5112699,0.0,C,F,N,Y,0,135000.0,Commercial associate,Secondary / secondary special,Single / not married,House / apartment,-17207,-2796,Sales staff,1,1,0
5112700,0.0,0,F,N,Y,0,135000.0,Commercial associate,Secondary / secondary special,Single / not married,House / apartment,-17207,-2796,Sales staff,1,1,0
5112701,0.0,C,F,N,Y,0,135000.0,Commercial associate,Secondary / secondary special,Single / not married,House / apartment,-17207,-2796,Sales staff,1,1,0
5112702,0.0,X,F,N,Y,0,135000.0,Commercial associate,Secondary / secondary special,Single / not married,House / apartment,-17207,-2796,Sales staff,1,1,0
5112703,0.0,C,F,N,Y,0,135000.0,Commercial associate,Secondary / secondary special,Single / not married,House / apartment,-17207,-2796,Sales staff,1,1,0
5112705,0.0,X,M,N,Y,0,157500.0,Working,Secondary / secondary special,Civil marriage,With parents,-9353,-239,Laborers,2,4,0
5112715,0.0,C,F,N,Y,2,90000.0,Working,Higher education,Married,House / apartment,-14643,-3922,Core staff,4,0,1
5112716,0.0,X,F,N,N,1,90000.0,Working,Secondary / secondary special,Married,House / apartment,-14701,-4135,High skill tech staff,3,4,1
5112717,0.0,C,F,N,N,1,90000.0,Working,Secondary / secondary special,Married,House / apartment,-14701,-4135,High skill tech staff,3,2,1
5112724,0.0,0,F,N,Y,0,144000.0,Working,Secondary / secondary special,Married,House / apartment,-18841,-4166,High skill tech staff,2,4,0
5112725,0.0,0,F,N,Y,0,144000.0,Working,Secondary / secondary special,Married,House / apartment,-18841,-4166,High skill tech staff,2,4,0
5112726,0.0,0,F,N,Y,0,144000.0,Working,Secondary / secondary special,Married,House / apartment,-18841,-4166,High skill tech staff,2,4,0
5112729,0.0,C,F,N,Y,0,144000.0,Working,Secondary / secondary special,Married,House / apartment,-18841,-4166,High skill tech staff,2,2,0
5112730,0.0,X,F,N,Y,0,144000.0,Working,Secondary / secondary special,Married,House / apartment,-18841,-4166,High skill tech staff,2,4,0
5112731,0.0,0,F,N,Y,0,144000.0,Working,Secondary / secondary special,Married,House / apartment,-18841,-4166,High skill tech staff,2,4,0
5112732,0.0,C,F,N,Y,0,144000.0,Working,Secondary / secondary special,Married,House / apartment,-18841,-4166,High skill tech staff,2,2,0
5112733,0.0,X,M,Y,Y,0,315000.0,Working,Higher education,Married,House / apartment,-18335,-2796,Drivers,2,0,2
5112734,0.0,0,M,Y,Y,0,315000.0,Working,Higher education,Married,House / apartment,-18335,-2796,Drivers,2,0,2
5112735,0.0,C,M,Y,Y,0,315000.0,Working,Higher education,Married,House / apartment,-18335,-2796,Drivers,2,0,2
5112736,0.0,C,M,Y,Y,0,315000.0,Working,Higher education,Married,House / apartment,-18335,-2796,Drivers,2,0,2
5112737,0.0,C,M,Y,Y,0,315000.0,Working,Higher education,Married,House / apartment,-18335,-2796,Drivers,2,0,2
5112738,0.0,0,M,Y,Y,0,315000.0,Working,Higher education,Married,House / apartment,-18335,-2796,Drivers,2,0,2
5112740,0.0,C,M,Y,Y,0,315000.0,Working,Higher education,Married,House / apartment,-18335,-2796,Drivers,2,0,2
5112741,0.0,C,M,Y,Y,0,315000.0,Working,Higher education,Married,House / apartment,-18335,-2796,Drivers,2,0,2
5112742,0.0,0,M,Y,Y,0,315000.0,Working,Higher education,Married,House / apartment,-18335,-2796,Drivers,2,0,2
5112743,0.0,0,M,Y,Y,0,315000.0,Working,Higher education,Married,House / apartment,-18335,-2796,Drivers,2,0,2
5112744,0.0,C,M,Y,Y,0,315000.0,Working,Higher education,Married,House / apartment,-18335,-2796,Drivers,2,0,2
5112745,0.0,C,M,Y,Y,0,315000.0,Working,Higher education,Married,House / apartment,-18335,-2796,Drivers,2,0,2
5112746,0.0,C,M,Y,Y,0,315000.0,Working,Higher education,Married,House / apartment,-18335,-2796,Drivers,2,0,2
5112747,0.0,C,M,Y,Y,0,315000.0,Working,Higher education,Married,House / apartment,-18335,-2796,Drivers,2,0,2
5112748,0.0,C,M,Y,Y,0,315000.0,Working,Higher education,Married,House / apartment,-18335,-2796,Drivers,2,0,2
5112752,0.0,X,F,N,N,1,72000.0,Working,Secondary / secondary special,Married,House / apartment,-12758,-148,Sales staff,3,4,1
5112754,0.0,C,F,N,N,1,72000.0,Working,Secondary / secondary special,Married,House / apartment,-12758,-148,Sales staff,3,2,1
5112755,0.0,C,F,N,N,1,72000.0,Working,Secondary / secondary special,Married,House / apartment,-12758,-148,Sales staff,3,2,1
5112756,0.0,C,F,N,N,1,72000.0,Working,Secondary / secondary special,Married,House / apartment,-12758,-148,Sales staff,3,2,1
5112796,0.0,0,F,Y,Y,0,382500.0,Working,Secondary / secondary special,Single / not married,House / apartment,-11298,-4714,Laborers,1,4,2
5112798,0.0,C,F,Y,Y,0,382500.0,Working,Secondary / secondary special,Single / not married,House / apartment,-11298,-4714,Laborers,1,2,2
5112799,0.0,0,F,Y,Y,0,382500.0,Working,Secondary / secondary special,Single / not married,House / apartment,-11298,-4714,Laborers,1,4,2
5112801,0.0,C,M,Y,Y,1,292500.0,Working,Secondary / secondary special,Married,House / apartment,-16666,-4469,Laborers,3,2,2
5112802,0.0,C,M,Y,Y,1,292500.0,Working,Secondary / secondary special,Married,House / apartment,-16666,-4469,Laborers,3,2,2
5112803,0.0,X,M,Y,Y,1,292500.0,Working,Secondary / secondary special,Married,House / apartment,-16666,-4469,Laborers,3,2,2
5112805,0.0,0,M,Y,Y,1,292500.0,Working,Secondary / secondary special,Married,House / apartment,-16666,-4469,Laborers,3,2,2
5112806,0.0,1,M,Y,Y,1,292500.0,Working,Secondary / secondary special,Married,House / apartment,-16666,-4469,Laborers,3,1,0
5112807,0.0,C,M,Y,Y,1,292500.0,Working,Secondary / secondary special,Married,House / apartment,-16666,-4469,Laborers,3,2,2
5112813,0.0,X,F,N,Y,0,121500.0,Working,Secondary / secondary special,Married,House / apartment,-14866,-5992,Medicine staff,2,4,0
5112814,0.0,X,F,N,Y,0,121500.0,Working,Secondary / secondary special,Married,House / apartment,-14866,-5992,Medicine staff,2,4,0
5112815,0.0,X,F,N,Y,0,121500.0,Working,Secondary / secondary special,Married,House / apartment,-14866,-5992,Medicine staff,2,4,0
5112817,0.0,C,F,N,Y,0,121500.0,Working,Secondary / secondary special,Married,House / apartment,-14866,-5992,Medicine staff,2,2,0
5112818,0.0,C,F,N,Y,0,121500.0,Working,Secondary / secondary special,Married,House / apartment,-14866,-5992,Medicine staff,2,2,0
5112819,0.0,C,F,N,Y,0,121500.0,Working,Secondary / secondary special,Married,House / apartment,-14866,-5992,Medicine staff,2,2,0
5112820,0.0,C,F,N,Y,0,121500.0,Working,Secondary / secondary special,Married,House / apartment,-14866,-5992,Medicine staff,2,2,0
5112821,0.0,C,F,N,Y,0,121500.0,Working,Secondary / secondary special,Married,House / apartment,-14866,-5992,Medicine staff,2,2,0
5112825,0.0,C,F,N,Y,0,90000.0,Commercial associate,Secondary / secondary special,Married,House / apartment,-9994,-1427,Sales staff,2,1,0
5112831,0.0,C,F,N,Y,1,90000.0,Commercial associate,Secondary / secondary special,Married,With parents,-11644,-635,Sales staff,3,1,1
5112832,0.0,0,F,N,Y,1,90000.0,Commercial associate,Secondary / secondary special,Married,With parents,-11644,-635,Sales staff,3,1,1
5112833,0.0,C,F,N,Y,1,90000.0,Working,Secondary / secondary special,Separated,With parents,-13200,-1017,Sales staff,2,4,0
5112835,0.0,C,F,N,Y,2,157500.0,Working,Secondary / secondary special,Married,House / apartment,-15282,-3270,Laborers,4,2,1
5112837,0.0,X,F,Y,Y,1,90000.0,Commercial associate,Secondary / secondary special,Married,With parents,-11908,-348,Realty agents,3,1,1
5112838,0.0,C,F,N,Y,0,202500.0,Working,Higher education,Married,House / apartment,-15903,-2051,Accountants,2,0,0
5112840,0.0,0,F,N,Y,1,135000.0,Working,Secondary / secondary special,Married,House / apartment,-12080,-1624,Medicine staff,3,4,1
5112842,0.0,C,F,Y,Y,0,427500.0,Working,Higher education,Married,House / apartment,-20052,-2507,Accountants,2,0,2
5112844,0.0,C,M,Y,Y,0,247500.0,Working,Higher education,Married,House / apartment,-19195,-10692,Managers,2,0,2
5112848,0.0,0,F,N,Y,0,112500.0,Working,Secondary / secondary special,Married,House / apartment,-13217,-98,Sales staff,2,4,0
5112850,0.0,0,F,Y,Y,0,180000.0,Working,Secondary / secondary special,Married,House / apartment,-12172,-1681,Managers,2,4,0
5112852,0.0,1,F,N,Y,0,180000.0,Commercial associate,Secondary / secondary special,Married,House / apartment,-18856,-7130,Laborers,2,1,0
5112854,0.0,X,F,N,Y,1,202500.0,Working,Secondary / secondary special,Married,House / apartment,-14305,-3846,Sales staff,3,4,1
5112855,0.0,0,F,Y,Y,0,279000.0,Working,Higher education,Married,House / apartment,-9949,-1229,IT staff,2,1,2
5112856,0.0,0,F,Y,Y,0,225000.0,Working,Secondary / secondary special,Married,House / apartment,-11010,-4271,Laborers,2,4,0
5112858,0.0,0,F,Y,N,1,270000.0,Working,Secondary / secondary special,Civil marriage,House / apartment,-12380,-2110,Laborers,3,4,1
5112865,0.0,C,M,Y,Y,2,135000.0,Working,Higher education,Married,House / apartment,-13784,-1773,High skill tech staff,4,0,1
5112867,0.0,0,F,N,N,0,157500.0,Working,Higher education,Single / not married,House / apartment,-16789,-738,Sales staff,1,1,0
5112869,0.0,0,M,Y,Y,0,270000.0,Commercial associate,Secondary / secondary special,Civil marriage,House / apartment,-8404,-923,Laborers,2,1,0
5112870,0.0,0,M,Y,Y,1,360000.0,Working,Secondary / secondary special,Married,House / apartment,-20998,-2932,Laborers,3,2,2
5112872,0.0,C,F,Y,Y,0,360000.0,Commercial associate,Higher education,Single / not married,House / apartment,-20929,-2046,Managers,1,3,2
5112873,0.0,C,F,Y,Y,0,143100.0,State servant,Higher education,Married,House / apartment,-18400,-10052,IT staff,2,0,0
5112877,0.0,C,M,N,Y,1,180000.0,Working,Secondary / secondary special,Married,House / apartment,-12039,-1773,High skill tech staff,3,2,1
5112885,0.0,C,F,N,Y,0,87750.0,Working,Secondary / secondary special,Married,House / apartment,-19855,-893,Cleaning staff,2,2,0
5112888,0.0,X,F,N,Y,0,126000.0,Commercial associate,Higher education,Civil marriage,With parents,-10959,-1073,Laborers,2,3,0
5112889,0.0,C,F,N,Y,0,135000.0,Working,Secondary / secondary special,Married,House / apartment,-19366,-432,Managers,2,2,0
5112903,0.0,C,M,N,N,1,202500.0,State servant,Secondary / secondary special,Married,House / apartment,-13559,-4846,Core staff,3,0,1
5112905,0.0,0,F,N,Y,0,180000.0,Commercial associate,Secondary / secondary special,Married,House / apartment,-22895,-15713,Medicine staff,2,1,0
5112907,0.0,0,M,N,Y,2,292500.0,Working,Secondary / secondary special,Married,House / apartment,-12580,-647,Laborers,4,4,1
5112910,0.0,X,M,Y,N,0,157500.0,State servant,Secondary / secondary special,Married,House / apartment,-12844,-1198,Drivers,2,2,0
5112912,0.0,C,F,N,Y,0,292500.0,State servant,Higher education,Married,House / apartment,-18309,-11332,Managers,2,3,2
5112915,0.0,0,F,N,Y,1,225000.0,Commercial associate,Secondary / secondary special,Married,House / apartment,-13997,-677,Managers,3,1,1
5112917,0.0,C,F,N,Y,0,337500.0,Commercial associate,Secondary / secondary special,Widow,House / apartment,-21407,-3877,Accountants,1,1,2
5112920,0.0,C,M,Y,Y,3,256500.0,Working,Secondary / secondary special,Married,House / apartment,-13084,-1561,Drivers,5,2,1
5112921,0.0,X,F,Y,Y,1,202500.0,Working,Higher education,Married,House / apartment,-14449,-4605,Core staff,3,0,1
5112926,0.0,0,F,N,Y,0,315000.0,State servant,Secondary / secondary special,Married,House / apartment,-19332,-3022,Core staff,2,1,2
5112928,0.0,0,M,Y,Y,0,202500.0,Working,Secondary / secondary special,Single / not married,House / apartment,-10735,-3416,Drivers,1,4,0
5112931,0.0,X,F,Y,Y,0,270000.0,Working,Secondary / secondary special,Married,House / apartment,-19444,-1315,Laborers,2,2,0
5112933,0.0,C,M,Y,Y,0,540000.0,Working,Secondary / secondary special,Civil marriage,House / apartment,-19390,-2899,Laborers,2,2,2
5112935,0.0,0,M,N,Y,0,211500.0,Commercial associate,Higher education,Married,House / apartment,-23248,-5576,Laborers,2,3,0
5112940,0.0,C,M,Y,Y,0,180000.0,Working,Secondary / secondary special,Married,House / apartment,-8746,-1193,IT staff,2,2,0
5112941,0.0,C,M,Y,Y,1,270000.0,Working,Higher education,Married,House / apartment,-13708,-97,Drivers,3,0,1
5112948,0.0,X,M,Y,Y,1,1125000.0,Working,Higher education,Married,House / apartment,-16616,-1624,Managers,3,0,2
5112954,0.0,X,M,N,Y,0,225000.0,Working,Secondary / secondary special,Married,House / apartment,-20910,-616,Laborers,2,2,0
5112957,0.0,C,F,N,Y,0,157500.0,Working,Secondary / secondary special,Married,House / apartment,-13427,-2686,High skill tech staff,2,2,0
5112960,0.0,C,M,Y,Y,0,382500.0,Working,Higher education,Married,House / apartment,-10755,-3352,Core staff,2,0,2
5112961,0.0,C,M,Y,Y,1,135000.0,Working,Secondary / secondary special,Married,House / apartment,-12443,-1618,Core staff,3,2,1
5112962,0.0,C,F,N,Y,1,67500.0,Working,Secondary / secondary special,Single / not married,House / apartment,-13156,-1192,Cooking staff,2,4,0
5112968,0.0,X,M,Y,N,0,315000.0,Working,Secondary / secondary special,Married,House / apartment,-14998,-4663,Laborers,2,2,2
5112972,0.0,0,F,N,N,0,108000.0,State servant,Secondary / secondary special,Married,House / apartment,-18235,-10629,Medicine staff,2,1,0
5112976,0.0,0,M,Y,N,0,360000.0,Commercial associate,Secondary / secondary special,Married,House / apartment,-15954,-2440,Drivers,2,1,2
5112977,0.0,C,F,Y,N,0,157500.0,Working,Secondary / secondary special,Married,House / apartment,-14420,-2593,Private service staff,2,2,0
5112978,0.0,C,M,N,N,0,202500.0,Commercial associate,Secondary / secondary special,Married,House / apartment,-20079,-3505,Laborers,2,2,0
5112983,0.0,C,F,N,Y,0,202500.0,Working,Secondary / secondary special,Separated,House / apartment,-18247,-9599,Cleaning staff,1,4,0
5112984,0.0,0,F,N,N,0,180000.0,Working,Secondary / secondary special,Married,House / apartment,-22326,-1230,Cleaning staff,2,4,0
5112989,0.0,C,F,Y,Y,0,90000.0,Working,Secondary / secondary special,Civil marriage,With parents,-9598,-1134,Cleaning staff,2,2,0
5112990,0.0,C,M,Y,Y,0,202500.0,Working,Higher education,Married,House / apartment,-22655,-3903,Managers,2,0,0
5112991,0.0,C,F,N,Y,0,247500.0,Commercial associate,Higher education,Single / not married,House / apartment,-11632,-2686,Cooking staff,1,3,0
5112992,0.0,C,M,Y,Y,0,202500.0,Working,Secondary / secondary special,Married,House / apartment,-20689,-708,Laborers,2,2,0
5112993,0.0,0,F,Y,Y,0,180000.0,Working,Lower secondary,Married,House / apartment,-15699,-555,Sales staff,2,1,0
5113003,0.0,X,F,Y,N,2,157500.0,Working,Secondary / secondary special,Married,House / apartment,-12344,-4634,Accountants,4,4,1
5113006,0.0,C,M,Y,N,1,112500.0,Working,Secondary / secondary special,Married,House / apartment,-19584,-2199,Laborers,3,2,1
5113007,0.0,C,F,N,N,1,171000.0,Working,Secondary / secondary special,Single / not married,House / apartment,-9064,-1681,Laborers,2,4,0
5113010,0.0,0,M,N,N,0,180000.0,Working,Secondary / secondary special,Married,House / apartment,-21813,-4391,Low-skill Laborers,2,4,0
5113011,0.0,C,M,Y,N,0,90000.0,Commercial associate,Secondary / secondary special,Married,House / apartment,-11435,-2046,Laborers,2,0,0
5113015,0.0,X,F,N,Y,1,112500.0,Working,Secondary / secondary special,Married,Municipal apartment,-16959,-3630,Medicine staff,3,4,1
5113016,0.0,C,F,Y,N,2,270000.0,Working,Secondary / secondary special,Separated,House / apartment,-13281,-312,Laborers,3,2,1
5113020,0.0,0,M,Y,Y,0,202500.0,State servant,Secondary / secondary special,Married,House / apartment,-14622,-2199,Core staff,2,1,0
5113023,0.0,X,F,Y,Y,0,99000.0,Working,Secondary / secondary special,Married,House / apartment,-17200,-2960,Secretaries,2,4,0
5113024,0.0,C,F,N,Y,0,90000.0,State servant,Secondary / secondary special,Married,House / apartment,-13580,-5790,Medicine staff,2,1,0
5113028,0.0,0,M,Y,Y,1,292500.0,Working,Higher education,Married,House / apartment,-14687,-4664,Security staff,3,0,2
5113035,0.0,0,F,N,Y,0,112500.0,Commercial associate,Higher education,Married,House / apartment,-20344,-10452,Core staff,2,3,0
5113037,0.0,C,F,N,Y,0,247500.0,Working,Secondary / secondary special,Married,House / apartment,-14943,-159,Sales staff,2,2,0
5113039,0.0,C,F,N,Y,0,153000.0,Working,Higher education,Separated,House / apartment,-14966,-7921,Managers,1,0,0
5113040,0.0,C,F,N,Y,0,229500.0,Working,Higher education,Widow,House / apartment,-12660,-5455,Laborers,1,0,0
5113060,0.0,C,F,N,N,2,135000.0,Working,Secondary / secondary special,Separated,Municipal apartment,-14677,-5361,Cleaning staff,3,4,1
5113074,0.0,0,F,N,Y,0,225000.0,State servant,Secondary / secondary special,Separated,House / apartment,-19690,-12423,Medicine staff,1,1,0
5113076,0.0,0,M,N,Y,0,360000.0,Commercial associate,Higher education,Married,House / apartment,-19572,-3078,Managers,2,3,2
5113077,0.0,C,F,Y,Y,1,112500.0,Commercial associate,Secondary / secondary special,Married,House / apartment,-13341,-4235,Accountants,3,0,1
5113078,0.0,0,M,Y,Y,1,360000.0,Working,Secondary / secondary special,Single / not married,House / apartment,-14949,-7522,Drivers,2,4,2
5113081,0.0,C,F,N,Y,1,112500.0,Working,Higher education,Single / not married,House / apartment,-15303,-1131,Core staff,2,0,0
5113082,0.0,C,F,N,Y,1,112500.0,Working,Higher education,Single / not married,House / apartment,-15303,-1131,Core staff,2,0,0
5113094,0.0,C,M,Y,Y,1,225000.0,Commercial associate,Secondary / secondary special,Married,House / apartment,-14986,-856,Laborers,3,0,1
5113113,0.0,C,M,Y,Y,0,202500.0,Working,Secondary / secondary special,Married,House / apartment,-15423,-3231,Laborers,2,2,0
5113114,0.0,C,M,Y,Y,0,202500.0,Working,Secondary / secondary special,Married,House / apartment,-15423,-3231,Laborers,2,2,0
5113116,0.0,C,F,N,Y,0,630000.0,State servant,Higher education,Married,House / apartment,-21343,-4631,Managers,2,3,2
5113127,0.0,X,F,Y,Y,0,315000.0,Commercial associate,Higher education,Married,House / apartment,-12883,-3627,Managers,2,3,2
5113130,0.0,C,F,Y,Y,0,315000.0,Commercial associate,Higher education,Married,House / apartment,-12883,-3627,Managers,2,3,2
5113132,0.0,0,F,Y,Y,0,360000.0,Commercial associate,Secondary / secondary special,Married,House / apartment,-19033,-3535,Sales staff,2,1,2
5113152,0.0,X,F,Y,Y,0,135000.0,Commercial associate,Higher education,Married,House / apartment,-17162,-1921,Sales staff,2,3,0
5113153,0.0,0,F,Y,Y,0,135000.0,Commercial associate,Higher education,Married,House / apartment,-17162,-1921,Sales staff,2,3,0
5113154,0.0,0,F,N,Y,0,45000.0,Commercial associate,Secondary / secondary special,Married,House / apartment,-13378,-1009,Managers,2,1,0
5113164,0.0,C,M,Y,Y,0,675000.0,Working,Higher education,Married,House / apartment,-20131,-3535,Managers,2,0,2
5113167,0.0,0,F,N,Y,0,225000.0,Working,Higher education,Married,House / apartment,-12941,-1921,Managers,2,1,0
5113169,0.0,C,F,Y,Y,1,405000.0,Working,Higher education,Married,House / apartment,-15276,-3323,Accountants,3,0,2
5113180,0.0,0,M,Y,Y,0,135000.0,Commercial associate,Higher education,Civil marriage,House / apartment,-17538,-613,Core staff,2,3,0
5113181,0.0,C,M,Y,Y,0,135000.0,Commercial associate,Higher education,Civil marriage,House / apartment,-17538,-613,Core staff,2,3,0
5113186,0.0,C,F,N,Y,1,76500.0,Working,Secondary / secondary special,Married,House / apartment,-13556,-552,Medicine staff,3,2,1
5113215,0.0,C,F,N,Y,0,103500.0,Working,Higher education,Single / not married,House / apartment,-10111,-1160,Laborers,1,0,0
5113226,0.0,X,F,N,Y,0,202500.0,Working,Secondary / secondary special,Married,House / apartment,-15231,-370,Sales staff,2,4,0
5113227,0.0,X,F,Y,Y,2,387000.0,Commercial associate,Secondary / secondary special,Married,House / apartment,-15107,-279,Accountants,4,1,1
5113237,0.0,C,F,N,Y,1,175500.0,Working,Secondary / secondary special,Married,House / apartment,-16704,-132,Cleaning staff,3,2,1
5113239,0.0,C,F,N,Y,1,175500.0,Working,Secondary / secondary special,Married,House / apartment,-16704,-132,Cleaning staff,3,2,1
5113240,0.0,C,F,N,Y,1,175500.0,Working,Secondary / secondary special,Married,House / apartment,-16704,-132,Cleaning staff,3,2,1
5113243,0.0,0,F,N,Y,1,175500.0,Working,Secondary / secondary special,Married,House / apartment,-16704,-132,Cleaning staff,3,4,1
5113244,0.0,0,F,N,Y,1,175500.0,Working,Secondary / secondary special,Married,House / apartment,-16704,-132,Cleaning staff,3,4,1
5113245,0.0,C,F,N,Y,1,175500.0,Working,Secondary / secondary special,Married,House / apartment,-16704,-132,Cleaning staff,3,2,1
5113246,0.0,0,M,N,Y,1,360000.0,Working,Higher education,Separated,House / apartment,-13913,-619,High skill tech staff,2,1,2
5113249,0.0,C,M,N,Y,1,360000.0,Working,Higher education,Separated,House / apartment,-13913,-619,High skill tech staff,2,0,2
5113251,0.0,C,F,Y,Y,0,247500.0,Working,Secondary / secondary special,Single / not married,With parents,-11770,-285,Sales staff,1,2,0
5113253,0.0,C,F,Y,Y,0,247500.0,Working,Secondary / secondary special,Single / not married,With parents,-11770,-285,Sales staff,1,2,0
5113254,0.0,0,F,Y,Y,0,247500.0,Working,Secondary / secondary special,Single / not married,With parents,-11770,-285,Sales staff,1,4,0
5113255,0.0,C,F,Y,Y,0,247500.0,Working,Secondary / secondary special,Single / not married,With parents,-11770,-285,Sales staff,1,2,0
5113257,0.0,C,F,Y,Y,0,247500.0,Working,Secondary / secondary special,Single / not married,With parents,-11770,-285,Sales staff,1,2,0
5113258,0.0,C,F,Y,Y,0,247500.0,Working,Secondary / secondary special,Single / not married,With parents,-11770,-285,Sales staff,1,2,0
5113259,0.0,C,F,Y,Y,0,247500.0,Working,Secondary / secondary special,Single / not married,With parents,-11770,-285,Sales staff,1,2,0
5113261,0.0,C,F,N,Y,0,112500.0,Working,Secondary / secondary special,Civil marriage,House / apartment,-16974,-862,Cooking staff,2,4,0
5113268,0.0,X,M,Y,Y,1,450000.0,Commercial associate,Higher education,Married,House / apartment,-15098,-1562,Managers,3,3,2
5113271,0.0,X,M,Y,Y,1,450000.0,Commercial associate,Higher education,Married,House / apartment,-15098,-1562,Managers,3,3,2
5113272,0.0,1,M,Y,Y,1,450000.0,Commercial associate,Higher education,Married,House / apartment,-15098,-1562,Managers,3,1,0
5113274,0.0,0,F,N,Y,2,121500.0,Commercial associate,Secondary / secondary special,Married,House / apartment,-14656,-588,Sales staff,4,1,1
5113275,0.0,0,F,N,Y,2,121500.0,Commercial associate,Secondary / secondary special,Married,House / apartment,-14656,-588,Sales staff,4,1,1
5113279,0.0,C,M,N,Y,0,112500.0,Working,Secondary / secondary special,Married,With parents,-9585,-346,Low-skill Laborers,2,2,0
5113282,0.0,C,F,Y,Y,2,121500.0,Working,Incomplete higher,Married,House / apartment,-11327,-101,Core staff,4,0,1
5113283,0.0,C,F,Y,Y,2,121500.0,Working,Incomplete higher,Married,House / apartment,-11327,-101,Core staff,4,0,1
5113284,0.0,C,F,Y,Y,2,121500.0,Working,Incomplete higher,Married,House / apartment,-11327,-101,Core staff,4,0,1
5113285,0.0,C,F,Y,Y,2,121500.0,Working,Incomplete higher,Married,House / apartment,-11327,-101,Core staff,4,0,1
5113286,0.0,X,F,Y,Y,2,121500.0,Working,Incomplete higher,Married,House / apartment,-11327,-101,Core staff,4,1,1
5113289,0.0,0,F,Y,Y,2,121500.0,Working,Incomplete higher,Married,House / apartment,-11327,-101,Core staff,4,1,1
5113295,0.0,C,F,Y,Y,2,121500.0,Working,Incomplete higher,Married,House / apartment,-11327,-101,Core staff,4,0,1
5113299,0.0,X,F,N,Y,1,112500.0,State servant,Secondary / secondary special,Married,House / apartment,-9748,-1228,Core staff,3,1,1
5113301,0.0,0,F,N,Y,1,112500.0,State servant,Secondary / secondary special,Married,House / apartment,-9748,-1228,Core staff,3,1,1
5113303,0.0,C,M,N,Y,1,180000.0,Working,Higher education,Married,With parents,-15670,-1654,Cooking staff,3,0,1
5113305,0.0,C,M,N,Y,1,180000.0,Working,Higher education,Married,With parents,-15670,-1654,Cooking staff,3,0,1
5113306,0.0,C,M,N,Y,1,180000.0,Working,Higher education,Married,With parents,-15670,-1654,Cooking staff,3,0,1
5113307,0.0,0,M,N,Y,1,180000.0,Working,Higher education,Married,With parents,-15670,-1654,Cooking staff,3,1,1
5113308,0.0,C,M,N,Y,1,180000.0,Working,Higher education,Married,With parents,-15670,-1654,Cooking staff,3,0,1
5113309,0.0,C,M,N,Y,1,180000.0,Working,Higher education,Married,With parents,-15670,-1654,Cooking staff,3,0,1
5113313,0.0,C,F,Y,Y,0,153000.0,Working,Secondary / secondary special,Married,House / apartment,-19503,-10147,High skill tech staff,2,2,0
5113315,0.0,X,F,Y,Y,0,153000.0,Working,Secondary / secondary special,Married,House / apartment,-19503,-10147,High skill tech staff,2,4,0
5113316,0.0,C,F,Y,Y,0,153000.0,Working,Secondary / secondary special,Married,House / apartment,-19503,-10147,High skill tech staff,2,2,0
5113318,0.0,X,F,N,Y,0,171000.0,Working,Higher education,Separated,House / apartment,-19484,-5520,Core staff,1,1,0
5113319,0.0,X,F,N,Y,0,171000.0,Working,Higher education,Separated,House / apartment,-19484,-5520,Core staff,1,1,0
5113335,0.0,C,M,N,Y,0,81000.0,Working,Secondary / secondary special,Single / not married,House / apartment,-21027,-2719,Security staff,1,2,0
5113336,0.0,C,M,N,Y,0,81000.0,Working,Secondary / secondary special,Single / not married,House / apartment,-21027,-2719,Security staff,1,2,0
5113337,0.0,0,F,N,Y,0,126000.0,State servant,Secondary / secondary special,Married,House / apartment,-14813,-2567,Accountants,2,1,0
5113338,0.0,0,F,N,Y,0,126000.0,State servant,Secondary / secondary special,Married,House / apartment,-14813,-2567,Accountants,2,1,0
5113339,0.0,C,M,N,Y,2,135000.0,Working,Secondary / secondary special,Married,House / apartment,-11462,-4606,Laborers,4,2,1
5113341,0.0,C,M,N,Y,2,135000.0,Working,Secondary / secondary special,Married,House / apartment,-11462,-4606,Laborers,4,2,1
5113342,0.0,0,M,N,Y,2,135000.0,Working,Secondary / secondary special,Married,House / apartment,-11462,-4606,Laborers,4,4,1
5113343,0.0,C,M,N,Y,2,135000.0,Working,Secondary / secondary special,Married,House / apartment,-11462,-4606,Laborers,4,2,1
5113344,0.0,C,M,Y,Y,0,247500.0,Working,Secondary / secondary special,Civil marriage,House / apartment,-11286,-3023,Laborers,2,2,0
5113346,0.0,C,M,Y,N,0,270000.0,Working,Incomplete higher,Married,With parents,-9096,-2202,Laborers,2,2,0
5113347,0.0,C,M,Y,N,0,270000.0,Working,Incomplete higher,Married,With parents,-9096,-2202,Laborers,2,2,0
5113352,0.0,0,F,N,Y,0,90000.0,Working,Secondary / secondary special,Married,House / apartment,-18465,-5336,Laborers,2,4,0
5113354,0.0,X,F,N,Y,0,90000.0,Working,Secondary / secondary special,Married,House / apartment,-18465,-5336,Laborers,2,4,0
5113355,0.0,X,F,N,Y,0,90000.0,Working,Secondary / secondary special,Married,House / apartment,-18465,-5336,Laborers,2,4,0
5113356,0.0,C,F,N,Y,0,90000.0,Working,Secondary / secondary special,Married,House / apartment,-18465,-5336,Laborers,2,2,0
5113362,0.0,X,M,N,Y,0,148500.0,Commercial associate,Higher education,Single / not married,House / apartment,-9382,-2049,Medicine staff,1,3,0
5113363,0.0,C,M,N,Y,0,148500.0,Commercial associate,Higher education,Single / not married,House / apartment,-9382,-2049,Medicine staff,1,3,0
5113364,0.0,0,M,N,Y,0,148500.0,Commercial associate,Higher education,Single / not married,House / apartment,-9382,-2049,Medicine staff,1,3,0
5113365,0.0,C,M,N,Y,0,148500.0,Commercial associate,Higher education,Single / not married,House / apartment,-9382,-2049,Medicine staff,1,3,0
5113366,0.0,C,M,N,Y,0,148500.0,Commercial associate,Higher education,Single / not married,House / apartment,-9382,-2049,Medicine staff,1,3,0
5113367,0.0,X,M,N,Y,0,148500.0,Commercial associate,Higher education,Single / not married,House / apartment,-9382,-2049,Medicine staff,1,3,0
5113376,0.0,X,F,N,N,0,90000.0,Working,Secondary / secondary special,Married,Municipal apartment,-19120,-2567,Laborers,2,4,0
5113377,0.0,X,F,N,N,0,90000.0,Working,Secondary / secondary special,Married,Municipal apartment,-19120,-2567,Laborers,2,4,0
5113378,0.0,C,F,N,N,0,90000.0,Working,Secondary / secondary special,Married,Municipal apartment,-19120,-2567,Laborers,2,2,0
5113385,0.0,C,F,N,N,0,90000.0,Working,Secondary / secondary special,Married,Municipal apartment,-19120,-2567,Laborers,2,2,0
5113386,0.0,C,M,Y,N,0,135000.0,Working,Secondary / secondary special,Married,House / apartment,-17568,-650,Drivers,2,2,0
5113389,0.0,0,M,Y,N,0,135000.0,Working,Secondary / secondary special,Married,House / apartment,-17568,-650,Drivers,2,2,0
5113390,0.0,C,M,Y,N,0,135000.0,Working,Secondary / secondary special,Married,House / apartment,-17568,-650,Drivers,2,2,0
5113392,0.0,0,M,Y,N,0,135000.0,Working,Secondary / secondary special,Married,House / apartment,-17568,-650,Drivers,2,2,0
5113393,0.0,0,F,N,Y,0,112500.0,Working,Secondary / secondary special,Married,House / apartment,-8552,-1562,Sales staff,2,4,0
5113394,0.0,C,F,N,Y,0,112500.0,Working,Secondary / secondary special,Married,House / apartment,-8552,-1562,Sales staff,2,2,0
5113395,0.0,C,F,N,Y,0,112500.0,Working,Secondary / secondary special,Married,House / apartment,-8552,-1562,Sales staff,2,2,0
5113396,0.0,C,F,N,Y,0,112500.0,Working,Secondary / secondary special,Married,House / apartment,-8552,-1562,Sales staff,2,2,0
5113397,0.0,C,M,N,N,0,180000.0,Commercial associate,Higher education,Single / not married,House / apartment,-10514,-101,Core staff,1,3,0
5113398,0.0,X,M,N,N,0,180000.0,Commercial associate,Higher education,Single / not married,House / apartment,-10514,-101,Core staff,1,3,0
5113399,0.0,C,M,N,N,0,180000.0,Commercial associate,Higher education,Single / not married,House / apartment,-10514,-101,Core staff,1,3,0
5113400,0.0,C,M,N,N,0,180000.0,Commercial associate,Higher education,Single / not married,House / apartment,-10514,-101,Core staff,1,3,0
5113404,0.0,C,M,Y,Y,0,450000.0,Commercial associate,Higher education,Single / not married,House / apartment,-10837,-588,Sales staff,1,3,2
5113405,0.0,C,M,Y,Y,0,450000.0,Commercial associate,Higher education,Single / not married,House / apartment,-10837,-588,Sales staff,1,3,2
5113406,0.0,0,M,Y,Y,0,450000.0,Commercial associate,Higher education,Single / not married,House / apartment,-10837,-588,Sales staff,1,3,2
5113407,0.0,0,M,Y,Y,0,450000.0,Commercial associate,Higher education,Single / not married,House / apartment,-10837,-588,Sales staff,1,3,2
5113408,0.0,0,M,Y,Y,0,450000.0,Commercial associate,Higher education,Single / not married,House / apartment,-10837,-588,Sales staff,1,3,2
5113411,0.0,C,M,Y,Y,0,450000.0,Commercial associate,Higher education,Single / not married,House / apartment,-10837,-588,Sales staff,1,3,2
5113412,0.0,C,M,Y,Y,0,450000.0,Commercial associate,Higher education,Single / not married,House / apartment,-10837,-588,Sales staff,1,3,2
5113414,0.0,C,F,Y,Y,0,90000.0,Commercial associate,Secondary / secondary special,Married,House / apartment,-12262,-711,Medicine staff,2,0,0
5113417,0.0,C,F,N,N,1,157500.0,Working,Secondary / secondary special,Single / not married,Municipal apartment,-12716,-5336,Core staff,2,4,0
5113419,0.0,X,F,N,N,1,157500.0,Working,Secondary / secondary special,Single / not married,Municipal apartment,-12716,-5336,Core staff,2,4,0
5113420,0.0,C,F,N,N,1,157500.0,Working,Secondary / secondary special,Single / not married,Municipal apartment,-12716,-5336,Core staff,2,4,0
5113421,0.0,C,F,N,Y,1,144000.0,Working,Higher education,Single / not married,House / apartment,-8247,-1289,Laborers,2,0,0
5113423,0.0,X,F,N,N,0,270000.0,Working,Secondary / secondary special,Widow,House / apartment,-18659,-407,Cooking staff,1,4,0
5113424,0.0,0,F,N,N,0,270000.0,Working,Secondary / secondary special,Widow,House / apartment,-18659,-407,Cooking staff,1,4,0
5113426,0.0,X,F,N,N,0,270000.0,Working,Secondary / secondary special,Widow,House / apartment,-18659,-407,Cooking staff,1,4,0
5113427,0.0,X,F,N,N,0,270000.0,Working,Secondary / secondary special,Widow,House / apartment,-18659,-407,Cooking staff,1,4,0
5113432,0.0,0,F,N,Y,0,207000.0,Working,Secondary / secondary special,Single / not married,House / apartment,-18617,-2506,Cooking staff,1,4,0
5113439,0.0,C,F,N,Y,0,207000.0,Working,Secondary / secondary special,Single / not married,House / apartment,-18617,-2506,Cooking staff,1,4,0
5113440,0.0,C,F,N,Y,0,207000.0,Working,Secondary / secondary special,Single / not married,House / apartment,-18617,-2506,Cooking staff,1,4,0
5113441,0.0,0,F,N,Y,0,207000.0,Working,Secondary / secondary special,Single / not married,House / apartment,-18617,-2506,Cooking staff,1,4,0
5113442,0.0,0,F,N,Y,0,207000.0,Working,Secondary / secondary special,Single / not married,House / apartment,-18617,-2506,Cooking staff,1,4,0
5113455,0.0,X,F,N,Y,1,126000.0,Commercial associate,Secondary / secondary special,Married,House / apartment,-18140,-4119,Laborers,3,1,1
5113456,0.0,0,F,N,Y,1,126000.0,Commercial associate,Secondary / secondary special,Married,House / apartment,-18140,-4119,Laborers,3,1,1
5113457,0.0,C,F,N,Y,1,126000.0,Commercial associate,Secondary / secondary special,Married,House / apartment,-18140,-4119,Laborers,3,1,1
5113464,0.0,X,M,N,Y,0,315000.0,Working,Higher education,Single / not married,House / apartment,-10874,-3084,Core staff,1,1,2
5113467,0.0,C,M,N,Y,0,315000.0,Working,Higher education,Single / not married,House / apartment,-10874,-3084,Core staff,1,0,2
5113469,0.0,0,M,N,Y,0,315000.0,Working,Higher education,Single / not married,House / apartment,-10874,-3084,Core staff,1,1,2
5113476,0.0,X,F,N,Y,0,360000.0,Commercial associate,Higher education,Married,House / apartment,-14129,-984,Core staff,2,3,2
5113477,0.0,C,F,N,Y,0,360000.0,Commercial associate,Higher education,Married,House / apartment,-14129,-984,Core staff,2,3,2
5113478,0.0,C,F,N,Y,0,360000.0,Commercial associate,Higher education,Married,House / apartment,-14129,-984,Core staff,2,3,2
5113480,0.0,0,F,Y,Y,0,225000.0,State servant,Higher education,Married,House / apartment,-17822,-9385,Managers,2,3,2
5113481,0.0,0,F,Y,Y,0,225000.0,State servant,Higher education,Married,House / apartment,-17822,-9385,Managers,2,3,2
5113483,0.0,C,F,Y,Y,0,225000.0,State servant,Higher education,Married,House / apartment,-17822,-9385,Managers,2,0,2
5113484,0.0,C,F,Y,Y,1,135000.0,Working,Secondary / secondary special,Married,House / apartment,-11160,-435,Sales staff,3,2,1
5113485,0.0,C,F,Y,Y,1,135000.0,Working,Secondary / secondary special,Married,House / apartment,-11160,-435,Sales staff,3,2,1
5113487,0.0,0,F,N,Y,0,450000.0,State servant,Secondary / secondary special,Married,House / apartment,-12998,-101,Core staff,2,1,2
5113488,0.0,C,M,Y,Y,0,157500.0,Working,Secondary / secondary special,Married,House / apartment,-16126,-8411,Laborers,2,2,0
5113490,0.0,0,F,N,Y,1,135000.0,Commercial associate,Incomplete higher,Married,House / apartment,-9734,-2049,Core staff,3,1,1
5113492,0.0,0,F,N,Y,1,135000.0,Commercial associate,Incomplete higher,Married,House / apartment,-9734,-2049,Core staff,3,1,1
5113493,0.0,0,F,N,Y,1,135000.0,Commercial associate,Incomplete higher,Married,House / apartment,-9734,-2049,Core staff,3,1,1
5113494,0.0,0,F,N,Y,1,135000.0,Commercial associate,Incomplete higher,Married,House / apartment,-9734,-2049,Core staff,3,1,1
5113496,0.0,0,F,N,Y,1,135000.0,Commercial associate,Incomplete higher,Married,House / apartment,-9734,-2049,Core staff,3,1,1
5113497,0.0,0,F,N,Y,1,135000.0,Commercial associate,Incomplete higher,Married,House / apartment,-9734,-2049,Core staff,3,1,1
5113499,0.0,0,M,Y,Y,0,225000.0,Commercial associate,Incomplete higher,Single / not married,With parents,-10033,-223,Managers,1,3,0
5113500,0.0,1,M,Y,Y,0,225000.0,Commercial associate,Incomplete higher,Single / not married,With parents,-10033,-223,Managers,1,1,0
5113502,0.0,X,M,Y,N,0,180000.0,State servant,Secondary / secondary special,Civil marriage,House / apartment,-14240,-3541,Core staff,2,1,0
5113503,0.0,C,M,Y,N,0,180000.0,State servant,Secondary / secondary special,Civil marriage,House / apartment,-14240,-3541,Core staff,2,0,0
5113505,0.0,X,M,Y,N,0,180000.0,State servant,Secondary / secondary special,Civil marriage,House / apartment,-14240,-3541,Core staff,2,1,0
5113507,0.0,C,M,Y,N,0,180000.0,State servant,Secondary / secondary special,Civil marriage,House / apartment,-14240,-3541,Core staff,2,0,0
5113508,0.0,X,M,Y,N,0,180000.0,State servant,Secondary / secondary special,Civil marriage,House / apartment,-14240,-3541,Core staff,2,1,0
5113510,0.0,C,M,Y,Y,0,180000.0,Working,Secondary / secondary special,Married,House / apartment,-17176,-132,Laborers,2,2,0
5113511,0.0,X,M,Y,Y,1,270000.0,Working,Higher education,Married,House / apartment,-17193,-1137,Laborers,3,0,1
5113517,0.0,C,M,Y,Y,1,270000.0,Working,Higher education,Married,House / apartment,-17193,-1137,Laborers,3,0,1
5113518,0.0,C,M,Y,Y,1,270000.0,Working,Higher education,Married,House / apartment,-17193,-1137,Laborers,3,0,1
5113519,0.0,X,M,Y,Y,1,270000.0,Working,Higher education,Married,House / apartment,-17193,-1137,Laborers,3,0,1
5113520,0.0,0,M,Y,Y,1,270000.0,Working,Higher education,Married,House / apartment,-17193,-1137,Laborers,3,0,1
5113521,0.0,0,M,Y,Y,1,270000.0,Working,Higher education,Married,House / apartment,-17193,-1137,Laborers,3,0,1
5113522,0.0,0,M,Y,Y,1,270000.0,Working,Higher education,Married,House / apartment,-17193,-1137,Laborers,3,0,1
5113523,0.0,C,M,Y,Y,1,270000.0,Working,Higher education,Married,House / apartment,-17193,-1137,Laborers,3,0,1
5113525,0.0,C,M,N,Y,0,292500.0,Working,Higher education,Married,House / apartment,-18729,-984,Managers,2,0,2
5113526,0.0,C,F,Y,Y,0,180000.0,Working,Secondary / secondary special,Civil marriage,House / apartment,-15480,-1623,Laborers,2,2,0
5113533,0.0,C,F,N,Y,0,157500.0,Working,Secondary / secondary special,Married,House / apartment,-20976,-1776,Laborers,2,2,0
5113534,0.0,0,F,N,Y,0,157500.0,Working,Secondary / secondary special,Married,House / apartment,-20976,-1776,Laborers,2,4,0
5113535,0.0,C,F,N,Y,0,157500.0,Working,Secondary / secondary special,Married,House / apartment,-20976,-1776,Laborers,2,2,0
5113536,0.0,0,F,N,Y,0,157500.0,Working,Secondary / secondary special,Married,House / apartment,-20976,-1776,Laborers,2,4,0
5113537,0.0,C,F,N,Y,0,157500.0,Working,Secondary / secondary special,Married,House / apartment,-20976,-1776,Laborers,2,2,0
5113539,0.0,C,F,N,Y,0,157500.0,Working,Secondary / secondary special,Married,House / apartment,-20976,-1776,Laborers,2,2,0
5113546,0.0,X,F,N,N,2,157500.0,Working,Higher education,Civil marriage,House / apartment,-14684,-3633,High skill tech staff,4,1,1
5113548,0.0,X,F,N,N,2,157500.0,Working,Higher education,Civil marriage,House / apartment,-14684,-3633,High skill tech staff,4,1,1
5113557,0.0,0,M,Y,Y,0,450000.0,Commercial associate,Secondary / secondary special,Married,House / apartment,-18318,-923,Drivers,2,1,2
5113558,0.0,0,M,Y,Y,0,450000.0,Commercial associate,Secondary / secondary special,Married,House / apartment,-18318,-923,Drivers,2,1,2
5113560,0.0,C,M,Y,Y,0,450000.0,Commercial associate,Secondary / secondary special,Married,House / apartment,-18318,-923,Drivers,2,0,2
5113562,0.0,C,F,N,Y,0,171000.0,Working,Secondary / secondary special,Married,House / apartment,-15111,-2019,Sales staff,2,2,0
5113563,0.0,X,F,N,Y,0,171000.0,Working,Secondary / secondary special,Married,House / apartment,-15111,-2019,Sales staff,2,4,0
5113565,0.0,X,F,N,Y,0,171000.0,Working,Secondary / secondary special,Married,House / apartment,-15111,-2019,Sales staff,2,4,0
5113567,0.0,C,F,N,Y,0,171000.0,Working,Secondary / secondary special,Married,House / apartment,-15111,-2019,Sales staff,2,2,0
5113569,0.0,C,F,N,Y,0,171000.0,Working,Secondary / secondary special,Married,House / apartment,-15111,-2019,Sales staff,2,2,0
5113570,0.0,C,F,N,Y,0,171000.0,Working,Secondary / secondary special,Married,House / apartment,-15111,-2019,Sales staff,2,2,0
5113571,0.0,X,F,N,Y,0,171000.0,Working,Secondary / secondary special,Married,House / apartment,-15111,-2019,Sales staff,2,4,0
5113580,0.0,C,M,Y,Y,0,135000.0,Working,Secondary / secondary special,Single / not married,House / apartment,-9662,-831,Drivers,1,2,0
5113581,0.0,C,M,Y,Y,0,135000.0,Working,Secondary / secondary special,Single / not married,House / apartment,-9662,-831,Drivers,1,2,0
5113584,0.0,X,M,Y,Y,0,135000.0,Working,Secondary / secondary special,Single / not married,House / apartment,-9662,-831,Drivers,1,2,0
5113585,0.0,0,M,Y,Y,0,135000.0,Working,Secondary / secondary special,Single / not married,House / apartment,-9662,-831,Drivers,1,4,0
5113591,0.0,0,F,N,Y,1,180000.0,Commercial associate,Secondary / secondary special,Single / not married,Rented apartment,-14526,-254,Cleaning staff,2,1,0
5113592,0.0,0,F,N,Y,1,180000.0,Commercial associate,Secondary / secondary special,Single / not married,Rented apartment,-14526,-254,Cleaning staff,2,1,0
5113594,0.0,X,F,N,N,0,81000.0,Working,Secondary / secondary special,Civil marriage,With parents,-11978,-2780,Sales staff,2,4,0
5113596,0.0,X,F,N,N,0,81000.0,Working,Secondary / secondary special,Civil marriage,With parents,-11978,-2780,Sales staff,2,4,0
5113598,0.0,X,F,N,N,0,81000.0,Working,Secondary / secondary special,Civil marriage,With parents,-11978,-2780,Sales staff,2,4,0
5113599,0.0,C,F,N,N,0,81000.0,Working,Secondary / secondary special,Civil marriage,With parents,-11978,-2780,Sales staff,2,4,0
5113600,0.0,X,F,N,N,0,81000.0,Working,Secondary / secondary special,Civil marriage,With parents,-11978,-2780,Sales staff,2,4,0
5113601,0.0,C,F,N,N,0,81000.0,Working,Secondary / secondary special,Civil marriage,With parents,-11978,-2780,Sales staff,2,4,0
5113605,0.0,X,M,N,Y,1,270000.0,State servant,Higher education,Married,House / apartment,-11082,-376,Core staff,3,3,1
5113608,0.0,0,F,N,Y,0,283500.0,Commercial associate,Secondary / secondary special,Married,House / apartment,-17651,-2384,Private service staff,2,1,2
5113609,0.0,0,F,N,Y,0,283500.0,Commercial associate,Secondary / secondary special,Married,House / apartment,-17651,-2384,Private service staff,2,1,2
5113615,0.0,X,F,N,Y,0,283500.0,Commercial associate,Secondary / secondary special,Married,House / apartment,-17651,-2384,Private service staff,2,1,2
5113620,0.0,X,M,N,N,0,225000.0,Working,Secondary / secondary special,Widow,Municipal apartment,-19406,-346,Security staff,1,4,0
5113627,0.0,C,M,Y,Y,0,270000.0,Working,Higher education,Married,House / apartment,-12765,-741,Managers,2,0,2
5113628,0.0,C,M,Y,Y,0,270000.0,Working,Higher education,Married,House / apartment,-12765,-741,Managers,2,0,2
5113629,0.0,C,M,Y,Y,0,270000.0,Working,Higher education,Married,House / apartment,-12765,-741,Managers,2,0,2
5113630,0.0,C,M,Y,Y,0,270000.0,Working,Higher education,Married,House / apartment,-12765,-741,Managers,2,0,2
5113631,0.0,C,M,Y,Y,0,270000.0,Working,Higher education,Married,House / apartment,-12765,-741,Managers,2,0,2
5113634,0.0,0,M,N,Y,0,135000.0,Working,Higher education,Married,House / apartment,-15201,-315,Laborers,2,1,0
5113643,0.0,0,F,Y,Y,0,247500.0,Working,Secondary / secondary special,Single / not married,House / apartment,-7959,-1045,Core staff,1,4,0
5113646,0.0,X,F,N,Y,0,225000.0,Working,Incomplete higher,Married,House / apartment,-12262,-223,Managers,2,1,0
5113648,0.0,0,F,N,Y,0,225000.0,Working,Incomplete higher,Married,House / apartment,-12262,-223,Managers,2,1,0
5113679,0.0,0,F,Y,Y,0,135000.0,Working,Secondary / secondary special,Married,House / apartment,-16548,-1350,Core staff,2,4,0
5113680,0.0,C,F,Y,Y,0,135000.0,Working,Secondary / secondary special,Married,House / apartment,-16548,-1350,Core staff,2,2,0
5113681,0.0,C,F,Y,Y,0,135000.0,Working,Secondary / secondary special,Married,House / apartment,-16548,-1350,Core staff,2,2,0
5113685,0.0,C,F,N,Y,0,292500.0,Working,Secondary / secondary special,Married,House / apartment,-12379,-4453,Sales staff,2,2,2
5113689,0.0,0,F,N,Y,0,292500.0,Working,Secondary / secondary special,Married,House / apartment,-12379,-4453,Sales staff,2,4,2
5113695,0.0,C,F,Y,Y,1,247500.0,Working,Secondary / secondary special,Civil marriage,House / apartment,-15174,-70,Sales staff,3,2,1
5113696,0.0,X,F,Y,Y,1,247500.0,Working,Secondary / secondary special,Civil marriage,House / apartment,-15174,-70,Sales staff,3,4,1
5113700,0.0,C,F,N,Y,0,112500.0,Working,Secondary / secondary special,Married,House / apartment,-12909,-558,High skill tech staff,2,2,0
5113704,0.0,X,F,N,Y,2,135000.0,Commercial associate,Higher education,Married,With parents,-14334,-376,Core staff,4,3,1
5113705,0.0,C,F,N,Y,2,135000.0,Commercial associate,Higher education,Married,With parents,-14334,-376,Core staff,4,3,1
5113707,0.0,X,M,N,Y,0,171000.0,Commercial associate,Secondary / secondary special,Married,House / apartment,-18162,-4849,Laborers,2,1,0
5113708,0.0,X,M,N,Y,0,171000.0,Commercial associate,Secondary / secondary special,Married,House / apartment,-18162,-4849,Laborers,2,1,0
5113709,0.0,X,M,N,Y,0,171000.0,Commercial associate,Secondary / secondary special,Married,House / apartment,-18162,-4849,Laborers,2,1,0
5113710,0.0,X,M,N,Y,0,171000.0,Commercial associate,Secondary / secondary special,Married,House / apartment,-18162,-4849,Laborers,2,1,0
5113711,0.0,0,F,Y,Y,1,405000.0,State servant,Secondary / secondary special,Married,House / apartment,-16962,-407,Laborers,3,4,2
5113712,0.0,0,F,Y,Y,1,405000.0,State servant,Secondary / secondary special,Married,House / apartment,-16962,-407,Laborers,3,4,2
5113717,0.0,C,F,N,N,1,135000.0,Working,Secondary / secondary special,Married,House / apartment,-16415,-3054,Private service staff,3,2,1
5113718,0.0,C,F,N,N,1,135000.0,Working,Secondary / secondary special,Married,House / apartment,-16415,-3054,Private service staff,3,2,1
5113720,0.0,0,F,N,N,1,135000.0,Working,Secondary / secondary special,Married,House / apartment,-16415,-3054,Private service staff,3,4,1
5113721,0.0,X,F,N,N,1,135000.0,Working,Secondary / secondary special,Married,House / apartment,-16415,-3054,Private service staff,3,4,1
5113723,0.0,C,M,N,Y,0,90000.0,Working,Secondary / secondary special,Married,House / apartment,-19551,-1927,Laborers,2,2,0
5113727,0.0,C,F,Y,Y,2,90000.0,Commercial associate,Secondary / secondary special,Married,House / apartment,-15525,-3357,Accountants,4,0,1
5113729,0.0,C,F,Y,Y,2,90000.0,Commercial associate,Secondary / secondary special,Married,House / apartment,-15525,-3357,Accountants,4,0,1
5113730,0.0,C,F,Y,Y,2,90000.0,Commercial associate,Secondary / secondary special,Married,House / apartment,-15525,-3357,Accountants,4,0,1
5113731,0.0,C,F,Y,Y,2,90000.0,Commercial associate,Secondary / secondary special,Married,House / apartment,-15525,-3357,Accountants,4,0,1
5113735,0.0,0,M,N,N,0,270000.0,Commercial associate,Secondary / secondary special,Civil marriage,With parents,-8853,-984,Sales staff,2,1,0
5113743,0.0,X,F,N,Y,1,94500.0,Working,Higher education,Separated,House / apartment,-14559,-1472,Laborers,2,1,0
5113744,0.0,C,F,N,Y,1,94500.0,Working,Higher education,Separated,House / apartment,-14559,-1472,Laborers,2,0,0
5113746,0.0,C,F,N,Y,1,94500.0,Working,Higher education,Separated,House / apartment,-14559,-1472,Laborers,2,0,0
5113748,0.0,X,M,Y,Y,1,157500.0,Commercial associate,Secondary / secondary special,Married,House / apartment,-14291,-1988,Laborers,3,2,1
5113749,0.0,X,M,Y,Y,1,157500.0,Commercial associate,Secondary / secondary special,Married,House / apartment,-14291,-1988,Laborers,3,2,1
5113750,0.0,0,M,Y,Y,1,157500.0,Commercial associate,Secondary / secondary special,Married,House / apartment,-14291,-1988,Laborers,3,1,1
5113751,0.0,0,M,Y,Y,1,157500.0,Commercial associate,Secondary / secondary special,Married,House / apartment,-14291,-1988,Laborers,3,1,1
5113754,0.0,C,M,Y,Y,0,202500.0,Working,Higher education,Married,House / apartment,-19385,-6675,Laborers,2,0,0
5113763,0.0,0,M,N,Y,0,360000.0,Commercial associate,Higher education,Single / not married,House / apartment,-13538,-2019,Laborers,1,1,2
5113779,0.0,X,F,Y,Y,1,315000.0,State servant,Higher education,Married,House / apartment,-13771,-2080,Core staff,3,3,2
5113781,0.0,X,F,Y,Y,1,315000.0,State servant,Higher education,Married,House / apartment,-13771,-2080,Core staff,3,3,2
5113782,0.0,C,F,Y,Y,1,315000.0,State servant,Higher education,Married,House / apartment,-13771,-2080,Core staff,3,0,2
5113783,0.0,C,M,Y,Y,0,450000.0,Commercial associate,Higher education,Married,House / apartment,-18362,-2141,Medicine staff,2,0,2
5113784,0.0,C,M,Y,Y,0,450000.0,Commercial associate,Higher education,Married,House / apartment,-18362,-2141,Medicine staff,2,0,2
5113785,0.0,0,M,Y,Y,0,450000.0,Commercial associate,Higher education,Married,House / apartment,-18362,-2141,Medicine staff,2,3,2
5113791,0.0,C,M,Y,Y,0,450000.0,Commercial associate,Higher education,Married,House / apartment,-18362,-2141,Medicine staff,2,0,2
5113814,0.0,C,F,N,Y,1,112500.0,Working,Secondary / secondary special,Married,House / apartment,-11926,-1166,Cooking staff,3,2,1
5113815,0.0,C,F,N,Y,0,180000.0,State servant,Higher education,Civil marriage,House / apartment,-16490,-2750,High skill tech staff,2,3,0
5113816,0.0,C,F,N,Y,0,180000.0,State servant,Higher education,Civil marriage,House / apartment,-16490,-2750,High skill tech staff,2,3,0
5113817,0.0,C,F,N,Y,0,180000.0,State servant,Higher education,Civil marriage,House / apartment,-16490,-2750,High skill tech staff,2,3,0
5113818,0.0,C,F,N,Y,0,180000.0,State servant,Higher education,Civil marriage,House / apartment,-16490,-2750,High skill tech staff,2,3,0
5113819,0.0,X,F,Y,N,0,252000.0,Commercial associate,Higher education,Single / not married,House / apartment,-9097,-132,Managers,1,3,0
5113820,0.0,0,F,Y,N,0,252000.0,Commercial associate,Higher education,Single / not married,House / apartment,-9097,-132,Managers,1,3,0
5113826,0.0,C,F,N,Y,0,157500.0,State servant,Higher education,Married,House / apartment,-20163,-223,Core staff,2,3,0
5113827,0.0,0,F,N,Y,0,157500.0,State servant,Higher education,Married,House / apartment,-20163,-223,Core staff,2,3,0
5113828,0.0,0,F,N,Y,0,157500.0,State servant,Higher education,Married,House / apartment,-20163,-223,Core staff,2,3,0
5113829,0.0,C,F,N,Y,0,157500.0,State servant,Higher education,Married,House / apartment,-20163,-223,Core staff,2,3,0
5113830,0.0,C,F,N,Y,0,157500.0,State servant,Higher education,Married,House / apartment,-20163,-223,Core staff,2,3,0
5113834,0.0,C,M,N,Y,0,225000.0,Commercial associate,Higher education,Married,House / apartment,-8461,-1593,Drivers,2,0,0
5113835,0.0,0,F,N,Y,0,135000.0,Commercial associate,Higher education,Married,House / apartment,-8961,-923,Core staff,2,3,0
5113836,0.0,C,F,N,Y,0,135000.0,Commercial associate,Higher education,Married,House / apartment,-8961,-923,Core staff,2,3,0
5113837,0.0,C,F,N,Y,0,135000.0,Commercial associate,Higher education,Married,House / apartment,-8961,-923,Core staff,2,3,0
5113838,0.0,0,F,N,Y,0,135000.0,Commercial associate,Higher education,Married,House / apartment,-8961,-923,Core staff,2,3,0
5113840,0.0,C,F,N,Y,0,135000.0,Commercial associate,Higher education,Married,House / apartment,-8961,-923,Core staff,2,3,0
5113841,0.0,0,F,N,Y,0,135000.0,Commercial associate,Higher education,Married,House / apartment,-8961,-923,Core staff,2,3,0
5113842,0.0,C,F,N,Y,0,135000.0,Commercial associate,Higher education,Married,House / apartment,-8961,-923,Core staff,2,3,0
5113848,0.0,0,F,N,Y,0,225000.0,Working,Secondary / secondary special,Widow,House / apartment,-19890,-2384,High skill tech staff,1,4,0
5113854,0.0,0,M,N,N,0,202500.0,Working,Secondary / secondary special,Single / not married,House / apartment,-15323,-8290,Laborers,1,4,0
5113855,0.0,X,M,N,N,0,202500.0,Working,Secondary / secondary special,Single / not married,House / apartment,-15323,-8290,Laborers,1,4,0
5113856,0.0,C,M,N,N,0,202500.0,Working,Secondary / secondary special,Single / not married,House / apartment,-15323,-8290,Laborers,1,2,0
5113866,0.0,0,F,N,N,0,90000.0,Working,Secondary / secondary special,Married,House / apartment,-16115,-985,Sales staff,2,4,0
5113867,0.0,0,F,N,N,0,90000.0,Working,Secondary / secondary special,Married,House / apartment,-16115,-985,Sales staff,2,4,0
5113869,0.0,C,F,N,N,0,90000.0,Working,Secondary / secondary special,Married,House / apartment,-16115,-985,Sales staff,2,2,0
5113871,0.0,C,F,N,N,0,90000.0,Working,Secondary / secondary special,Married,House / apartment,-16115,-985,Sales staff,2,2,0
5113872,0.0,0,F,N,N,0,90000.0,Working,Secondary / secondary special,Married,House / apartment,-16115,-985,Sales staff,2,4,0
5113873,0.0,C,F,N,N,0,90000.0,Working,Secondary / secondary special,Married,House / apartment,-16115,-985,Sales staff,2,2,0
5113875,0.0,C,M,N,N,0,382500.0,Working,Higher education,Married,House / apartment,-16300,-3146,Sales staff,2,0,2
5113881,0.0,C,F,N,N,2,180000.0,State servant,Higher education,Married,House / apartment,-13727,-5215,Managers,4,3,1
5113883,0.0,0,F,N,N,2,180000.0,State servant,Higher education,Married,House / apartment,-13727,-5215,Managers,4,3,1
5113884,0.0,X,F,N,N,2,180000.0,State servant,Higher education,Married,House / apartment,-13727,-5215,Managers,4,3,1
5113888,0.0,X,M,Y,N,0,162000.0,Working,Secondary / secondary special,Married,House / apartment,-19340,-4089,Security staff,2,2,0
5113889,0.0,C,M,Y,N,0,162000.0,Working,Secondary / secondary special,Married,House / apartment,-19340,-4089,Security staff,2,2,0
5113890,0.0,C,M,Y,N,0,162000.0,Working,Secondary / secondary special,Married,House / apartment,-19340,-4089,Security staff,2,2,0
5113893,0.0,C,M,Y,N,0,162000.0,Working,Secondary / secondary special,Married,House / apartment,-19340,-4089,Security staff,2,2,0
5113894,0.0,0,M,Y,N,0,162000.0,Working,Secondary / secondary special,Married,House / apartment,-19340,-4089,Security staff,2,2,0
5113897,0.0,C,M,Y,N,0,162000.0,Working,Secondary / secondary special,Married,House / apartment,-19340,-4089,Security staff,2,2,0
5113899,0.0,0,M,N,N,0,225000.0,Working,Secondary / secondary special,Married,House / apartment,-19124,-5064,Laborers,2,4,0
5113902,0.0,X,M,N,N,0,225000.0,Working,Secondary / secondary special,Married,House / apartment,-19124,-5064,Laborers,2,2,0
5113904,0.0,C,M,N,N,0,225000.0,Working,Secondary / secondary special,Married,House / apartment,-19124,-5064,Laborers,2,2,0
5113905,0.0,C,M,N,N,0,225000.0,Working,Secondary / secondary special,Married,House / apartment,-19124,-5064,Laborers,2,2,0
5113907,0.0,C,M,N,N,0,225000.0,Working,Secondary / secondary special,Married,House / apartment,-19124,-5064,Laborers,2,2,0
5113908,0.0,X,M,N,N,0,225000.0,Working,Secondary / secondary special,Married,House / apartment,-19124,-5064,Laborers,2,2,0
5113909,0.0,X,M,N,N,0,225000.0,Working,Secondary / secondary special,Married,House / apartment,-19124,-5064,Laborers,2,2,0
5113910,0.0,C,M,N,N,0,225000.0,Working,Secondary / secondary special,Married,House / apartment,-19124,-5064,Laborers,2,2,0
5113911,0.0,C,M,N,N,0,225000.0,Working,Secondary / secondary special,Married,House / apartment,-19124,-5064,Laborers,2,2,0
5113946,0.0,C,F,N,N,2,112500.0,Working,Secondary / secondary special,Married,House / apartment,-12782,-224,Laborers,4,2,1
5113948,0.0,C,F,N,N,2,112500.0,Working,Secondary / secondary special,Married,House / apartment,-12782,-224,Laborers,4,2,1
5113952,0.0,C,M,Y,N,2,153000.0,Working,Secondary / secondary special,Civil marriage,House / apartment,-13524,-2173,Laborers,4,2,1
5113953,0.0,C,M,Y,N,0,360000.0,Commercial associate,Higher education,Separated,House / apartment,-13044,-1747,Managers,1,3,2
5113954,0.0,X,F,N,N,0,67500.0,State servant,Secondary / secondary special,Married,Municipal apartment,-17104,-3024,Core staff,2,1,0
5113957,0.0,0,F,N,N,0,67500.0,State servant,Secondary / secondary special,Married,Municipal apartment,-17104,-3024,Core staff,2,1,0
5113959,0.0,0,M,N,N,0,135000.0,Working,Secondary / secondary special,Single / not married,House / apartment,-13602,-1382,Drivers,1,4,0
5113960,0.0,X,M,N,N,0,135000.0,Working,Secondary / secondary special,Single / not married,House / apartment,-13602,-1382,Drivers,1,4,0
5113963,0.0,0,M,Y,N,0,247500.0,Working,Incomplete higher,Single / not married,House / apartment,-8560,-316,Managers,1,1,0
5113964,0.0,0,M,Y,N,0,247500.0,Working,Incomplete higher,Single / not married,House / apartment,-8560,-316,Managers,1,1,0
5113965,0.0,0,M,Y,N,0,247500.0,Working,Incomplete higher,Single / not married,House / apartment,-8560,-316,Managers,1,1,0
5113966,0.0,C,M,Y,N,0,247500.0,Working,Incomplete higher,Single / not married,House / apartment,-8560,-316,Managers,1,0,0
5113968,0.0,C,M,Y,N,1,360000.0,Commercial associate,Secondary / secondary special,Married,House / apartment,-16538,-3846,Managers,3,0,2
5113974,0.0,0,M,Y,N,1,360000.0,Commercial associate,Secondary / secondary special,Married,House / apartment,-16538,-3846,Managers,3,1,2
5113976,0.0,C,M,Y,N,0,270000.0,Working,Incomplete higher,Married,House / apartment,-11955,-893,Laborers,2,2,0
5113977,0.0,C,M,Y,N,0,270000.0,Working,Incomplete higher,Married,House / apartment,-11955,-893,Laborers,2,2,0
5113978,0.0,C,M,Y,N,0,270000.0,Working,Incomplete higher,Married,House / apartment,-11955,-893,Laborers,2,2,0
5113979,0.0,C,M,Y,N,0,270000.0,Working,Incomplete higher,Married,House / apartment,-11955,-893,Laborers,2,2,0
5113980,0.0,C,M,Y,N,0,270000.0,Working,Incomplete higher,Married,House / apartment,-11955,-893,Laborers,2,2,0
5113981,0.0,C,M,Y,N,0,270000.0,Working,Incomplete higher,Married,House / apartment,-11955,-893,Laborers,2,2,0
5113982,0.0,0,M,Y,N,0,270000.0,Working,Incomplete higher,Married,House / apartment,-11955,-893,Laborers,2,2,0
5113983,0.0,C,M,Y,N,0,270000.0,Working,Incomplete higher,Married,House / apartment,-11955,-893,Laborers,2,2,0
5113984,0.0,C,M,Y,N,0,270000.0,Working,Incomplete higher,Married,House / apartment,-11955,-893,Laborers,2,2,0
5113986,0.0,C,M,N,N,0,81000.0,Working,Secondary / secondary special,Civil marriage,House / apartment,-12069,-1959,Low-skill Laborers,2,2,0
5113988,0.0,X,M,Y,N,0,247500.0,Working,Secondary / secondary special,Married,House / apartment,-19484,-6798,Managers,2,2,2
5113989,0.0,X,M,Y,N,0,247500.0,Working,Secondary / secondary special,Married,House / apartment,-19484,-6798,Managers,2,2,2
5113993,0.0,C,F,N,N,2,202500.0,Working,Secondary / secondary special,Married,House / apartment,-13446,-2720,Sales staff,4,2,1
5113994,0.0,C,F,N,N,2,202500.0,Working,Secondary / secondary special,Married,House / apartment,-13446,-2720,Sales staff,4,2,1
5113997,0.0,C,F,N,N,2,202500.0,Working,Secondary / secondary special,Married,House / apartment,-13446,-2720,Sales staff,4,2,1
5114000,0.0,C,F,N,N,2,202500.0,Working,Secondary / secondary special,Married,House / apartment,-13446,-2720,Sales staff,4,2,1
5114001,0.0,C,F,N,N,2,202500.0,Working,Secondary / secondary special,Married,House / apartment,-13446,-2720,Sales staff,4,2,1
5114002,0.0,X,F,N,N,2,202500.0,Working,Secondary / secondary special,Married,House / apartment,-13446,-2720,Sales staff,4,4,1
5114003,0.0,C,F,N,N,2,202500.0,Working,Secondary / secondary special,Married,House / apartment,-13446,-2720,Sales staff,4,2,1
5114004,0.0,C,F,N,N,2,202500.0,Working,Secondary / secondary special,Married,House / apartment,-13446,-2720,Sales staff,4,2,1
5114005,0.0,C,F,N,N,2,202500.0,Working,Secondary / secondary special,Married,House / apartment,-13446,-2720,Sales staff,4,2,1
5114006,0.0,0,F,N,N,2,202500.0,Working,Secondary / secondary special,Married,House / apartment,-13446,-2720,Sales staff,4,4,1
5114007,0.0,C,F,N,N,2,202500.0,Working,Secondary / secondary special,Married,House / apartment,-13446,-2720,Sales staff,4,2,1
5114008,0.0,0,F,N,N,2,202500.0,Working,Secondary / secondary special,Married,House / apartment,-13446,-2720,Sales staff,4,4,1
5114009,0.0,C,F,N,N,2,202500.0,Working,Secondary / secondary special,Married,House / apartment,-13446,-2720,Sales staff,4,2,1
5114010,0.0,X,F,N,N,2,202500.0,Working,Secondary / secondary special,Married,House / apartment,-13446,-2720,Sales staff,4,4,1
5114014,0.0,C,M,Y,N,0,225000.0,Working,Secondary / secondary special,Single / not married,House / apartment,-8107,-985,Drivers,1,2,0
5114015,0.0,0,M,Y,N,0,225000.0,Working,Secondary / secondary special,Single / not married,House / apartment,-8107,-985,Drivers,1,4,0
5114017,0.0,X,M,Y,N,0,180000.0,Working,Higher education,Married,House / apartment,-9667,-1016,Laborers,2,0,0
5114018,0.0,C,M,Y,N,0,180000.0,Working,Higher education,Married,House / apartment,-9667,-1016,Laborers,2,0,0
5114019,0.0,X,M,Y,N,0,180000.0,Working,Higher education,Married,House / apartment,-9667,-1016,Laborers,2,0,0
5114020,0.0,C,M,Y,N,0,180000.0,Working,Higher education,Married,House / apartment,-9667,-1016,Laborers,2,0,0
5114021,0.0,0,M,Y,N,0,180000.0,Working,Higher education,Married,House / apartment,-9667,-1016,Laborers,2,0,0
5114056,0.0,C,F,N,N,0,112500.0,Working,Higher education,Separated,House / apartment,-17168,-2446,Sales staff,1,0,0
5114059,0.0,C,F,N,N,0,112500.0,Working,Higher education,Separated,House / apartment,-17168,-2446,Sales staff,1,0,0
5114064,0.0,C,M,N,N,0,180000.0,State servant,Secondary / secondary special,Married,House / apartment,-14339,-316,Core staff,2,0,0
5114065,0.0,X,M,N,N,0,180000.0,State servant,Secondary / secondary special,Married,House / apartment,-14339,-316,Core staff,2,1,0
5114068,0.0,0,M,N,N,0,180000.0,State servant,Secondary / secondary special,Married,House / apartment,-14339,-316,Core staff,2,1,0
5114069,0.0,C,M,N,N,0,180000.0,State servant,Secondary / secondary special,Married,House / apartment,-14339,-316,Core staff,2,0,0
5114070,0.0,C,M,N,N,0,180000.0,State servant,Secondary / secondary special,Married,House / apartment,-14339,-316,Core staff,2,0,0
5114071,0.0,0,F,N,N,0,135000.0,Working,Secondary / secondary special,Married,House / apartment,-15238,-1016,Sales staff,2,4,0
5114072,0.0,C,F,N,N,0,135000.0,Working,Secondary / secondary special,Married,House / apartment,-15238,-1016,Sales staff,2,2,0
5114077,0.0,X,F,Y,N,2,130500.0,Working,Secondary / secondary special,Married,House / apartment,-10969,-163,Laborers,4,2,1
5114078,0.0,0,F,Y,N,2,130500.0,Working,Secondary / secondary special,Married,House / apartment,-10969,-163,Laborers,4,4,1
5114080,0.0,0,F,N,N,0,90000.0,Working,Secondary / secondary special,Married,House / apartment,-13255,-2324,Sales staff,2,4,0
5114092,0.0,C,M,Y,N,0,135000.0,Working,Lower secondary,Married,Co-op apartment,-13241,-436,Laborers,2,2,0
5114094,0.0,C,M,Y,N,0,135000.0,Working,Lower secondary,Married,Co-op apartment,-13241,-436,Laborers,2,2,0
5114099,0.0,X,M,Y,N,0,135000.0,Working,Lower secondary,Married,Co-op apartment,-13241,-436,Laborers,2,2,0
5114100,0.0,X,M,Y,N,0,135000.0,Working,Lower secondary,Married,Co-op apartment,-13241,-436,Laborers,2,2,0
5114101,0.0,0,M,Y,N,0,135000.0,Working,Lower secondary,Married,Co-op apartment,-13241,-436,Laborers,2,2,0
5114102,0.0,C,M,Y,N,0,135000.0,Working,Lower secondary,Married,Co-op apartment,-13241,-436,Laborers,2,2,0
5114107,0.0,0,F,N,N,0,225000.0,Commercial associate,Secondary / secondary special,Married,House / apartment,-15355,-3999,Sales staff,2,1,0
5114108,0.0,0,F,N,N,0,225000.0,Commercial associate,Secondary / secondary special,Married,House / apartment,-15355,-3999,Sales staff,2,1,0
5114109,0.0,C,F,N,N,0,225000.0,Commercial associate,Secondary / secondary special,Married,House / apartment,-15355,-3999,Sales staff,2,1,0
5114114,0.0,C,M,Y,N,0,157500.0,Working,Secondary / secondary special,Separated,House / apartment,-17054,-712,Security staff,1,2,0
5114125,0.0,X,M,N,N,1,166500.0,Working,Secondary / secondary special,Married,House / apartment,-11459,-1046,Core staff,3,4,1
5114126,0.0,C,M,N,N,1,166500.0,Working,Secondary / secondary special,Married,House / apartment,-11459,-1046,Core staff,3,2,1
5114127,0.0,C,M,N,N,1,166500.0,Working,Secondary / secondary special,Married,House / apartment,-11459,-1046,Core staff,3,2,1
5114128,0.0,C,M,N,N,1,166500.0,Working,Secondary / secondary special,Married,House / apartment,-11459,-1046,Core staff,3,2,1
5114153,0.0,X,F,Y,N,0,225000.0,Working,Higher education,Married,House / apartment,-15318,-5490,Accountants,2,0,0
5114154,0.0,X,F,Y,N,0,225000.0,Working,Higher education,Married,House / apartment,-15318,-5490,Accountants,2,0,0
5114156,0.0,X,F,Y,N,0,225000.0,Working,Higher education,Married,House / apartment,-15318,-5490,Accountants,2,0,0
5114167,0.0,C,M,N,N,2,112500.0,Working,Higher education,Married,With parents,-14266,-1138,Laborers,4,0,1
5114183,0.0,C,M,N,N,0,135000.0,Working,Secondary / secondary special,Single / not married,House / apartment,-8242,-801,Laborers,1,2,0
5114184,0.0,0,M,N,N,0,135000.0,Working,Secondary / secondary special,Single / not married,House / apartment,-8242,-801,Laborers,1,4,0
5114201,0.0,C,M,Y,N,2,225000.0,Working,Secondary / secondary special,Married,House / apartment,-14136,-2628,Managers,4,2,1
5114203,0.0,C,M,Y,N,2,225000.0,Working,Secondary / secondary special,Married,House / apartment,-14136,-2628,Managers,4,2,1
5114207,0.0,C,M,Y,N,2,225000.0,Working,Secondary / secondary special,Married,House / apartment,-14136,-2628,Managers,4,2,1
5114208,0.0,0,M,Y,N,2,225000.0,Working,Secondary / secondary special,Married,House / apartment,-14136,-2628,Managers,4,2,1
5114209,0.0,0,M,Y,N,2,225000.0,Working,Secondary / secondary special,Married,House / apartment,-14136,-2628,Managers,4,2,1
5114210,0.0,0,M,Y,N,2,225000.0,Working,Secondary / secondary special,Married,House / apartment,-14136,-2628,Managers,4,2,1
5114211,0.0,C,M,Y,N,2,225000.0,Working,Secondary / secondary special,Married,House / apartment,-14136,-2628,Managers,4,2,1
5114212,0.0,X,M,Y,N,2,225000.0,Working,Secondary / secondary special,Married,House / apartment,-14136,-2628,Managers,4,2,1
5114213,0.0,C,M,Y,N,2,225000.0,Working,Secondary / secondary special,Married,House / apartment,-14136,-2628,Managers,4,2,1
5114214,0.0,C,M,Y,N,2,225000.0,Working,Secondary / secondary special,Married,House / apartment,-14136,-2628,Managers,4,2,1
5114217,0.0,X,M,Y,N,2,225000.0,Working,Secondary / secondary special,Married,House / apartment,-14136,-2628,Managers,4,2,1
5114220,0.0,C,M,Y,N,0,112500.0,Working,Secondary / secondary special,Married,House / apartment,-12002,-2262,Sales staff,2,2,0
5114221,0.0,C,M,Y,N,0,112500.0,Working,Secondary / secondary special,Married,House / apartment,-12002,-2262,Sales staff,2,2,0
5114222,0.0,C,M,Y,N,0,112500.0,Working,Secondary / secondary special,Married,House / apartment,-12002,-2262,Sales staff,2,2,0
5114223,0.0,C,M,Y,N,0,112500.0,Working,Secondary / secondary special,Married,House / apartment,-12002,-2262,Sales staff,2,2,0
5114224,0.0,C,M,Y,N,0,112500.0,Working,Secondary / secondary special,Married,House / apartment,-12002,-2262,Sales staff,2,2,0
5114225,0.0,X,M,Y,N,2,247500.0,Working,Secondary / secondary special,Married,House / apartment,-18338,-5673,Laborers,4,2,1
5114227,0.0,X,M,Y,N,2,247500.0,Working,Secondary / secondary special,Married,House / apartment,-18338,-5673,Laborers,4,2,1
5114231,0.0,C,M,Y,N,0,225000.0,Working,Secondary / secondary special,Married,House / apartment,-18672,-2477,Laborers,2,2,0
5114232,0.0,C,M,Y,N,0,225000.0,Working,Secondary / secondary special,Married,House / apartment,-18672,-2477,Laborers,2,2,0
5114233,0.0,X,M,Y,N,0,225000.0,Working,Secondary / secondary special,Married,House / apartment,-18672,-2477,Laborers,2,2,0
5114234,0.0,C,M,Y,N,0,225000.0,Working,Secondary / secondary special,Married,House / apartment,-18672,-2477,Laborers,2,2,0
5114235,0.0,0,M,Y,N,0,225000.0,Working,Secondary / secondary special,Married,House / apartment,-18672,-2477,Laborers,2,2,0
5114237,0.0,0,F,N,N,0,270000.0,Working,Secondary / secondary special,Married,House / apartment,-16723,-712,Managers,2,4,0
5114239,0.0,C,F,N,N,0,270000.0,Working,Secondary / secondary special,Married,House / apartment,-16723,-712,Managers,2,2,0
5114240,0.0,0,F,N,N,0,270000.0,Working,Secondary / secondary special,Married,House / apartment,-16723,-712,Managers,2,4,0
5114241,0.0,C,F,N,N,0,270000.0,Working,Secondary / secondary special,Married,House / apartment,-16723,-712,Managers,2,2,0
5114245,0.0,0,M,Y,N,2,315000.0,Working,Secondary / secondary special,Married,House / apartment,-12906,-408,Drivers,4,2,1
5114246,0.0,C,M,Y,N,2,315000.0,Working,Secondary / secondary special,Married,House / apartment,-12906,-408,Drivers,4,2,1
5114257,0.0,0,M,Y,N,0,765000.0,Working,Higher education,Married,House / apartment,-16503,-1138,Managers,2,0,2
5114260,0.0,0,M,Y,N,0,765000.0,Working,Higher education,Married,House / apartment,-16503,-1138,Managers,2,0,2
5114262,0.0,X,M,Y,N,0,765000.0,Working,Higher education,Married,House / apartment,-16503,-1138,Managers,2,0,2
5114264,0.0,C,M,Y,N,0,765000.0,Working,Higher education,Married,House / apartment,-16503,-1138,Managers,2,0,2
5114270,0.0,C,F,N,N,1,112500.0,Working,Secondary / secondary special,Married,House / apartment,-12424,-1716,Cooking staff,3,2,1
5114272,0.0,C,F,N,N,1,112500.0,Working,Secondary / secondary special,Married,House / apartment,-12424,-1716,Cooking staff,3,2,1
5114274,0.0,C,F,N,N,1,112500.0,Working,Secondary / secondary special,Married,House / apartment,-12424,-1716,Cooking staff,3,2,1
5114283,0.0,0,M,N,N,1,189000.0,Working,Secondary / secondary special,Married,House / apartment,-8966,-985,Drivers,3,4,1
5114284,0.0,C,M,N,N,1,189000.0,Working,Secondary / secondary special,Married,House / apartment,-8966,-985,Drivers,3,2,1
5114315,0.0,0,F,N,N,0,216000.0,State servant,Higher education,Widow,House / apartment,-18408,-4242,Core staff,1,3,0
5114316,0.0,0,F,N,N,0,216000.0,State servant,Higher education,Widow,House / apartment,-18408,-4242,Core staff,1,3,0
5114319,0.0,0,F,N,N,0,216000.0,State servant,Higher education,Widow,House / apartment,-18408,-4242,Core staff,1,3,0
5114324,0.0,X,F,N,N,0,135000.0,Working,Secondary / secondary special,Married,House / apartment,-13967,-4850,High skill tech staff,2,4,0
5114328,0.0,0,F,N,N,1,135000.0,Working,Secondary / secondary special,Civil marriage,House / apartment,-10151,-1138,Laborers,3,4,1
5114333,0.0,0,F,N,N,1,135000.0,Working,Secondary / secondary special,Civil marriage,House / apartment,-10151,-1138,Laborers,3,4,1
5114334,0.0,C,F,N,N,1,135000.0,Working,Secondary / secondary special,Civil marriage,House / apartment,-10151,-1138,Laborers,3,2,1
5114335,0.0,C,F,N,N,1,135000.0,Working,Secondary / secondary special,Civil marriage,House / apartment,-10151,-1138,Laborers,3,2,1
5114336,0.0,C,F,N,N,1,135000.0,Working,Secondary / secondary special,Civil marriage,House / apartment,-10151,-1138,Laborers,3,2,1
5114338,0.0,C,F,N,N,1,135000.0,Working,Secondary / secondary special,Civil marriage,House / apartment,-10151,-1138,Laborers,3,2,1
5114339,0.0,0,F,N,N,1,135000.0,Working,Secondary / secondary special,Civil marriage,House / apartment,-10151,-1138,Laborers,3,4,1
5114340,0.0,C,F,N,N,1,135000.0,Working,Secondary / secondary special,Civil marriage,House / apartment,-10151,-1138,Laborers,3,2,1
5114341,0.0,C,F,N,N,1,135000.0,Working,Secondary / secondary special,Civil marriage,House / apartment,-10151,-1138,Laborers,3,2,1
5114357,0.0,C,F,Y,N,0,337500.0,Working,Secondary / secondary special,Married,House / apartment,-17079,-681,Laborers,2,2,2
5114358,0.0,C,F,Y,N,0,337500.0,Working,Secondary / secondary special,Married,House / apartment,-17079,-681,Laborers,2,2,2
5114359,0.0,C,F,Y,N,0,337500.0,Working,Secondary / secondary special,Married,House / apartment,-17079,-681,Laborers,2,2,2
5114360,0.0,C,F,Y,N,0,337500.0,Working,Secondary / secondary special,Married,House / apartment,-17079,-681,Laborers,2,2,2
5114364,0.0,C,F,N,N,0,202500.0,Working,Higher education,Civil marriage,House / apartment,-9573,-1107,Sales staff,2,0,0
5114365,0.0,C,F,N,N,0,202500.0,Working,Higher education,Civil marriage,House / apartment,-9573,-1107,Sales staff,2,0,0
5114367,0.0,0,F,N,N,0,202500.0,Working,Higher education,Civil marriage,House / apartment,-9573,-1107,Sales staff,2,1,0
5114380,0.0,C,F,Y,N,0,180000.0,Working,Higher education,Married,House / apartment,-15184,-347,Managers,2,0,0
5114381,0.0,X,F,Y,N,0,180000.0,Working,Higher education,Married,House / apartment,-15184,-347,Managers,2,0,0
5114384,0.0,C,F,N,N,0,90000.0,Working,Secondary / secondary special,Married,House / apartment,-18728,-9325,Cooking staff,2,2,0
5114385,0.0,C,F,N,N,0,90000.0,Working,Secondary / secondary special,Married,House / apartment,-18728,-9325,Cooking staff,2,2,0
5114391,0.0,C,F,N,N,0,90000.0,Working,Secondary / secondary special,Married,House / apartment,-18728,-9325,Cooking staff,2,2,0
5114393,0.0,C,F,N,N,0,90000.0,Working,Secondary / secondary special,Married,House / apartment,-18728,-9325,Cooking staff,2,2,0
5114394,0.0,C,F,N,N,0,90000.0,Working,Secondary / secondary special,Married,House / apartment,-18728,-9325,Cooking staff,2,2,0
5114395,0.0,C,F,N,N,0,90000.0,Working,Secondary / secondary special,Married,House / apartment,-18728,-9325,Cooking staff,2,2,0
5114396,0.0,C,F,N,N,0,90000.0,Working,Secondary / secondary special,Married,House / apartment,-18728,-9325,Cooking staff,2,2,0
5114415,0.0,0,M,Y,N,1,135000.0,Working,Secondary / secondary special,Civil marriage,House / apartment,-11494,-559,Low-skill Laborers,3,4,1
5114418,0.0,0,M,N,N,0,157500.0,State servant,Higher education,Married,House / apartment,-11965,-3876,Core staff,2,3,0
5114419,0.0,C,M,N,N,0,157500.0,State servant,Higher education,Married,House / apartment,-11965,-3876,Core staff,2,0,0
5114420,0.0,C,M,N,N,0,157500.0,State servant,Higher education,Married,House / apartment,-11965,-3876,Core staff,2,0,0
5114421,0.0,0,M,N,N,0,157500.0,State servant,Higher education,Married,House / apartment,-11965,-3876,Core staff,2,3,0
5114422,0.0,C,M,N,N,0,157500.0,State servant,Higher education,Married,House / apartment,-11965,-3876,Core staff,2,0,0
5114425,0.0,C,F,N,N,1,90000.0,Working,Secondary / secondary special,Married,House / apartment,-9189,-436,Drivers,3,2,1
5114434,0.0,C,F,N,Y,1,157500.0,Working,Secondary / secondary special,Married,House / apartment,-17262,-1107,Sales staff,3,2,1
5114436,0.0,0,F,N,Y,1,157500.0,Working,Secondary / secondary special,Married,House / apartment,-17262,-1107,Sales staff,3,4,1
5114438,0.0,C,F,N,Y,1,157500.0,Working,Secondary / secondary special,Married,House / apartment,-17262,-1107,Sales staff,3,2,1
5114441,0.0,C,F,Y,Y,1,121500.0,Working,Secondary / secondary special,Married,House / apartment,-15999,-3269,Sales staff,3,2,1
5114444,0.0,0,F,Y,Y,1,121500.0,Working,Secondary / secondary special,Married,House / apartment,-15999,-3269,Sales staff,3,4,1
5114446,0.0,0,F,Y,Y,1,121500.0,Working,Secondary / secondary special,Married,House / apartment,-15999,-3269,Sales staff,3,4,1
5114457,0.0,X,F,Y,Y,2,675000.0,Working,Secondary / secondary special,Married,House / apartment,-18605,-224,Sales staff,4,4,2
5114458,0.0,X,F,Y,Y,2,675000.0,Working,Secondary / secondary special,Married,House / apartment,-18605,-224,Sales staff,4,4,2
5114465,0.0,X,M,Y,Y,0,180000.0,Working,Secondary / secondary special,Single / not married,House / apartment,-11954,-467,Drivers,1,2,0
5114473,0.0,C,M,Y,Y,1,495000.0,Working,Higher education,Married,House / apartment,-16812,-71,Managers,3,0,2
5114482,0.0,C,F,N,Y,0,225000.0,State servant,Secondary / secondary special,Married,House / apartment,-10100,-863,Core staff,2,1,0
5114483,0.0,0,F,N,Y,0,225000.0,State servant,Secondary / secondary special,Married,House / apartment,-10100,-863,Core staff,2,1,0
5114501,0.0,C,M,N,N,2,180000.0,Working,Secondary / secondary special,Married,House / apartment,-9930,-2324,Laborers,4,2,1
5114502,0.0,C,M,N,N,2,180000.0,Working,Secondary / secondary special,Married,House / apartment,-9930,-2324,Laborers,4,2,1
5114503,0.0,C,M,N,N,2,180000.0,Working,Secondary / secondary special,Married,House / apartment,-9930,-2324,Laborers,4,2,1
5114504,0.0,C,M,N,N,2,180000.0,Working,Secondary / secondary special,Married,House / apartment,-9930,-2324,Laborers,4,2,1
5114505,0.0,0,M,N,N,2,180000.0,Working,Secondary / secondary special,Married,House / apartment,-9930,-2324,Laborers,4,4,1
5114506,0.0,C,M,N,N,2,180000.0,Working,Secondary / secondary special,Married,House / apartment,-9930,-2324,Laborers,4,2,1
5114508,0.0,C,M,N,N,2,180000.0,Working,Secondary / secondary special,Married,House / apartment,-9930,-2324,Laborers,4,2,1
5114509,0.0,C,M,N,N,2,180000.0,Working,Secondary / secondary special,Married,House / apartment,-9930,-2324,Laborers,4,2,1
5114511,0.0,C,M,N,N,2,180000.0,Working,Secondary / secondary special,Married,House / apartment,-9930,-2324,Laborers,4,2,1
5114512,0.0,C,M,N,N,2,180000.0,Working,Secondary / secondary special,Married,House / apartment,-9930,-2324,Laborers,4,2,1
5114514,0.0,C,F,Y,Y,0,157500.0,Working,Higher education,Married,Co-op apartment,-22185,-347,Accountants,2,0,0
5114519,0.0,C,F,Y,Y,0,157500.0,Working,Higher education,Married,Co-op apartment,-22185,-347,Accountants,2,0,0
5114520,0.0,C,F,Y,Y,0,157500.0,Working,Higher education,Married,Co-op apartment,-22185,-347,Accountants,2,0,0
5114521,0.0,X,F,Y,Y,0,157500.0,Working,Higher education,Married,Co-op apartment,-22185,-347,Accountants,2,0,0
5114525,0.0,X,F,Y,Y,0,157500.0,Working,Higher education,Married,Co-op apartment,-22185,-347,Accountants,2,0,0
5114528,0.0,X,F,Y,Y,0,157500.0,Working,Higher education,Married,Co-op apartment,-22185,-347,Accountants,2,0,0
5114529,0.0,0,F,Y,Y,0,157500.0,Working,Higher education,Married,Co-op apartment,-22185,-347,Accountants,2,1,0
5114530,0.0,X,F,Y,Y,0,157500.0,Working,Higher education,Married,Co-op apartment,-22185,-347,Accountants,2,0,0
5114531,0.0,0,F,Y,Y,0,157500.0,Working,Higher education,Married,Co-op apartment,-22185,-347,Accountants,2,1,0
5114532,0.0,0,F,Y,Y,0,157500.0,Working,Higher education,Married,Co-op apartment,-22185,-347,Accountants,2,1,0
5114533,0.0,C,F,Y,Y,0,157500.0,Working,Higher education,Married,Co-op apartment,-22185,-347,Accountants,2,0,0
5114538,0.0,C,F,N,Y,0,166500.0,Working,Incomplete higher,Married,House / apartment,-10794,-4029,Laborers,2,2,0
5114540,0.0,0,F,N,Y,0,166500.0,Working,Incomplete higher,Married,House / apartment,-10794,-4029,Laborers,2,4,0
5114541,0.0,C,F,N,Y,0,166500.0,Working,Incomplete higher,Married,House / apartment,-10794,-4029,Laborers,2,2,0
5114543,0.0,0,F,N,Y,0,166500.0,Working,Incomplete higher,Married,House / apartment,-10794,-4029,Laborers,2,4,0
5114544,0.0,C,F,N,Y,0,166500.0,Working,Incomplete higher,Married,House / apartment,-10794,-4029,Laborers,2,2,0
5114546,0.0,C,F,N,Y,0,166500.0,Working,Incomplete higher,Married,House / apartment,-10794,-4029,Laborers,2,2,0
5114550,0.0,C,F,N,Y,1,135000.0,Commercial associate,Secondary / secondary special,Widow,Municipal apartment,-17121,-9751,Core staff,2,1,0
5114551,0.0,X,F,N,Y,1,135000.0,Commercial associate,Secondary / secondary special,Widow,Municipal apartment,-17121,-9751,Core staff,2,1,0
5114552,0.0,0,F,N,Y,1,135000.0,Commercial associate,Secondary / secondary special,Widow,Municipal apartment,-17121,-9751,Core staff,2,1,0
5114554,0.0,0,F,N,Y,1,135000.0,Commercial associate,Secondary / secondary special,Widow,Municipal apartment,-17121,-9751,Core staff,2,1,0
5114555,0.0,0,F,N,Y,1,135000.0,Commercial associate,Secondary / secondary special,Widow,Municipal apartment,-17121,-9751,Core staff,2,1,0
5114556,0.0,C,F,N,Y,1,135000.0,Commercial associate,Secondary / secondary special,Widow,Municipal apartment,-17121,-9751,Core staff,2,1,0
5114562,0.0,X,M,Y,Y,1,157500.0,Working,Secondary / secondary special,Married,House / apartment,-15239,-2538,Drivers,3,2,1
5114564,0.0,0,M,Y,Y,1,157500.0,Working,Secondary / secondary special,Married,House / apartment,-15239,-2538,Drivers,3,2,1
5114566,0.0,C,M,Y,Y,1,157500.0,Working,Secondary / secondary special,Married,House / apartment,-15239,-2538,Drivers,3,2,1
5114589,0.0,0,M,N,Y,0,202500.0,Working,Secondary / secondary special,Civil marriage,House / apartment,-10886,-742,Drivers,2,4,0
5114590,0.0,C,M,N,Y,0,202500.0,Working,Secondary / secondary special,Civil marriage,House / apartment,-10886,-742,Drivers,2,2,0
5114592,0.0,0,M,N,Y,0,202500.0,Working,Secondary / secondary special,Civil marriage,House / apartment,-10886,-742,Drivers,2,4,0
5114593,0.0,C,M,N,Y,0,202500.0,Working,Secondary / secondary special,Civil marriage,House / apartment,-10886,-742,Drivers,2,2,0
5114594,0.0,0,M,N,Y,0,202500.0,Working,Secondary / secondary special,Civil marriage,House / apartment,-10886,-742,Drivers,2,4,0
5114598,0.0,C,F,N,Y,1,180000.0,Commercial associate,Higher education,Separated,House / apartment,-17289,-5550,Managers,2,3,0
5114599,0.0,C,F,N,Y,1,180000.0,Commercial associate,Higher education,Separated,House / apartment,-17289,-5550,Managers,2,3,0
5114600,0.0,C,F,N,Y,1,180000.0,Commercial associate,Higher education,Separated,House / apartment,-17289,-5550,Managers,2,3,0
5114601,0.0,0,F,N,Y,1,180000.0,Commercial associate,Higher education,Separated,House / apartment,-17289,-5550,Managers,2,3,0
5114602,0.0,0,F,N,Y,1,180000.0,Commercial associate,Higher education,Separated,House / apartment,-17289,-5550,Managers,2,3,0
5114603,0.0,C,F,N,Y,1,180000.0,Commercial associate,Higher education,Separated,House / apartment,-17289,-5550,Managers,2,3,0
5114604,0.0,C,F,N,Y,1,180000.0,Commercial associate,Higher education,Separated,House / apartment,-17289,-5550,Managers,2,3,0
5114624,0.0,X,M,N,Y,0,945000.0,Working,Secondary / secondary special,Married,House / apartment,-20836,-1838,Managers,2,2,2
5114626,0.0,0,M,N,Y,0,945000.0,Working,Secondary / secondary special,Married,House / apartment,-20836,-1838,Managers,2,4,2
5114627,0.0,X,M,N,Y,0,945000.0,Working,Secondary / secondary special,Married,House / apartment,-20836,-1838,Managers,2,2,2
5114630,0.0,C,F,N,Y,0,81000.0,Working,Secondary / secondary special,Married,House / apartment,-19738,-286,Sales staff,2,2,0
5114631,0.0,C,F,N,Y,0,81000.0,Working,Secondary / secondary special,Married,House / apartment,-19738,-286,Sales staff,2,2,0
5114632,0.0,0,F,N,Y,0,81000.0,Working,Secondary / secondary special,Married,House / apartment,-19738,-286,Sales staff,2,4,0
5114633,0.0,C,F,N,Y,0,81000.0,Working,Secondary / secondary special,Married,House / apartment,-19738,-286,Sales staff,2,2,0
5114634,0.0,X,F,N,Y,0,81000.0,Working,Secondary / secondary special,Married,House / apartment,-19738,-286,Sales staff,2,4,0
5114636,0.0,0,M,N,Y,1,175500.0,Working,Secondary / secondary special,Married,Rented apartment,-10917,-377,Sales staff,3,4,1
5114637,0.0,0,M,N,Y,1,175500.0,Working,Secondary / secondary special,Married,Rented apartment,-10917,-377,Sales staff,3,4,1
5114639,0.0,X,M,N,Y,0,315000.0,Working,Secondary / secondary special,Married,House / apartment,-10744,-3420,Laborers,2,2,2
5114640,0.0,0,M,N,Y,2,135000.0,Working,Secondary / secondary special,Married,House / apartment,-11010,-1838,Core staff,4,4,1
5114648,0.0,C,M,N,N,0,247500.0,Commercial associate,Secondary / secondary special,Married,Rented apartment,-18993,-1747,Security staff,2,0,0
5114649,0.0,0,M,N,N,0,247500.0,Commercial associate,Secondary / secondary special,Married,Rented apartment,-18993,-1747,Security staff,2,1,0
5114650,0.0,0,M,N,N,0,247500.0,Commercial associate,Secondary / secondary special,Married,Rented apartment,-18993,-1747,Security staff,2,1,0
5114652,0.0,X,F,N,Y,0,112500.0,Working,Incomplete higher,Single / not married,House / apartment,-8213,-347,Sales staff,1,1,0
5114653,0.0,C,F,N,Y,0,112500.0,Working,Incomplete higher,Single / not married,House / apartment,-8213,-347,Sales staff,1,1,0
5114654,0.0,X,F,N,Y,0,112500.0,Working,Incomplete higher,Single / not married,House / apartment,-8213,-347,Sales staff,1,1,0
5115395,0.0,0,M,N,Y,2,180000.0,Working,Secondary / secondary special,Married,House / apartment,-17005,-3267,Laborers,4,4,1
5115396,0.0,0,M,N,Y,2,180000.0,Working,Secondary / secondary special,Married,House / apartment,-17005,-3267,Laborers,4,4,1
5115397,0.0,0,M,N,Y,2,180000.0,Working,Secondary / secondary special,Married,House / apartment,-17005,-3267,Laborers,4,4,1
5115404,0.0,C,F,N,Y,1,135000.0,Working,Secondary / secondary special,Single / not married,House / apartment,-15114,-6250,Sales staff,2,4,0
5115405,0.0,C,F,Y,Y,0,157500.0,Commercial associate,Higher education,Married,House / apartment,-14639,-679,Accountants,2,3,0
5115406,0.0,C,F,Y,Y,0,157500.0,Commercial associate,Higher education,Married,House / apartment,-14639,-679,Accountants,2,3,0
5115407,0.0,X,F,Y,Y,0,157500.0,Commercial associate,Higher education,Married,House / apartment,-14639,-679,Accountants,2,3,0
5115410,0.0,C,M,N,Y,0,135000.0,Working,Secondary / secondary special,Civil marriage,House / apartment,-17092,-1290,Drivers,2,2,0
5115412,0.0,0,F,N,Y,0,495000.0,Commercial associate,Higher education,Single / not married,Municipal apartment,-14443,-1686,Core staff,1,3,2
5115421,0.0,0,F,Y,Y,2,202500.0,Commercial associate,Secondary / secondary special,Married,House / apartment,-12642,-3298,High skill tech staff,4,1,1
5115424,0.0,1,F,Y,Y,2,202500.0,Commercial associate,Secondary / secondary special,Married,House / apartment,-12642,-3298,High skill tech staff,4,1,0
5115425,0.0,0,F,Y,Y,2,202500.0,Commercial associate,Secondary / secondary special,Married,House / apartment,-12642,-3298,High skill tech staff,4,1,1
5115426,0.0,C,F,Y,Y,2,202500.0,Commercial associate,Secondary / secondary special,Married,House / apartment,-12642,-3298,High skill tech staff,4,0,1
5115428,0.0,C,F,Y,Y,2,202500.0,Commercial associate,Secondary / secondary special,Married,House / apartment,-12642,-3298,High skill tech staff,4,0,1
5115430,0.0,C,F,Y,Y,2,202500.0,Commercial associate,Secondary / secondary special,Married,House / apartment,-12642,-3298,High skill tech staff,4,0,1
5115432,0.0,C,M,Y,Y,0,360000.0,Working,Secondary / secondary special,Married,House / apartment,-17257,-3236,Drivers,2,2,2
5115434,0.0,0,M,Y,Y,0,360000.0,Working,Secondary / secondary special,Married,House / apartment,-17257,-3236,Drivers,2,2,2
5115435,0.0,C,M,Y,Y,0,360000.0,Working,Secondary / secondary special,Married,House / apartment,-17257,-3236,Drivers,2,2,2
5115436,0.0,C,M,Y,Y,0,360000.0,Working,Secondary / secondary special,Married,House / apartment,-17257,-3236,Drivers,2,2,2
5115437,0.0,C,M,Y,Y,0,360000.0,Working,Secondary / secondary special,Married,House / apartment,-17257,-3236,Drivers,2,2,2
5115438,0.0,0,M,Y,Y,0,360000.0,Working,Secondary / secondary special,Married,House / apartment,-17257,-3236,Drivers,2,2,2
5115444,0.0,C,M,Y,Y,0,157500.0,Working,Secondary / secondary special,Married,Rented apartment,-13212,-771,Drivers,2,2,0
5115445,0.0,C,M,Y,Y,0,135000.0,Working,Secondary / secondary special,Married,House / apartment,-18408,-5093,Drivers,2,2,0
5115450,0.0,C,F,Y,Y,0,270000.0,Commercial associate,Higher education,Married,House / apartment,-17833,-620,Accountants,2,3,2
5115451,0.0,C,F,Y,Y,0,270000.0,Commercial associate,Higher education,Married,House / apartment,-17833,-620,Accountants,2,3,2
5115452,0.0,0,F,Y,Y,0,270000.0,Commercial associate,Higher education,Married,House / apartment,-17833,-620,Accountants,2,3,2
5115453,0.0,0,F,Y,Y,0,270000.0,Commercial associate,Higher education,Married,House / apartment,-17833,-620,Accountants,2,3,2
5115454,0.0,C,F,Y,Y,0,270000.0,Commercial associate,Higher education,Married,House / apartment,-17833,-620,Accountants,2,3,2
5115456,0.0,C,F,Y,Y,0,270000.0,Commercial associate,Higher education,Married,House / apartment,-17833,-620,Accountants,2,3,2
5115457,0.0,X,M,N,N,0,157500.0,Commercial associate,Higher education,Civil marriage,House / apartment,-9361,-164,Waiters/barmen staff,2,3,0
5115459,0.0,X,M,N,N,0,157500.0,Commercial associate,Higher education,Civil marriage,House / apartment,-9361,-164,Waiters/barmen staff,2,3,0
5115460,0.0,0,M,N,N,0,157500.0,Commercial associate,Higher education,Civil marriage,House / apartment,-9361,-164,Waiters/barmen staff,2,3,0
5115461,0.0,X,M,N,N,0,157500.0,Commercial associate,Higher education,Civil marriage,House / apartment,-9361,-164,Waiters/barmen staff,2,3,0
5115462,0.0,X,M,N,N,0,157500.0,Commercial associate,Higher education,Civil marriage,House / apartment,-9361,-164,Waiters/barmen staff,2,3,0
5115484,0.0,C,F,Y,Y,0,157500.0,Commercial associate,Higher education,Married,House / apartment,-17052,-3055,Sales staff,2,3,0
5115485,0.0,C,F,Y,Y,0,157500.0,Commercial associate,Higher education,Married,House / apartment,-17052,-3055,Sales staff,2,3,0
5115492,0.0,X,M,Y,Y,2,225000.0,Commercial associate,Secondary / secondary special,Married,House / apartment,-16084,-1382,Laborers,4,2,1
5115493,0.0,X,M,Y,Y,2,225000.0,Commercial associate,Secondary / secondary special,Married,House / apartment,-16084,-1382,Laborers,4,2,1
5115494,0.0,X,M,Y,Y,2,225000.0,Commercial associate,Secondary / secondary special,Married,House / apartment,-16084,-1382,Laborers,4,2,1
5115495,0.0,X,M,Y,Y,2,225000.0,Commercial associate,Secondary / secondary special,Married,House / apartment,-16084,-1382,Laborers,4,2,1
5115497,0.0,X,M,Y,Y,2,225000.0,Commercial associate,Secondary / secondary special,Married,House / apartment,-16084,-1382,Laborers,4,2,1
5115498,0.0,X,M,Y,Y,2,225000.0,Commercial associate,Secondary / secondary special,Married,House / apartment,-16084,-1382,Laborers,4,2,1
5115499,0.0,C,M,Y,Y,2,225000.0,Commercial associate,Secondary / secondary special,Married,House / apartment,-16084,-1382,Laborers,4,0,1
5115500,0.0,X,M,Y,Y,2,225000.0,Commercial associate,Secondary / secondary special,Married,House / apartment,-16084,-1382,Laborers,4,2,1
5115501,0.0,X,M,Y,Y,2,225000.0,Commercial associate,Secondary / secondary special,Married,House / apartment,-16084,-1382,Laborers,4,2,1
5115502,0.0,X,M,Y,Y,2,225000.0,Commercial associate,Secondary / secondary special,Married,House / apartment,-16084,-1382,Laborers,4,2,1
5115503,0.0,X,M,Y,Y,2,225000.0,Commercial associate,Secondary / secondary special,Married,House / apartment,-16084,-1382,Laborers,4,2,1
5115505,0.0,X,M,Y,Y,2,247500.0,Working,Secondary / secondary special,Married,House / apartment,-10771,-1351,Laborers,4,2,1
5115507,0.0,C,F,N,N,1,81000.0,Working,Secondary / secondary special,Married,With parents,-12812,-3389,Core staff,3,2,1
5115512,0.0,C,F,N,N,1,81000.0,Working,Secondary / secondary special,Married,With parents,-12812,-3389,Core staff,3,2,1
5115513,0.0,C,F,N,N,1,81000.0,Working,Secondary / secondary special,Married,With parents,-12812,-3389,Core staff,3,2,1
5115516,0.0,C,F,N,N,1,81000.0,Working,Secondary / secondary special,Married,With parents,-12812,-3389,Core staff,3,2,1
5115517,0.0,C,F,Y,Y,2,166500.0,Working,Secondary / secondary special,Married,House / apartment,-14557,-7346,Accountants,4,2,1
5115518,0.0,C,F,Y,Y,2,166500.0,Working,Secondary / secondary special,Married,House / apartment,-14557,-7346,Accountants,4,2,1
5115519,0.0,C,F,Y,Y,2,166500.0,Working,Secondary / secondary special,Married,House / apartment,-14557,-7346,Accountants,4,2,1
5115528,0.0,0,M,Y,Y,0,252000.0,Working,Secondary / secondary special,Married,House / apartment,-21663,-8015,Core staff,2,4,2
5115529,0.0,C,M,Y,Y,0,252000.0,Working,Secondary / secondary special,Married,House / apartment,-21663,-8015,Core staff,2,2,2
5115547,0.0,X,F,N,Y,1,135000.0,Working,Secondary / secondary special,Married,House / apartment,-14948,-4881,Laborers,3,4,1
5115548,0.0,C,F,N,Y,1,135000.0,Working,Secondary / secondary special,Married,House / apartment,-14948,-4881,Laborers,3,2,1
5115550,0.0,0,F,N,Y,1,135000.0,Working,Secondary / secondary special,Married,House / apartment,-14948,-4881,Laborers,3,4,1
5115555,0.0,C,F,Y,Y,0,135000.0,Commercial associate,Higher education,Married,House / apartment,-14810,-1655,Laborers,2,0,0
5115556,0.0,C,F,Y,Y,0,135000.0,Commercial associate,Higher education,Married,House / apartment,-14810,-1655,Laborers,2,0,0
5115561,0.0,0,F,N,N,0,121500.0,Commercial associate,Secondary / secondary special,Civil marriage,Municipal apartment,-13735,-679,Laborers,2,1,0
5115576,0.0,0,F,N,Y,2,112500.0,Working,Secondary / secondary special,Married,House / apartment,-11875,-2568,Laborers,4,4,1
5115577,0.0,C,F,N,Y,2,112500.0,Working,Secondary / secondary special,Married,House / apartment,-11875,-2568,Laborers,4,2,1
5115579,0.0,C,F,N,Y,2,112500.0,Working,Secondary / secondary special,Married,House / apartment,-11875,-2568,Laborers,4,2,1
5115580,0.0,C,F,N,Y,2,112500.0,Working,Secondary / secondary special,Married,House / apartment,-11875,-2568,Laborers,4,2,1
5115581,0.0,X,F,Y,Y,0,463500.0,Working,Higher education,Married,House / apartment,-20848,-4090,Managers,2,0,2
5115587,0.0,C,F,Y,Y,0,463500.0,Working,Higher education,Married,House / apartment,-20848,-4090,Managers,2,0,2
5115588,0.0,0,F,Y,Y,0,463500.0,Working,Higher education,Married,House / apartment,-20848,-4090,Managers,2,3,2
5115592,0.0,C,F,Y,Y,0,463500.0,Working,Higher education,Married,House / apartment,-20848,-4090,Managers,2,0,2
5115593,0.0,X,F,N,Y,0,166500.0,Working,Higher education,Single / not married,House / apartment,-16427,-7104,High skill tech staff,1,1,0
5115597,0.0,X,F,N,N,1,45000.0,State servant,Secondary / secondary special,Married,House / apartment,-11304,-3998,Medicine staff,3,1,1
5115598,0.0,C,F,N,N,1,45000.0,State servant,Secondary / secondary special,Married,House / apartment,-11304,-3998,Medicine staff,3,1,1
5115600,0.0,0,F,N,N,1,45000.0,State servant,Secondary / secondary special,Married,House / apartment,-11304,-3998,Medicine staff,3,1,1
5115603,0.0,X,F,N,N,0,225000.0,Working,Higher education,Married,House / apartment,-15966,-3055,Core staff,2,1,0
5115605,0.0,C,F,N,Y,0,202500.0,Working,Secondary / secondary special,Married,House / apartment,-14523,-3420,Core staff,2,2,0
5115609,0.0,C,F,N,Y,0,202500.0,Working,Secondary / secondary special,Married,House / apartment,-14523,-3420,Core staff,2,2,0
5115613,0.0,C,M,N,N,1,180000.0,State servant,Secondary / secondary special,Married,House / apartment,-13866,-6281,Managers,3,0,1
5115619,0.0,0,F,N,Y,0,67500.0,Working,Incomplete higher,Married,House / apartment,-10759,-2171,Sales staff,2,1,0
5115629,0.0,0,M,N,N,0,202500.0,Working,Secondary / secondary special,Civil marriage,House / apartment,-22800,-102,Drivers,2,4,0
5115631,0.0,C,M,N,N,0,202500.0,Working,Secondary / secondary special,Civil marriage,House / apartment,-22800,-102,Drivers,2,2,0
5115632,0.0,0,M,N,N,0,202500.0,Working,Secondary / secondary special,Civil marriage,House / apartment,-22800,-102,Drivers,2,4,0
5115633,0.0,C,M,N,N,0,202500.0,Working,Secondary / secondary special,Civil marriage,House / apartment,-22800,-102,Drivers,2,2,0
5115638,0.0,0,M,Y,Y,0,382500.0,Working,Higher education,Separated,House / apartment,-14806,-710,Managers,1,0,2
5115639,0.0,X,M,Y,Y,0,382500.0,Working,Higher education,Separated,House / apartment,-14806,-710,Managers,1,0,2
5115640,0.0,X,M,Y,Y,0,382500.0,Working,Higher education,Separated,House / apartment,-14806,-710,Managers,1,0,2
5115642,0.0,X,M,Y,Y,0,382500.0,Working,Higher education,Separated,House / apartment,-14806,-710,Managers,1,0,2
5115643,0.0,0,M,N,Y,0,112500.0,Commercial associate,Secondary / secondary special,Single / not married,House / apartment,-9435,-1472,Laborers,1,1,0
5115644,0.0,C,M,N,Y,0,112500.0,Commercial associate,Secondary / secondary special,Single / not married,House / apartment,-9435,-1472,Laborers,1,1,0
5115645,0.0,0,M,N,Y,0,112500.0,Commercial associate,Secondary / secondary special,Single / not married,House / apartment,-9435,-1472,Laborers,1,1,0
5115646,0.0,C,M,N,Y,0,112500.0,Commercial associate,Secondary / secondary special,Single / not married,House / apartment,-9435,-1472,Laborers,1,1,0
5115655,0.0,C,F,Y,N,0,270000.0,Commercial associate,Secondary / secondary special,Married,House / apartment,-14775,-498,Managers,2,0,2
5115656,0.0,C,F,Y,N,0,270000.0,Commercial associate,Secondary / secondary special,Married,House / apartment,-14775,-498,Managers,2,0,2
5115657,0.0,C,F,Y,N,0,270000.0,Commercial associate,Secondary / secondary special,Married,House / apartment,-14775,-498,Managers,2,0,2
5115658,0.0,X,M,Y,Y,0,225000.0,Commercial associate,Higher education,Single / not married,House / apartment,-15994,-2537,Sales staff,1,3,0
5115660,0.0,0,M,Y,Y,0,225000.0,Commercial associate,Higher education,Single / not married,House / apartment,-15994,-2537,Sales staff,1,3,0
5115662,0.0,0,M,Y,Y,0,225000.0,Commercial associate,Higher education,Single / not married,House / apartment,-15994,-2537,Sales staff,1,3,0
5115666,0.0,0,F,N,Y,0,90000.0,Commercial associate,Secondary / secondary special,Married,House / apartment,-20332,-1107,Sales staff,2,1,0
5115668,0.0,C,M,Y,Y,1,189000.0,Working,Higher education,Married,House / apartment,-13317,-3663,High skill tech staff,3,0,1
5115672,0.0,0,M,Y,Y,1,189000.0,Working,Higher education,Married,House / apartment,-13317,-3663,High skill tech staff,3,0,1
5115683,0.0,X,F,Y,Y,0,180000.0,Working,Higher education,Married,House / apartment,-15554,-2416,Drivers,2,0,0
5115686,0.0,C,F,Y,Y,0,180000.0,Working,Higher education,Married,House / apartment,-15554,-2416,Drivers,2,0,0
5115688,0.0,X,F,Y,Y,0,180000.0,Working,Higher education,Married,House / apartment,-15554,-2416,Drivers,2,0,0
5115689,0.0,C,F,Y,Y,0,180000.0,Working,Higher education,Married,House / apartment,-15554,-2416,Drivers,2,0,0
5115692,0.0,C,F,Y,Y,0,180000.0,Working,Higher education,Married,House / apartment,-15554,-2416,Drivers,2,0,0
5115693,0.0,X,M,Y,Y,0,76500.0,Working,Secondary / secondary special,Married,House / apartment,-18177,-2263,Laborers,2,2,0
5115694,0.0,X,M,Y,Y,0,76500.0,Working,Secondary / secondary special,Married,House / apartment,-18177,-2263,Laborers,2,2,0
5115697,0.0,X,M,Y,Y,0,76500.0,Working,Secondary / secondary special,Married,House / apartment,-18177,-2263,Laborers,2,2,0
5115702,0.0,X,M,Y,Y,0,76500.0,Working,Secondary / secondary special,Married,House / apartment,-18177,-2263,Laborers,2,2,0
5115703,0.0,X,M,Y,Y,0,76500.0,Working,Secondary / secondary special,Married,House / apartment,-18177,-2263,Laborers,2,2,0
5115706,0.0,X,M,Y,Y,0,76500.0,Working,Secondary / secondary special,Married,House / apartment,-18177,-2263,Laborers,2,2,0
5115707,0.0,C,M,N,Y,1,202500.0,State servant,Higher education,Married,House / apartment,-10756,-2355,Core staff,3,0,1
5115709,0.0,X,M,N,Y,1,202500.0,State servant,Higher education,Married,House / apartment,-10756,-2355,Core staff,3,3,1
5115711,0.0,C,M,N,Y,1,202500.0,State servant,Higher education,Married,House / apartment,-10756,-2355,Core staff,3,0,1
5115713,0.0,0,M,N,Y,1,202500.0,State servant,Higher education,Married,House / apartment,-10756,-2355,Core staff,3,3,1
5115714,0.0,C,M,N,Y,1,202500.0,State servant,Higher education,Married,House / apartment,-10756,-2355,Core staff,3,0,1
5115715,0.0,C,M,N,Y,1,202500.0,State servant,Higher education,Married,House / apartment,-10756,-2355,Core staff,3,0,1
5115716,0.0,C,F,N,Y,1,67500.0,Working,Secondary / secondary special,Married,House / apartment,-11032,-314,Accountants,3,2,1
5115718,0.0,0,F,N,Y,1,67500.0,Working,Secondary / secondary special,Married,House / apartment,-11032,-314,Accountants,3,4,1
5115727,0.0,X,F,N,N,0,108000.0,State servant,Secondary / secondary special,Married,Municipal apartment,-8862,-1625,Medicine staff,2,1,0
5115734,0.0,C,F,N,Y,0,90000.0,Working,Secondary / secondary special,Separated,House / apartment,-19973,-12917,Accountants,1,4,0
5115735,0.0,C,F,N,Y,0,90000.0,Working,Secondary / secondary special,Separated,House / apartment,-19973,-12917,Accountants,1,4,0
5115736,0.0,X,F,N,Y,0,90000.0,Working,Secondary / secondary special,Separated,House / apartment,-19973,-12917,Accountants,1,4,0
5115737,0.0,C,M,Y,Y,0,112500.0,Working,Secondary / secondary special,Married,House / apartment,-11582,-741,Core staff,2,2,0
5115742,0.0,0,F,Y,Y,2,283500.0,State servant,Higher education,Married,House / apartment,-12902,-4120,Core staff,4,3,1
5115743,0.0,0,F,Y,Y,2,283500.0,State servant,Higher education,Married,House / apartment,-12902,-4120,Core staff,4,3,1
5115745,0.0,0,F,N,Y,0,180000.0,State servant,Higher education,Married,House / apartment,-21601,-12490,High skill tech staff,2,3,0
5115746,0.0,C,F,N,Y,0,180000.0,State servant,Higher education,Married,House / apartment,-21601,-12490,High skill tech staff,2,3,0
5115751,0.0,C,M,Y,Y,1,121500.0,Working,Secondary / secondary special,Married,With parents,-10511,-2355,Laborers,3,2,1
5115752,0.0,C,M,Y,Y,1,121500.0,Working,Secondary / secondary special,Married,With parents,-10511,-2355,Laborers,3,2,1
5115753,0.0,0,M,Y,Y,1,121500.0,Working,Secondary / secondary special,Married,With parents,-10511,-2355,Laborers,3,2,1
5115754,0.0,0,M,Y,Y,1,121500.0,Working,Secondary / secondary special,Married,With parents,-10511,-2355,Laborers,3,2,1
5115755,0.0,C,M,Y,Y,0,270000.0,Commercial associate,Secondary / secondary special,Married,House / apartment,-14401,-3389,Laborers,2,0,2
5115757,0.0,0,M,Y,Y,0,270000.0,Commercial associate,Secondary / secondary special,Married,House / apartment,-14401,-3389,Laborers,2,1,2
5115761,0.0,C,M,Y,Y,0,270000.0,Commercial associate,Secondary / secondary special,Married,House / apartment,-14401,-3389,Laborers,2,0,2
5115762,0.0,C,M,Y,Y,0,270000.0,Commercial associate,Secondary / secondary special,Married,House / apartment,-14401,-3389,Laborers,2,0,2
5115763,0.0,X,M,Y,Y,0,270000.0,Commercial associate,Secondary / secondary special,Married,House / apartment,-14401,-3389,Laborers,2,2,2
5115774,0.0,C,F,N,Y,0,112500.0,State servant,Secondary / secondary special,Married,Municipal apartment,-10826,-1472,Medicine staff,2,1,0
5115776,0.0,C,M,N,Y,0,270000.0,Working,Secondary / secondary special,Married,With parents,-14754,-2871,Laborers,2,2,0
5115779,0.0,0,M,N,Y,0,270000.0,Working,Secondary / secondary special,Married,With parents,-14754,-2871,Laborers,2,4,0
5115780,0.0,C,M,N,Y,0,270000.0,Working,Secondary / secondary special,Married,With parents,-14754,-2871,Laborers,2,2,0
5115785,0.0,C,F,N,Y,1,135000.0,Commercial associate,Secondary / secondary special,Single / not married,House / apartment,-14578,-7346,Laborers,2,1,0
5115786,0.0,X,F,N,Y,1,135000.0,Commercial associate,Secondary / secondary special,Single / not married,House / apartment,-14578,-7346,Laborers,2,1,0
5115792,0.0,C,F,N,Y,1,135000.0,Commercial associate,Secondary / secondary special,Single / not married,House / apartment,-14578,-7346,Laborers,2,1,0
5115793,0.0,C,F,N,Y,1,135000.0,Commercial associate,Secondary / secondary special,Single / not married,House / apartment,-14578,-7346,Laborers,2,1,0
5115794,0.0,C,F,N,Y,1,135000.0,Commercial associate,Secondary / secondary special,Single / not married,House / apartment,-14578,-7346,Laborers,2,1,0
5115795,0.0,C,F,N,Y,1,135000.0,Commercial associate,Secondary / secondary special,Single / not married,House / apartment,-14578,-7346,Laborers,2,1,0
5115796,0.0,C,F,N,Y,1,135000.0,Commercial associate,Secondary / secondary special,Single / not married,House / apartment,-14578,-7346,Laborers,2,1,0
5115797,0.0,C,F,N,Y,1,135000.0,Commercial associate,Secondary / secondary special,Single / not married,House / apartment,-14578,-7346,Laborers,2,1,0
5115798,0.0,C,F,N,Y,1,135000.0,Commercial associate,Secondary / secondary special,Single / not married,House / apartment,-14578,-7346,Laborers,2,1,0
5115799,0.0,0,F,N,Y,1,135000.0,Commercial associate,Secondary / secondary special,Single / not married,House / apartment,-14578,-7346,Laborers,2,1,0
5115800,0.0,0,F,N,Y,1,135000.0,Commercial associate,Secondary / secondary special,Single / not married,House / apartment,-14578,-7346,Laborers,2,1,0
5115808,0.0,0,F,Y,Y,2,90000.0,Working,Higher education,Married,House / apartment,-11599,-1928,Accountants,4,1,1
5115811,0.0,X,F,Y,Y,2,90000.0,Working,Higher education,Married,House / apartment,-11599,-1928,Accountants,4,0,1
5115813,0.0,0,F,Y,Y,2,90000.0,Working,Higher education,Married,House / apartment,-11599,-1928,Accountants,4,1,1
5115814,0.0,C,M,N,Y,3,180000.0,Working,Secondary / secondary special,Married,House / apartment,-14336,-6860,Laborers,5,2,1
5115815,0.0,0,M,N,Y,3,180000.0,Working,Secondary / secondary special,Married,House / apartment,-14336,-6860,Laborers,5,4,1
5115818,0.0,C,M,N,Y,3,180000.0,Working,Secondary / secondary special,Married,House / apartment,-14336,-6860,Laborers,5,2,1
5115821,0.0,0,F,Y,Y,2,234000.0,Commercial associate,Secondary / secondary special,Married,House / apartment,-12226,-1382,Sales staff,4,1,1
5115822,0.0,0,F,Y,Y,2,234000.0,Commercial associate,Secondary / secondary special,Married,House / apartment,-12226,-1382,Sales staff,4,1,1
5115836,0.0,C,F,N,Y,0,121500.0,Commercial associate,Higher education,Married,House / apartment,-17046,-1410,Accountants,2,3,0
5115847,0.0,C,F,N,Y,0,121500.0,Commercial associate,Higher education,Married,House / apartment,-17046,-1410,Accountants,2,3,0
5115856,0.0,C,F,Y,Y,0,135000.0,Working,Secondary / secondary special,Married,House / apartment,-15649,-8412,Medicine staff,2,2,0
5115857,0.0,0,F,Y,Y,0,135000.0,Working,Secondary / secondary special,Married,House / apartment,-15649,-8412,Medicine staff,2,4,0
5115858,0.0,0,F,Y,Y,0,135000.0,Working,Secondary / secondary special,Married,House / apartment,-15649,-8412,Medicine staff,2,4,0
5115859,0.0,0,F,Y,Y,0,135000.0,Working,Secondary / secondary special,Married,House / apartment,-15649,-8412,Medicine staff,2,4,0
5115860,0.0,C,F,Y,Y,1,315000.0,Working,Secondary / secondary special,Married,House / apartment,-15506,-6099,Laborers,3,2,2
5115862,0.0,C,F,Y,Y,1,315000.0,Working,Secondary / secondary special,Married,House / apartment,-15506,-6099,Laborers,3,2,2
5115865,0.0,C,F,Y,Y,1,315000.0,Working,Secondary / secondary special,Married,House / apartment,-15506,-6099,Laborers,3,2,2
5115869,0.0,C,F,Y,Y,1,315000.0,Working,Secondary / secondary special,Married,House / apartment,-15506,-6099,Laborers,3,2,2
5115870,0.0,C,F,Y,Y,1,315000.0,Working,Secondary / secondary special,Married,House / apartment,-15506,-6099,Laborers,3,2,2
5115871,0.0,C,F,Y,Y,1,315000.0,Working,Secondary / secondary special,Married,House / apartment,-15506,-6099,Laborers,3,2,2
5115874,0.0,C,F,Y,Y,1,315000.0,Working,Secondary / secondary special,Married,House / apartment,-15506,-6099,Laborers,3,2,2
5115876,0.0,0,F,Y,Y,1,315000.0,Working,Secondary / secondary special,Married,House / apartment,-15506,-6099,Laborers,3,4,2
5115889,0.0,C,M,Y,Y,0,112500.0,Commercial associate,Secondary / secondary special,Single / not married,House / apartment,-8272,-286,Core staff,1,0,0
5115890,0.0,X,M,Y,Y,0,112500.0,Commercial associate,Secondary / secondary special,Single / not married,House / apartment,-8272,-286,Core staff,1,1,0
5115892,0.0,0,M,Y,N,0,247500.0,Commercial associate,Secondary / secondary special,Married,House / apartment,-17455,-1321,Drivers,2,1,0
5115893,0.0,C,M,Y,N,0,247500.0,Commercial associate,Secondary / secondary special,Married,House / apartment,-17455,-1321,Drivers,2,0,0
5115894,0.0,C,M,Y,N,0,247500.0,Commercial associate,Secondary / secondary special,Married,House / apartment,-17455,-1321,Drivers,2,0,0
5115902,0.0,C,M,Y,Y,0,135000.0,Commercial associate,Secondary / secondary special,Married,House / apartment,-19095,-6342,Drivers,2,0,0
5115903,0.0,C,M,Y,Y,0,135000.0,Commercial associate,Secondary / secondary special,Married,House / apartment,-19095,-6342,Drivers,2,0,0
5115906,0.0,C,F,N,Y,1,157500.0,Commercial associate,Secondary / secondary special,Civil marriage,House / apartment,-14642,-345,Cooking staff,3,1,1
5115907,0.0,X,F,N,Y,1,157500.0,Commercial associate,Secondary / secondary special,Civil marriage,House / apartment,-14642,-345,Cooking staff,3,1,1
5115909,0.0,C,F,N,Y,1,157500.0,Commercial associate,Secondary / secondary special,Civil marriage,House / apartment,-14642,-345,Cooking staff,3,1,1
5115910,0.0,X,F,N,Y,1,157500.0,Commercial associate,Secondary / secondary special,Civil marriage,House / apartment,-14642,-345,Cooking staff,3,1,1
5115920,0.0,0,M,Y,Y,2,81000.0,State servant,Secondary / secondary special,Married,House / apartment,-13276,-5581,Core staff,4,1,1
5115922,0.0,0,M,Y,Y,0,360000.0,Commercial associate,Secondary / secondary special,Married,House / apartment,-15344,-314,Drivers,2,1,2
5115923,0.0,0,M,Y,Y,0,360000.0,Commercial associate,Secondary / secondary special,Married,House / apartment,-15344,-314,Drivers,2,1,2
5115924,0.0,C,F,Y,Y,1,157500.0,Commercial associate,Secondary / secondary special,Married,House / apartment,-14220,-498,Sales staff,3,0,1
5115925,0.0,C,F,N,Y,0,90000.0,Commercial associate,Secondary / secondary special,Married,House / apartment,-16541,-102,Sales staff,2,1,0
5115926,0.0,C,F,N,Y,0,90000.0,Commercial associate,Secondary / secondary special,Married,House / apartment,-16541,-102,Sales staff,2,1,0
5115929,0.0,C,F,N,Y,1,103500.0,Commercial associate,Secondary / secondary special,Single / not married,House / apartment,-11529,-651,Accountants,2,1,0
5115930,0.0,X,F,N,Y,1,103500.0,Commercial associate,Secondary / secondary special,Single / not married,House / apartment,-11529,-651,Accountants,2,1,0
5115932,0.0,X,F,N,Y,1,103500.0,Commercial associate,Secondary / secondary special,Single / not married,House / apartment,-11529,-651,Accountants,2,1,0
5115933,0.0,X,F,N,Y,1,103500.0,Commercial associate,Secondary / secondary special,Single / not married,House / apartment,-11529,-651,Accountants,2,1,0
5115934,0.0,0,F,N,Y,0,180000.0,Working,Higher education,Civil marriage,House / apartment,-9481,-651,Managers,2,1,0
5115935,0.0,X,F,N,Y,0,180000.0,Working,Higher education,Civil marriage,House / apartment,-9481,-651,Managers,2,1,0
5115937,0.0,0,F,N,Y,0,180000.0,Working,Higher education,Civil marriage,House / apartment,-9481,-651,Managers,2,1,0
5115938,0.0,0,F,N,Y,0,45000.0,State servant,Secondary / secondary special,Married,House / apartment,-10068,-620,Medicine staff,2,1,0
5115939,0.0,1,F,N,Y,0,45000.0,State servant,Secondary / secondary special,Married,House / apartment,-10068,-620,Medicine staff,2,1,0
5115942,0.0,0,F,N,Y,0,112500.0,Working,Secondary / secondary special,Married,Rented apartment,-16022,-9052,Sales staff,2,4,0
5115943,0.0,C,F,N,Y,0,112500.0,Working,Secondary / secondary special,Married,Rented apartment,-16022,-9052,Sales staff,2,2,0
5115945,0.0,C,F,N,Y,0,112500.0,Working,Secondary / secondary special,Married,Rented apartment,-16022,-9052,Sales staff,2,2,0
5115946,0.0,C,F,N,Y,0,112500.0,Working,Secondary / secondary special,Married,Rented apartment,-16022,-9052,Sales staff,2,2,0
5115954,0.0,C,F,Y,Y,0,180000.0,Working,Secondary / secondary special,Widow,House / apartment,-15494,-4304,Sales staff,1,2,0
5115955,0.0,C,F,Y,Y,0,180000.0,Working,Secondary / secondary special,Widow,House / apartment,-15494,-4304,Sales staff,1,2,0
5115956,0.0,C,F,Y,Y,0,180000.0,Working,Secondary / secondary special,Widow,House / apartment,-15494,-4304,Sales staff,1,2,0
5115957,0.0,C,F,Y,Y,0,180000.0,Working,Secondary / secondary special,Widow,House / apartment,-15494,-4304,Sales staff,1,2,0
5115958,0.0,C,F,N,N,0,225000.0,State servant,Higher education,Married,House / apartment,-17706,-2293,Core staff,2,3,0
5115960,0.0,C,M,Y,Y,2,135000.0,Working,Secondary / secondary special,Married,House / apartment,-14677,-3938,Laborers,4,2,1
5115963,0.0,X,M,Y,Y,2,135000.0,Working,Secondary / secondary special,Married,House / apartment,-14677,-3938,Laborers,4,2,1
5115964,0.0,C,M,Y,Y,2,135000.0,Working,Secondary / secondary special,Married,House / apartment,-14677,-3938,Laborers,4,2,1
5115968,0.0,0,M,Y,Y,2,135000.0,Working,Secondary / secondary special,Married,House / apartment,-14677,-3938,Laborers,4,2,1
5115978,0.0,C,M,Y,Y,2,180000.0,Working,Higher education,Married,House / apartment,-13174,-2477,Managers,4,0,1
5115979,0.0,C,M,Y,Y,2,180000.0,Working,Higher education,Married,House / apartment,-13174,-2477,Managers,4,0,1
5115980,0.0,0,M,Y,Y,2,180000.0,Working,Higher education,Married,House / apartment,-13174,-2477,Managers,4,0,1
5115981,0.0,C,M,Y,Y,2,180000.0,Working,Higher education,Married,House / apartment,-13174,-2477,Managers,4,0,1
5115984,0.0,0,M,Y,Y,2,180000.0,Working,Higher education,Married,House / apartment,-13174,-2477,Managers,4,0,1
5115985,0.0,0,M,Y,Y,2,180000.0,Working,Higher education,Married,House / apartment,-13174,-2477,Managers,4,0,1
5115986,0.0,C,M,Y,Y,2,180000.0,Working,Higher education,Married,House / apartment,-13174,-2477,Managers,4,0,1
5115989,0.0,C,M,Y,Y,2,180000.0,Working,Higher education,Married,House / apartment,-13174,-2477,Managers,4,0,1
5115994,0.0,C,M,Y,Y,2,180000.0,Working,Higher education,Married,House / apartment,-13174,-2477,Managers,4,0,1
5115995,0.0,C,M,Y,Y,2,180000.0,Working,Higher education,Married,House / apartment,-13174,-2477,Managers,4,0,1
5115996,0.0,C,M,Y,Y,2,180000.0,Working,Higher education,Married,House / apartment,-13174,-2477,Managers,4,0,1
5116003,0.0,0,M,Y,Y,1,900000.0,Commercial associate,Higher education,Civil marriage,House / apartment,-16923,-2537,High skill tech staff,3,3,2
5116005,0.0,0,M,Y,Y,1,900000.0,Commercial associate,Higher education,Civil marriage,House / apartment,-16923,-2537,High skill tech staff,3,3,2
5116006,0.0,0,M,Y,Y,1,900000.0,Commercial associate,Higher education,Civil marriage,House / apartment,-16923,-2537,High skill tech staff,3,3,2
5116008,0.0,C,F,N,Y,0,90000.0,Working,Secondary / secondary special,Married,House / apartment,-17969,-3573,Sales staff,2,2,0
5116009,0.0,C,F,N,Y,0,90000.0,Working,Secondary / secondary special,Married,House / apartment,-17969,-3573,Sales staff,2,2,0
5116010,0.0,C,F,N,Y,0,90000.0,Working,Secondary / secondary special,Married,House / apartment,-17969,-3573,Sales staff,2,2,0
5116011,0.0,0,F,N,Y,0,90000.0,Working,Secondary / secondary special,Married,House / apartment,-17969,-3573,Sales staff,2,4,0
5116012,0.0,C,F,N,Y,0,90000.0,Working,Secondary / secondary special,Married,House / apartment,-17969,-3573,Sales staff,2,2,0
5116013,0.0,C,F,N,Y,0,90000.0,Working,Secondary / secondary special,Married,House / apartment,-17969,-3573,Sales staff,2,2,0
5116033,0.0,X,M,Y,Y,0,126000.0,Working,Higher education,Single / not married,House / apartment,-14522,-863,Managers,1,0,0
5116035,0.0,5,M,Y,Y,0,126000.0,Working,Higher education,Single / not married,House / apartment,-14522,-863,Managers,1,1,0
5116036,0.0,5,M,Y,Y,0,126000.0,Working,Higher education,Single / not married,House / apartment,-14522,-863,Managers,1,1,0
5116038,0.0,C,F,Y,Y,0,225000.0,Commercial associate,Higher education,Married,House / apartment,-16263,-314,High skill tech staff,2,3,0
5116039,0.0,C,F,Y,Y,0,225000.0,Commercial associate,Higher education,Married,House / apartment,-16263,-314,High skill tech staff,2,3,0
5116041,0.0,0,F,N,N,1,225000.0,Commercial associate,Secondary / secondary special,Single / not married,House / apartment,-13987,-985,Accountants,2,1,0
5116042,0.0,0,F,N,N,1,225000.0,Commercial associate,Secondary / secondary special,Single / not married,House / apartment,-13987,-985,Accountants,2,1,0
5116044,0.0,C,M,Y,N,0,135000.0,Commercial associate,Secondary / secondary special,Married,House / apartment,-14632,-437,Drivers,2,0,0
5116046,0.0,C,F,Y,Y,0,144000.0,Working,Secondary / secondary special,Married,House / apartment,-13455,-2051,Core staff,2,2,0
5116047,0.0,X,F,Y,Y,0,139500.0,Working,Secondary / secondary special,Married,House / apartment,-14965,-2202,Sales staff,2,4,0
5116050,0.0,0,F,N,N,0,135000.0,Working,Secondary / secondary special,Married,House / apartment,-17803,-10762,Accountants,2,4,0
5116053,0.0,0,F,N,N,0,135000.0,Working,Secondary / secondary special,Married,House / apartment,-17803,-10762,Accountants,2,4,0
5116055,0.0,0,F,N,N,0,135000.0,Working,Secondary / secondary special,Married,House / apartment,-17803,-10762,Accountants,2,4,0
5116056,0.0,0,F,N,N,0,135000.0,Working,Secondary / secondary special,Married,House / apartment,-17803,-10762,Accountants,2,4,0
5116057,0.0,0,F,N,N,0,225000.0,Working,Higher education,Single / not married,Rented apartment,-18173,-777,Sales staff,1,1,0
5116085,0.0,X,F,N,Y,1,360000.0,Commercial associate,Secondary / secondary special,Married,House / apartment,-15812,-565,Accountants,3,1,2
5116086,0.0,0,F,N,Y,1,360000.0,Commercial associate,Secondary / secondary special,Married,House / apartment,-15812,-565,Accountants,3,1,2
5116087,0.0,C,F,N,Y,1,360000.0,Commercial associate,Secondary / secondary special,Married,House / apartment,-15812,-565,Accountants,3,1,2
5116088,0.0,X,F,N,Y,1,360000.0,Commercial associate,Secondary / secondary special,Married,House / apartment,-15812,-565,Accountants,3,1,2
5116089,0.0,X,F,N,Y,1,360000.0,Commercial associate,Secondary / secondary special,Married,House / apartment,-15812,-565,Accountants,3,1,2
5116091,0.0,X,M,N,Y,0,225000.0,Working,Higher education,Single / not married,House / apartment,-14753,-1965,Security staff,1,1,0
5116092,0.0,C,M,N,Y,0,225000.0,Working,Higher education,Single / not married,House / apartment,-14753,-1965,Security staff,1,0,0
5116096,0.0,C,M,N,Y,0,450000.0,Commercial associate,Secondary / secondary special,Married,House / apartment,-23674,-2087,Security staff,2,0,2
5116097,0.0,C,M,N,Y,0,450000.0,Commercial associate,Secondary / secondary special,Married,House / apartment,-23674,-2087,Security staff,2,0,2
5116098,0.0,X,M,N,Y,0,450000.0,Commercial associate,Secondary / secondary special,Married,House / apartment,-23674,-2087,Security staff,2,1,2
5116100,0.0,X,M,N,Y,0,450000.0,Commercial associate,Secondary / secondary special,Married,House / apartment,-23674,-2087,Security staff,2,1,2
5116101,0.0,C,M,N,Y,0,450000.0,Commercial associate,Secondary / secondary special,Married,House / apartment,-23674,-2087,Security staff,2,0,2
5116102,0.0,C,M,N,Y,0,450000.0,Commercial associate,Secondary / secondary special,Married,House / apartment,-23674,-2087,Security staff,2,0,2
5116103,0.0,0,M,N,Y,0,450000.0,Commercial associate,Secondary / secondary special,Married,House / apartment,-23674,-2087,Security staff,2,1,2
5116105,0.0,C,M,N,Y,0,450000.0,Commercial associate,Secondary / secondary special,Married,House / apartment,-23674,-2087,Security staff,2,0,2
5116111,0.0,C,M,Y,N,0,180000.0,Working,Secondary / secondary special,Single / not married,With parents,-11136,-3487,Sales staff,1,2,0
5116115,0.0,C,M,Y,N,0,180000.0,Working,Secondary / secondary special,Single / not married,With parents,-11136,-3487,Sales staff,1,2,0
5116116,0.0,0,M,Y,N,0,180000.0,Working,Secondary / secondary special,Single / not married,With parents,-11136,-3487,Sales staff,1,4,0
5116120,0.0,0,F,Y,Y,1,560250.0,Working,Secondary / secondary special,Single / not married,House / apartment,-12987,-2330,Sales staff,2,4,2
5116121,0.0,C,F,Y,Y,1,560250.0,Working,Secondary / secondary special,Single / not married,House / apartment,-12987,-2330,Sales staff,2,2,2
5116123,0.0,0,F,Y,Y,1,560250.0,Working,Secondary / secondary special,Single / not married,House / apartment,-12987,-2330,Sales staff,2,4,2
5116126,0.0,C,F,Y,Y,1,560250.0,Working,Secondary / secondary special,Single / not married,House / apartment,-12987,-2330,Sales staff,2,2,2
5116127,0.0,0,F,Y,Y,1,560250.0,Working,Secondary / secondary special,Single / not married,House / apartment,-12987,-2330,Sales staff,2,4,2
5116128,0.0,C,F,Y,Y,1,560250.0,Working,Secondary / secondary special,Single / not married,House / apartment,-12987,-2330,Sales staff,2,2,2
5116129,0.0,0,F,Y,Y,1,560250.0,Working,Secondary / secondary special,Single / not married,House / apartment,-12987,-2330,Sales staff,2,4,2
5116134,0.0,C,F,N,Y,2,337500.0,State servant,Higher education,Married,House / apartment,-15648,-4157,Managers,4,3,1
5116137,0.0,X,F,N,Y,2,337500.0,State servant,Higher education,Married,House / apartment,-15648,-4157,Managers,4,3,1
5116138,0.0,0,F,N,Y,2,337500.0,State servant,Higher education,Married,House / apartment,-15648,-4157,Managers,4,3,1
5116143,0.0,0,F,N,Y,2,337500.0,State servant,Higher education,Married,House / apartment,-15648,-4157,Managers,4,3,1
5116145,0.0,C,F,Y,Y,1,315000.0,State servant,Higher education,Married,House / apartment,-14004,-292,Managers,3,0,2
5116146,0.0,0,F,Y,Y,1,315000.0,State servant,Higher education,Married,House / apartment,-14004,-292,Managers,3,3,2
5116149,0.0,X,F,Y,Y,1,315000.0,State servant,Higher education,Married,House / apartment,-14004,-292,Managers,3,3,2
5116162,0.0,1,F,N,Y,2,180000.0,State servant,Secondary / secondary special,Married,House / apartment,-15481,-412,Managers,4,1,0
5116163,0.0,0,F,N,Y,2,90000.0,Working,Secondary / secondary special,Married,House / apartment,-9899,-320,Security staff,4,4,1
5116187,0.0,C,F,Y,Y,2,225000.0,Working,Secondary / secondary special,Widow,House / apartment,-10882,-4126,Managers,3,2,1
5116189,0.0,C,F,Y,Y,2,225000.0,Working,Secondary / secondary special,Widow,House / apartment,-10882,-4126,Managers,3,2,1
5116192,0.0,0,F,Y,Y,2,225000.0,Working,Secondary / secondary special,Widow,House / apartment,-10882,-4126,Managers,3,4,1
5116201,0.0,0,M,N,Y,0,315000.0,Working,Secondary / secondary special,Single / not married,House / apartment,-17191,-2422,Laborers,1,4,2
5116202,0.0,C,M,Y,Y,2,112500.0,Working,Secondary / secondary special,Married,House / apartment,-13022,-1600,Laborers,4,2,1
5116203,0.0,C,M,Y,Y,2,112500.0,Working,Secondary / secondary special,Married,House / apartment,-13022,-1600,Laborers,4,2,1
5116204,0.0,C,M,Y,Y,2,112500.0,Working,Secondary / secondary special,Married,House / apartment,-13022,-1600,Laborers,4,2,1
5116205,0.0,C,M,Y,Y,2,112500.0,Working,Secondary / secondary special,Married,House / apartment,-13022,-1600,Laborers,4,2,1
5116206,0.0,C,M,Y,Y,2,112500.0,Working,Secondary / secondary special,Married,House / apartment,-13022,-1600,Laborers,4,2,1
5116207,0.0,C,M,Y,Y,2,112500.0,Working,Secondary / secondary special,Married,House / apartment,-13022,-1600,Laborers,4,2,1
5116209,0.0,0,M,Y,Y,2,112500.0,Working,Secondary / secondary special,Married,House / apartment,-13022,-1600,Laborers,4,2,1
5116212,0.0,C,F,N,Y,1,112500.0,Working,Secondary / secondary special,Single / not married,Office apartment,-13593,-1692,Sales staff,2,4,0
5116223,0.0,X,M,N,Y,2,135000.0,Commercial associate,Secondary / secondary special,Married,House / apartment,-13037,-200,Laborers,4,1,1
5116227,0.0,0,F,N,Y,1,157500.0,Working,Secondary / secondary special,Married,House / apartment,-18150,-1812,Drivers,3,4,1
5116230,0.0,0,F,N,Y,1,157500.0,Working,Secondary / secondary special,Married,House / apartment,-18150,-1812,Drivers,3,4,1
5116235,0.0,0,F,N,Y,1,157500.0,Working,Secondary / secondary special,Married,House / apartment,-18150,-1812,Drivers,3,4,1
5116236,0.0,C,M,N,Y,0,126000.0,Commercial associate,Secondary / secondary special,Married,House / apartment,-15972,-1051,High skill tech staff,2,0,0
5116238,0.0,C,M,N,Y,0,126000.0,Commercial associate,Secondary / secondary special,Married,House / apartment,-15972,-1051,High skill tech staff,2,0,0
5116239,0.0,C,M,N,Y,0,126000.0,Commercial associate,Secondary / secondary special,Married,House / apartment,-15972,-1051,High skill tech staff,2,0,0
5116240,0.0,0,F,Y,Y,2,94500.0,Working,Secondary / secondary special,Married,House / apartment,-12628,-3487,Cooking staff,4,4,1
5116241,0.0,0,F,Y,Y,2,94500.0,Working,Secondary / secondary special,Married,House / apartment,-12628,-3487,Cooking staff,4,4,1
5116243,0.0,C,F,N,Y,0,315000.0,Working,Secondary / secondary special,Married,House / apartment,-22334,-14810,Medicine staff,2,2,2
5116244,0.0,C,F,N,Y,0,315000.0,Working,Secondary / secondary special,Married,House / apartment,-22334,-14810,Medicine staff,2,2,2
5116247,0.0,C,F,N,Y,0,315000.0,Working,Secondary / secondary special,Married,House / apartment,-22334,-14810,Medicine staff,2,2,2
5116249,0.0,0,F,N,Y,0,315000.0,Working,Secondary / secondary special,Married,House / apartment,-22334,-14810,Medicine staff,2,4,2
5116250,0.0,0,F,N,Y,0,315000.0,Working,Secondary / secondary special,Married,House / apartment,-22334,-14810,Medicine staff,2,4,2
5116251,0.0,C,F,N,Y,0,315000.0,Working,Secondary / secondary special,Married,House / apartment,-22334,-14810,Medicine staff,2,2,2
5116252,0.0,0,M,Y,Y,0,180000.0,Working,Secondary / secondary special,Married,House / apartment,-20201,-596,Drivers,2,2,0
5116254,0.0,C,M,Y,Y,2,292500.0,Working,Secondary / secondary special,Married,House / apartment,-13949,-3030,Laborers,4,2,1
5116257,0.0,X,M,Y,Y,2,292500.0,Working,Secondary / secondary special,Married,House / apartment,-13949,-3030,Laborers,4,2,1
5116261,0.0,C,F,N,Y,4,180000.0,Commercial associate,Secondary / secondary special,Married,House / apartment,-17468,-7413,Core staff,6,1,1
5116263,0.0,C,F,N,Y,4,180000.0,Commercial associate,Secondary / secondary special,Married,House / apartment,-17468,-7413,Core staff,6,1,1
5116283,0.0,C,F,N,N,0,112500.0,Commercial associate,Lower secondary,Married,Municipal apartment,-19020,-231,Sales staff,2,3,0
5116284,0.0,C,F,N,N,0,112500.0,Commercial associate,Lower secondary,Married,Municipal apartment,-19020,-231,Sales staff,2,3,0
5116285,0.0,C,F,N,N,0,112500.0,Commercial associate,Lower secondary,Married,Municipal apartment,-19020,-231,Sales staff,2,3,0
5116286,0.0,0,F,N,N,0,112500.0,Commercial associate,Lower secondary,Married,Municipal apartment,-19020,-231,Sales staff,2,1,0
5116287,0.0,C,F,N,N,0,112500.0,Commercial associate,Lower secondary,Married,Municipal apartment,-19020,-231,Sales staff,2,3,0
5116290,0.0,C,M,Y,Y,2,126000.0,Working,Secondary / secondary special,Married,House / apartment,-16468,-3304,Drivers,4,2,1
5116293,0.0,C,M,Y,Y,2,126000.0,Working,Secondary / secondary special,Married,House / apartment,-16468,-3304,Drivers,4,2,1
5116294,0.0,C,M,Y,Y,2,126000.0,Working,Secondary / secondary special,Married,House / apartment,-16468,-3304,Drivers,4,2,1
5116295,0.0,C,M,Y,Y,2,126000.0,Working,Secondary / secondary special,Married,House / apartment,-16468,-3304,Drivers,4,2,1
5116297,0.0,C,M,Y,Y,2,126000.0,Working,Secondary / secondary special,Married,House / apartment,-16468,-3304,Drivers,4,2,1
5116299,0.0,C,M,Y,Y,2,126000.0,Working,Secondary / secondary special,Married,House / apartment,-16468,-3304,Drivers,4,2,1
5116300,0.0,0,M,Y,Y,2,126000.0,Working,Secondary / secondary special,Married,House / apartment,-16468,-3304,Drivers,4,2,1
5116306,0.0,0,M,N,Y,1,202500.0,Working,Secondary / secondary special,Married,House / apartment,-17223,-1432,Laborers,3,4,1
5116308,0.0,0,F,N,Y,0,135000.0,Working,Secondary / secondary special,Married,House / apartment,-20111,-10290,Medicine staff,2,4,0
5116310,0.0,C,F,N,Y,0,135000.0,Working,Secondary / secondary special,Married,House / apartment,-20111,-10290,Medicine staff,2,2,0
5116311,0.0,C,F,N,Y,0,135000.0,Working,Secondary / secondary special,Married,House / apartment,-20111,-10290,Medicine staff,2,2,0
5116312,0.0,X,F,N,Y,0,135000.0,Working,Secondary / secondary special,Married,House / apartment,-20111,-10290,Medicine staff,2,4,0
5116315,0.0,C,F,N,N,0,225000.0,Commercial associate,Secondary / secondary special,Single / not married,House / apartment,-10338,-581,Laborers,1,1,0
5116316,0.0,C,F,N,Y,0,270000.0,Commercial associate,Secondary / secondary special,Married,House / apartment,-12654,-823,Sales staff,2,1,0
5116317,0.0,C,F,N,Y,0,270000.0,Commercial associate,Secondary / secondary special,Married,House / apartment,-12654,-823,Sales staff,2,1,0
5116320,0.0,C,F,N,Y,2,157500.0,Working,Secondary / secondary special,Married,House / apartment,-14212,-1889,Laborers,4,2,1
5116321,0.0,0,F,N,Y,2,157500.0,Working,Secondary / secondary special,Married,House / apartment,-14212,-1889,Laborers,4,4,1
5116322,0.0,0,F,N,Y,2,157500.0,Working,Secondary / secondary special,Married,House / apartment,-14212,-1889,Laborers,4,4,1
5116329,0.0,C,F,Y,Y,0,180000.0,Working,Secondary / secondary special,Married,House / apartment,-12104,-854,Medicine staff,2,2,0
5116332,0.0,C,F,Y,Y,0,162000.0,Working,Secondary / secondary special,Civil marriage,House / apartment,-21152,-397,Managers,2,2,0
5116334,0.0,C,F,Y,Y,0,162000.0,Working,Secondary / secondary special,Civil marriage,House / apartment,-21152,-397,Managers,2,2,0
5116340,0.0,C,F,Y,Y,0,162000.0,Working,Secondary / secondary special,Civil marriage,House / apartment,-21152,-397,Managers,2,2,0
5116341,0.0,C,M,Y,Y,1,225000.0,State servant,Secondary / secondary special,Married,House / apartment,-11695,-3929,Laborers,3,2,1
5116343,0.0,C,M,Y,Y,1,225000.0,State servant,Secondary / secondary special,Married,House / apartment,-11695,-3929,Laborers,3,2,1
5116345,0.0,C,M,Y,Y,1,225000.0,State servant,Secondary / secondary special,Married,House / apartment,-11695,-3929,Laborers,3,2,1
5116347,0.0,C,M,Y,Y,1,225000.0,State servant,Secondary / secondary special,Married,House / apartment,-11695,-3929,Laborers,3,2,1
5116348,0.0,C,M,Y,Y,1,225000.0,State servant,Secondary / secondary special,Married,House / apartment,-11695,-3929,Laborers,3,2,1
5116353,0.0,C,M,Y,N,1,675000.0,Commercial associate,Higher education,Single / not married,Office apartment,-21681,-4234,Managers,2,3,2
5116354,0.0,C,M,Y,N,1,675000.0,Commercial associate,Higher education,Single / not married,Office apartment,-21681,-4234,Managers,2,3,2
5116355,0.0,0,M,Y,N,1,675000.0,Commercial associate,Higher education,Single / not married,Office apartment,-21681,-4234,Managers,2,3,2
5116356,0.0,0,F,N,Y,0,157500.0,Working,Secondary / secondary special,Single / not married,House / apartment,-18683,-458,Sales staff,1,4,0
5116357,0.0,X,F,N,Y,0,157500.0,Working,Secondary / secondary special,Married,House / apartment,-11868,-1220,Sales staff,2,4,0
5116367,0.0,C,M,N,Y,0,112500.0,Working,Secondary / secondary special,Married,House / apartment,-19511,-3503,Drivers,2,2,0
5116369,0.0,0,M,N,Y,0,112500.0,Working,Secondary / secondary special,Married,House / apartment,-19511,-3503,Drivers,2,4,0
5116371,0.0,X,M,N,Y,0,112500.0,Working,Secondary / secondary special,Married,House / apartment,-19511,-3503,Drivers,2,2,0
5116380,0.0,0,F,N,Y,1,120150.0,Working,Higher education,Married,House / apartment,-9287,-1432,Core staff,3,1,1
5116381,0.0,0,F,N,Y,1,120150.0,Working,Higher education,Married,House / apartment,-9287,-1432,Core staff,3,1,1
5116382,0.0,0,F,N,Y,1,120150.0,Working,Higher education,Married,House / apartment,-9287,-1432,Core staff,3,1,1
5116383,0.0,X,F,Y,Y,0,292500.0,Working,Higher education,Single / not married,House / apartment,-12284,-854,Managers,1,3,2
5116384,0.0,X,F,Y,Y,0,292500.0,Working,Higher education,Single / not married,House / apartment,-12284,-854,Managers,1,3,2
5116385,0.0,X,F,N,Y,0,193500.0,State servant,Higher education,Married,House / apartment,-11124,-1159,Core staff,2,3,0
5116388,0.0,X,F,N,Y,0,193500.0,State servant,Higher education,Married,House / apartment,-11124,-1159,Core staff,2,3,0
5116390,0.0,X,F,N,Y,0,193500.0,State servant,Higher education,Married,House / apartment,-11124,-1159,Core staff,2,3,0
5116393,0.0,X,F,N,Y,0,193500.0,State servant,Higher education,Married,House / apartment,-11124,-1159,Core staff,2,3,0
5116395,0.0,X,F,N,Y,0,193500.0,State servant,Higher education,Married,House / apartment,-11124,-1159,Core staff,2,3,0
5116396,0.0,X,F,N,Y,0,180000.0,Working,Higher education,Single / not married,House / apartment,-17533,-3776,Medicine staff,1,1,0
5116398,0.0,X,F,N,Y,0,180000.0,Working,Higher education,Single / not married,House / apartment,-17533,-3776,Medicine staff,1,1,0
5116400,0.0,X,F,N,Y,0,180000.0,Working,Higher education,Single / not married,House / apartment,-17533,-3776,Medicine staff,1,1,0
5116402,0.0,C,F,N,Y,0,180000.0,Working,Higher education,Single / not married,House / apartment,-17533,-3776,Medicine staff,1,0,0
5116403,0.0,C,F,N,Y,0,180000.0,Working,Higher education,Single / not married,House / apartment,-17533,-3776,Medicine staff,1,0,0
5116408,0.0,C,M,Y,Y,2,180000.0,State servant,Secondary / secondary special,Married,House / apartment,-12258,-5450,Drivers,4,0,1
5116409,0.0,C,M,Y,Y,2,180000.0,State servant,Secondary / secondary special,Married,House / apartment,-12258,-5450,Drivers,4,0,1
5116410,0.0,C,M,Y,Y,2,180000.0,State servant,Secondary / secondary special,Married,House / apartment,-12258,-5450,Drivers,4,0,1
5116413,0.0,C,M,Y,Y,2,180000.0,State servant,Secondary / secondary special,Married,House / apartment,-12258,-5450,Drivers,4,0,1
5116414,0.0,C,M,Y,Y,2,180000.0,State servant,Secondary / secondary special,Married,House / apartment,-12258,-5450,Drivers,4,0,1
5116415,0.0,C,M,Y,Y,2,180000.0,State servant,Secondary / secondary special,Married,House / apartment,-12258,-5450,Drivers,4,0,1
5116417,0.0,C,F,N,Y,0,81000.0,Commercial associate,Secondary / secondary special,Married,House / apartment,-17163,-3258,Sales staff,2,1,0
5116419,0.0,C,F,N,Y,0,81000.0,Commercial associate,Secondary / secondary special,Married,House / apartment,-17163,-3258,Sales staff,2,1,0
5116420,0.0,C,F,N,Y,0,81000.0,Commercial associate,Secondary / secondary special,Married,House / apartment,-17163,-3258,Sales staff,2,1,0
5116422,0.0,0,F,N,Y,0,81000.0,Commercial associate,Secondary / secondary special,Married,House / apartment,-17163,-3258,Sales staff,2,1,0
5116426,0.0,X,F,N,N,2,126000.0,Working,Secondary / secondary special,Married,House / apartment,-10088,-1797,High skill tech staff,4,4,1
5116428,0.0,X,F,N,Y,1,112500.0,Working,Secondary / secondary special,Married,House / apartment,-9885,-2072,Sales staff,3,4,1
5116429,0.0,X,F,N,Y,1,112500.0,Working,Secondary / secondary special,Married,House / apartment,-9885,-2072,Sales staff,3,4,1
5116432,0.0,C,F,N,Y,0,112500.0,Working,Secondary / secondary special,Single / not married,House / apartment,-8237,-1281,High skill tech staff,1,4,0
5116433,0.0,0,F,N,Y,0,112500.0,Working,Secondary / secondary special,Single / not married,House / apartment,-8237,-1281,High skill tech staff,1,4,0
5116437,0.0,C,F,Y,Y,0,202500.0,Working,Secondary / secondary special,Married,House / apartment,-14711,-6425,Sales staff,2,2,0
5116438,0.0,0,F,Y,Y,0,202500.0,Working,Secondary / secondary special,Married,House / apartment,-14711,-6425,Sales staff,2,4,0
5116439,0.0,0,F,Y,Y,0,202500.0,Working,Secondary / secondary special,Married,House / apartment,-14711,-6425,Sales staff,2,4,0
5116440,0.0,X,M,Y,Y,1,99000.0,Working,Secondary / secondary special,Married,House / apartment,-18229,-397,Security staff,3,2,1
5116442,0.0,0,M,Y,Y,1,99000.0,Working,Secondary / secondary special,Married,House / apartment,-18229,-397,Security staff,3,2,1
5116444,0.0,C,M,Y,Y,1,99000.0,Working,Secondary / secondary special,Married,House / apartment,-18229,-397,Security staff,3,2,1
5116446,0.0,C,F,Y,Y,1,67500.0,Working,Secondary / secondary special,Married,With parents,-17206,-1401,Laborers,3,2,1
5116447,0.0,0,F,Y,Y,1,67500.0,Working,Secondary / secondary special,Married,With parents,-17206,-1401,Laborers,3,4,1
5116448,0.0,C,F,Y,Y,1,67500.0,Working,Secondary / secondary special,Married,With parents,-17206,-1401,Laborers,3,2,1
5116449,0.0,C,F,Y,Y,1,67500.0,Working,Secondary / secondary special,Married,With parents,-17206,-1401,Laborers,3,2,1
5116450,0.0,0,F,Y,Y,1,67500.0,Working,Secondary / secondary special,Married,With parents,-17206,-1401,Laborers,3,4,1
5116451,0.0,0,M,Y,Y,0,202500.0,Commercial associate,Secondary / secondary special,Single / not married,House / apartment,-10751,-336,Laborers,1,1,0
5116455,0.0,5,F,Y,Y,0,135000.0,Working,Secondary / secondary special,Civil marriage,House / apartment,-18090,-9194,Medicine staff,2,1,0
5116459,0.0,X,F,Y,Y,0,135000.0,Working,Secondary / secondary special,Civil marriage,House / apartment,-18090,-9194,Medicine staff,2,4,0
5116471,0.0,0,M,Y,Y,0,168750.0,Working,Secondary / secondary special,Married,House / apartment,-16031,-1797,Laborers,2,2,0
5116472,0.0,X,M,Y,Y,0,168750.0,Working,Secondary / secondary special,Married,House / apartment,-16031,-1797,Laborers,2,2,0
5116473,0.0,0,M,Y,Y,0,168750.0,Working,Secondary / secondary special,Married,House / apartment,-16031,-1797,Laborers,2,2,0
5116474,0.0,C,M,Y,Y,2,450000.0,Commercial associate,Secondary / secondary special,Married,House / apartment,-13383,-489,Drivers,4,0,2
5116478,0.0,0,M,Y,Y,2,450000.0,Commercial associate,Secondary / secondary special,Married,House / apartment,-13383,-489,Drivers,4,1,2
5116481,0.0,X,F,N,N,2,225000.0,Working,Secondary / secondary special,Single / not married,Municipal apartment,-12378,-670,Sales staff,3,4,1
5116483,0.0,X,F,N,N,2,225000.0,Working,Secondary / secondary special,Single / not married,Municipal apartment,-12378,-670,Sales staff,3,4,1
5116484,0.0,0,F,N,N,2,225000.0,Working,Secondary / secondary special,Single / not married,Municipal apartment,-12378,-670,Sales staff,3,4,1
5116486,0.0,C,M,Y,Y,0,270000.0,Working,Secondary / secondary special,Married,House / apartment,-16877,-2468,Core staff,2,2,2
5116487,0.0,C,M,Y,Y,0,270000.0,Working,Secondary / secondary special,Married,House / apartment,-16877,-2468,Core staff,2,2,2
5116488,0.0,0,M,Y,Y,0,270000.0,Working,Secondary / secondary special,Married,House / apartment,-16877,-2468,Core staff,2,4,2
5116489,0.0,C,F,N,Y,3,135000.0,Working,Secondary / secondary special,Married,House / apartment,-11412,-976,Core staff,5,2,1
5116490,0.0,C,F,N,Y,0,94500.0,State servant,Secondary / secondary special,Civil marriage,House / apartment,-15274,-216,Core staff,2,1,0
5116491,0.0,C,F,N,Y,0,94500.0,State servant,Secondary / secondary special,Civil marriage,House / apartment,-15274,-216,Core staff,2,1,0
5116492,0.0,C,F,N,Y,2,90000.0,Working,Secondary / secondary special,Married,House / apartment,-13120,-1493,Sales staff,4,2,1
5116493,0.0,C,F,N,Y,2,90000.0,Working,Secondary / secondary special,Married,House / apartment,-13120,-1493,Sales staff,4,2,1
5116495,0.0,C,F,N,Y,2,90000.0,Working,Secondary / secondary special,Married,House / apartment,-13120,-1493,Sales staff,4,2,1
5116498,0.0,X,M,N,Y,1,225000.0,Commercial associate,Secondary / secondary special,Married,House / apartment,-12040,-1707,Laborers,3,1,1
5116500,0.0,0,M,Y,Y,0,225000.0,Commercial associate,Secondary / secondary special,Married,House / apartment,-9017,-581,Sales staff,2,1,0
5116501,0.0,0,M,Y,Y,0,225000.0,Commercial associate,Secondary / secondary special,Married,House / apartment,-9017,-581,Sales staff,2,1,0
5116502,0.0,C,M,Y,Y,0,225000.0,Commercial associate,Secondary / secondary special,Married,House / apartment,-9017,-581,Sales staff,2,0,0
5116505,0.0,C,M,Y,Y,0,225000.0,Commercial associate,Secondary / secondary special,Married,House / apartment,-9017,-581,Sales staff,2,0,0
5116506,0.0,C,M,Y,Y,0,225000.0,Commercial associate,Secondary / secondary special,Married,House / apartment,-9017,-581,Sales staff,2,0,0
5116509,0.0,C,F,Y,Y,0,202500.0,Working,Higher education,Civil marriage,House / apartment,-15978,-3472,Core staff,2,0,0
5116512,0.0,C,F,Y,Y,0,202500.0,Working,Higher education,Civil marriage,House / apartment,-15978,-3472,Core staff,2,0,0
5116513,0.0,C,F,Y,Y,0,202500.0,Working,Higher education,Civil marriage,House / apartment,-15978,-3472,Core staff,2,0,0
5116519,0.0,C,F,Y,Y,0,202500.0,Working,Higher education,Civil marriage,House / apartment,-15978,-3472,Core staff,2,0,0
5116520,0.0,C,F,Y,Y,0,202500.0,Working,Higher education,Civil marriage,House / apartment,-15978,-3472,Core staff,2,0,0
5116523,0.0,X,F,N,Y,1,157500.0,Working,Secondary / secondary special,Married,House / apartment,-14133,-185,Sales staff,3,4,1
5116525,0.0,X,F,N,Y,1,157500.0,Working,Secondary / secondary special,Married,House / apartment,-14133,-185,Sales staff,3,4,1
5116526,0.0,X,F,N,Y,1,157500.0,Working,Secondary / secondary special,Married,House / apartment,-14133,-185,Sales staff,3,4,1
5116527,0.0,0,F,N,Y,1,157500.0,Working,Secondary / secondary special,Married,House / apartment,-14133,-185,Sales staff,3,4,1
5116528,0.0,X,F,N,Y,1,157500.0,Working,Secondary / secondary special,Married,House / apartment,-14133,-185,Sales staff,3,4,1
5116529,0.0,X,F,N,Y,1,157500.0,Working,Secondary / secondary special,Married,House / apartment,-14133,-185,Sales staff,3,4,1
5116553,0.0,0,F,Y,N,0,180000.0,Working,Incomplete higher,Married,With parents,-10824,-762,Managers,2,1,0
5116554,0.0,C,F,Y,N,0,180000.0,Working,Incomplete higher,Married,With parents,-10824,-762,Managers,2,0,0
5116555,0.0,C,F,Y,N,0,180000.0,Working,Incomplete higher,Married,With parents,-10824,-762,Managers,2,0,0
5116556,0.0,0,F,Y,N,0,180000.0,Working,Incomplete higher,Married,With parents,-10824,-762,Managers,2,1,0
5116558,0.0,C,F,N,Y,0,135000.0,State servant,Higher education,Separated,House / apartment,-16493,-9255,Core staff,1,3,0
5116559,0.0,C,F,N,Y,0,135000.0,State servant,Higher education,Separated,House / apartment,-16493,-9255,Core staff,1,3,0
5116562,0.0,0,F,N,Y,0,135000.0,State servant,Higher education,Separated,House / apartment,-16493,-9255,Core staff,1,3,0
5116563,0.0,C,F,N,Y,0,135000.0,State servant,Higher education,Separated,House / apartment,-16493,-9255,Core staff,1,3,0
5116565,0.0,C,F,N,Y,0,135000.0,State servant,Higher education,Separated,House / apartment,-16493,-9255,Core staff,1,3,0
5116566,0.0,C,F,N,Y,1,180000.0,Working,Secondary / secondary special,Married,House / apartment,-10645,-3868,Sales staff,3,2,1
5116567,0.0,C,F,N,Y,1,180000.0,Working,Secondary / secondary special,Married,House / apartment,-10645,-3868,Sales staff,3,2,1
5116568,0.0,C,F,N,Y,1,180000.0,Working,Secondary / secondary special,Married,House / apartment,-10645,-3868,Sales staff,3,2,1
5116571,0.0,C,F,N,Y,1,180000.0,Working,Secondary / secondary special,Married,House / apartment,-10645,-3868,Sales staff,3,2,1
5116572,0.0,C,F,N,Y,1,180000.0,Working,Secondary / secondary special,Married,House / apartment,-10645,-3868,Sales staff,3,2,1
5116573,0.0,C,F,N,N,0,157500.0,Working,Secondary / secondary special,Married,House / apartment,-11140,-3807,Laborers,2,2,0
5116576,0.0,C,F,N,N,0,157500.0,Working,Secondary / secondary special,Married,House / apartment,-11140,-3807,Laborers,2,2,0
5116605,0.0,C,M,Y,Y,0,180000.0,Working,Incomplete higher,Married,House / apartment,-17115,-4599,Laborers,2,2,0
5116606,0.0,C,M,Y,Y,0,180000.0,Working,Incomplete higher,Married,House / apartment,-17115,-4599,Laborers,2,2,0
5116610,0.0,C,M,Y,Y,0,180000.0,Working,Incomplete higher,Married,House / apartment,-17115,-4599,Laborers,2,2,0
5116611,0.0,C,M,Y,Y,0,180000.0,Working,Incomplete higher,Married,House / apartment,-17115,-4599,Laborers,2,2,0
5116615,0.0,X,F,Y,Y,1,157500.0,State servant,Secondary / secondary special,Married,House / apartment,-13811,-3380,Laborers,3,4,1
5116616,0.0,X,F,Y,Y,1,157500.0,State servant,Secondary / secondary special,Married,House / apartment,-13811,-3380,Laborers,3,4,1
5116617,0.0,0,F,Y,Y,1,157500.0,State servant,Secondary / secondary special,Married,House / apartment,-13811,-3380,Laborers,3,4,1
5116621,0.0,C,F,Y,Y,1,157500.0,State servant,Secondary / secondary special,Married,House / apartment,-13811,-3380,Laborers,3,2,1
5116622,0.0,X,F,Y,Y,1,157500.0,State servant,Secondary / secondary special,Married,House / apartment,-13811,-3380,Laborers,3,4,1
5116644,0.0,C,F,N,Y,0,261000.0,Working,Secondary / secondary special,Married,House / apartment,-20047,-2559,Laborers,2,2,0
5116645,0.0,C,F,N,Y,0,135000.0,Commercial associate,Secondary / secondary special,Widow,Co-op apartment,-20178,-1707,Sales staff,1,1,0
5116646,0.0,C,F,N,Y,0,135000.0,Commercial associate,Secondary / secondary special,Widow,Co-op apartment,-20178,-1707,Sales staff,1,1,0
5116648,0.0,0,F,N,Y,0,135000.0,Commercial associate,Secondary / secondary special,Widow,Co-op apartment,-20178,-1707,Sales staff,1,1,0
5116649,0.0,C,F,N,Y,0,135000.0,Commercial associate,Secondary / secondary special,Widow,Co-op apartment,-20178,-1707,Sales staff,1,1,0
5116657,0.0,0,F,N,Y,1,180000.0,Working,Secondary / secondary special,Married,House / apartment,-15116,-2284,Laborers,3,4,1
5116659,0.0,0,F,N,Y,1,180000.0,Working,Secondary / secondary special,Married,House / apartment,-15116,-2284,Laborers,3,4,1
5116660,0.0,C,F,N,Y,1,180000.0,Working,Secondary / secondary special,Married,House / apartment,-15116,-2284,Laborers,3,2,1
5116661,0.0,0,F,N,Y,1,180000.0,Working,Secondary / secondary special,Married,House / apartment,-15116,-2284,Laborers,3,4,1
5116662,0.0,X,F,N,Y,1,180000.0,Working,Secondary / secondary special,Married,House / apartment,-15116,-2284,Laborers,3,4,1
5116663,0.0,X,F,N,Y,1,180000.0,Working,Secondary / secondary special,Married,House / apartment,-15116,-2284,Laborers,3,4,1
5116664,0.0,X,F,N,Y,1,180000.0,Working,Secondary / secondary special,Married,House / apartment,-15116,-2284,Laborers,3,4,1
5116666,0.0,C,F,N,Y,1,180000.0,Working,Secondary / secondary special,Married,House / apartment,-15116,-2284,Laborers,3,2,1
5116667,0.0,C,F,N,Y,0,157500.0,Commercial associate,Secondary / secondary special,Civil marriage,House / apartment,-16628,-3654,Laborers,2,1,0
5116669,0.0,C,F,N,Y,0,157500.0,Commercial associate,Secondary / secondary special,Civil marriage,House / apartment,-16628,-3654,Laborers,2,1,0
5116672,0.0,0,F,N,Y,2,76500.0,Commercial associate,Secondary / secondary special,Married,Municipal apartment,-14375,-1281,Sales staff,4,1,1
5116673,0.0,0,F,N,Y,2,76500.0,Commercial associate,Secondary / secondary special,Married,Municipal apartment,-14375,-1281,Sales staff,4,1,1
5116674,0.0,C,F,N,Y,2,76500.0,Commercial associate,Secondary / secondary special,Married,Municipal apartment,-14375,-1281,Sales staff,4,1,1
5116675,0.0,X,M,Y,Y,3,270000.0,Working,Secondary / secondary special,Married,House / apartment,-13427,-458,Laborers,5,2,1
5116676,0.0,X,M,Y,Y,3,270000.0,Working,Secondary / secondary special,Married,House / apartment,-13427,-458,Laborers,5,2,1
5116677,0.0,0,M,Y,Y,3,270000.0,Working,Secondary / secondary special,Married,House / apartment,-13427,-458,Laborers,5,2,1
5116682,0.0,X,F,N,Y,0,112500.0,Working,Secondary / secondary special,Widow,House / apartment,-16917,-4081,Laborers,1,4,0
5116683,0.0,0,F,N,Y,0,112500.0,Working,Secondary / secondary special,Widow,House / apartment,-16917,-4081,Laborers,1,4,0
5116686,0.0,X,F,N,Y,0,112500.0,Working,Secondary / secondary special,Widow,House / apartment,-16917,-4081,Laborers,1,4,0
5116689,0.0,0,M,Y,Y,0,180000.0,Working,Secondary / secondary special,Married,House / apartment,-18679,-1797,Drivers,2,2,0
5116692,0.0,C,F,N,Y,2,157500.0,Working,Secondary / secondary special,Married,House / apartment,-11771,-3929,High skill tech staff,4,2,1
5116693,0.0,0,F,N,Y,2,157500.0,Working,Secondary / secondary special,Married,House / apartment,-11771,-3929,High skill tech staff,4,4,1
5116696,0.0,C,F,Y,N,0,270000.0,Working,Secondary / secondary special,Separated,House / apartment,-18806,-3654,Sales staff,1,2,0
5116697,0.0,C,F,Y,N,0,270000.0,Working,Secondary / secondary special,Separated,House / apartment,-18806,-3654,Sales staff,1,2,0
5116698,0.0,X,F,Y,N,0,270000.0,Working,Secondary / secondary special,Separated,House / apartment,-18806,-3654,Sales staff,1,4,0
5116700,0.0,C,M,N,Y,1,225000.0,Working,Secondary / secondary special,Married,House / apartment,-18176,-1312,Laborers,3,2,1
5116706,0.0,0,F,N,Y,1,157500.0,Working,Lower secondary,Widow,House / apartment,-13361,-3258,Cooking staff,2,1,0
5116719,0.0,C,M,Y,Y,2,139500.0,Working,Secondary / secondary special,Married,House / apartment,-9649,-2284,Laborers,4,2,1
5116720,0.0,C,M,Y,Y,2,139500.0,Working,Secondary / secondary special,Married,House / apartment,-9649,-2284,Laborers,4,2,1
5116736,0.0,X,M,N,N,0,135000.0,State servant,Secondary / secondary special,Single / not married,Office apartment,-8100,-1493,Drivers,1,1,0
5116749,0.0,0,M,N,N,1,238500.0,Commercial associate,Secondary / secondary special,Single / not married,Co-op apartment,-8794,-124,Security staff,2,1,0
5116750,0.0,0,M,N,N,1,238500.0,Commercial associate,Secondary / secondary special,Single / not married,Co-op apartment,-8794,-124,Security staff,2,1,0
5116751,0.0,0,M,N,N,1,238500.0,Commercial associate,Secondary / secondary special,Single / not married,Co-op apartment,-8794,-124,Security staff,2,1,0
5116752,0.0,C,M,N,N,1,238500.0,Commercial associate,Secondary / secondary special,Single / not married,Co-op apartment,-8794,-124,Security staff,2,1,0
5116753,0.0,1,M,Y,Y,0,216000.0,Commercial associate,Secondary / secondary special,Married,House / apartment,-16337,-1797,Drivers,2,1,0
5116755,0.0,C,M,Y,N,2,135000.0,Working,Secondary / secondary special,Married,House / apartment,-14279,-5329,Sales staff,4,2,1
5116756,0.0,C,M,Y,N,2,135000.0,Working,Secondary / secondary special,Married,House / apartment,-14279,-5329,Sales staff,4,2,1
5116757,0.0,0,M,N,Y,1,189000.0,Working,Secondary / secondary special,Married,House / apartment,-16848,-611,High skill tech staff,3,4,1
5116766,0.0,0,F,N,Y,0,121500.0,Working,Secondary / secondary special,Married,House / apartment,-22046,-2011,Laborers,2,4,0
5116767,0.0,C,F,N,Y,0,121500.0,Working,Secondary / secondary special,Married,House / apartment,-22046,-2011,Laborers,2,2,0
5116768,0.0,0,F,N,Y,0,121500.0,Working,Secondary / secondary special,Married,House / apartment,-22046,-2011,Laborers,2,4,0
5116790,0.0,0,F,N,Y,0,81000.0,Working,Secondary / secondary special,Married,House / apartment,-19661,-3046,Managers,2,4,0
5116791,0.0,0,F,N,Y,0,81000.0,Working,Secondary / secondary special,Married,House / apartment,-19661,-3046,Managers,2,4,0
5116792,0.0,0,F,N,Y,0,81000.0,Working,Secondary / secondary special,Married,House / apartment,-19661,-3046,Managers,2,4,0
5116793,0.0,0,F,N,Y,0,81000.0,Working,Secondary / secondary special,Married,House / apartment,-19661,-3046,Managers,2,4,0
5116794,0.0,0,F,N,Y,0,81000.0,Working,Secondary / secondary special,Married,House / apartment,-19661,-3046,Managers,2,4,0
5116795,0.0,0,F,N,Y,0,81000.0,Working,Secondary / secondary special,Married,House / apartment,-19661,-3046,Managers,2,4,0
5116796,0.0,0,F,N,Y,0,81000.0,Working,Secondary / secondary special,Married,House / apartment,-19661,-3046,Managers,2,4,0
5116797,0.0,0,F,N,Y,1,180000.0,Commercial associate,Higher education,Married,House / apartment,-11117,-3227,Accountants,3,3,1
5116798,0.0,0,F,N,Y,1,180000.0,Commercial associate,Higher education,Married,House / apartment,-11117,-3227,Accountants,3,3,1
5116800,0.0,C,M,N,Y,1,225000.0,Working,Secondary / secondary special,Married,House / apartment,-16286,-1677,Drivers,3,2,1
5116802,0.0,C,M,N,Y,1,225000.0,Working,Secondary / secondary special,Married,House / apartment,-16286,-1677,Drivers,3,2,1
5116805,0.0,X,M,Y,N,1,292500.0,Commercial associate,Secondary / secondary special,Married,House / apartment,-16310,-1401,Drivers,3,1,2
5116807,0.0,X,M,Y,N,1,292500.0,Commercial associate,Secondary / secondary special,Married,House / apartment,-16310,-1401,Drivers,3,1,2
5116813,0.0,C,F,N,Y,0,112500.0,Working,Secondary / secondary special,Married,House / apartment,-18365,-701,High skill tech staff,2,2,0
5116814,0.0,X,F,N,Y,0,112500.0,Working,Secondary / secondary special,Married,House / apartment,-18365,-701,High skill tech staff,2,4,0
5116817,0.0,C,M,N,Y,0,85500.0,State servant,Secondary / secondary special,Separated,Co-op apartment,-16542,-8737,Core staff,1,1,0
5116818,0.0,C,M,N,Y,0,85500.0,State servant,Secondary / secondary special,Separated,Co-op apartment,-16542,-8737,Core staff,1,1,0
5116819,0.0,0,M,N,Y,0,85500.0,State servant,Secondary / secondary special,Separated,Co-op apartment,-16542,-8737,Core staff,1,1,0
5116820,0.0,0,F,N,N,0,90000.0,Working,Secondary / secondary special,Single / not married,House / apartment,-12157,-1493,Core staff,1,4,0
5116821,0.0,0,F,N,N,0,90000.0,Working,Secondary / secondary special,Single / not married,House / apartment,-12157,-1493,Core staff,1,4,0
5116822,0.0,C,F,N,N,0,90000.0,Working,Secondary / secondary special,Single / not married,House / apartment,-12157,-1493,Core staff,1,4,0
5116823,0.0,0,F,N,Y,1,265500.0,Commercial associate,Higher education,Married,House / apartment,-12022,-4081,Managers,3,3,1
5116824,0.0,C,F,N,Y,1,265500.0,Commercial associate,Higher education,Married,House / apartment,-12022,-4081,Managers,3,3,1
5116826,0.0,C,M,Y,Y,3,135000.0,Commercial associate,Secondary / secondary special,Married,House / apartment,-15438,-4872,Drivers,5,0,1
5116829,0.0,0,M,Y,Y,3,135000.0,Commercial associate,Secondary / secondary special,Married,House / apartment,-15438,-4872,Drivers,5,1,1
5116830,0.0,C,M,N,Y,1,112500.0,Working,Secondary / secondary special,Civil marriage,House / apartment,-18905,-4933,Laborers,3,2,1
5116832,0.0,C,M,Y,N,1,225000.0,Commercial associate,Secondary / secondary special,Married,House / apartment,-12241,-2893,Laborers,3,0,1
5116834,0.0,C,M,Y,N,1,225000.0,Commercial associate,Secondary / secondary special,Married,House / apartment,-12241,-2893,Laborers,3,0,1
5116836,0.0,C,M,Y,N,1,225000.0,Commercial associate,Secondary / secondary special,Married,House / apartment,-12241,-2893,Laborers,3,0,1
5116837,0.0,C,M,Y,N,1,225000.0,Commercial associate,Secondary / secondary special,Married,House / apartment,-12241,-2893,Laborers,3,0,1
5116838,0.0,C,F,Y,Y,1,126000.0,Commercial associate,Secondary / secondary special,Married,House / apartment,-10128,-367,Core staff,3,0,1
5116840,0.0,0,F,Y,Y,1,126000.0,Commercial associate,Secondary / secondary special,Married,House / apartment,-10128,-367,Core staff,3,1,1
5116841,0.0,0,F,Y,Y,1,126000.0,Commercial associate,Secondary / secondary special,Married,House / apartment,-10128,-367,Core staff,3,1,1
5116845,0.0,C,M,N,Y,2,225000.0,Working,Secondary / secondary special,Married,House / apartment,-15016,-3411,Laborers,4,2,1
5116851,0.0,C,F,N,Y,0,193500.0,Working,Secondary / secondary special,Married,House / apartment,-18093,-1036,Laborers,2,2,0
5116853,0.0,0,F,Y,N,0,112500.0,State servant,Secondary / secondary special,Married,House / apartment,-18463,-6394,Core staff,2,1,0
5116854,0.0,0,F,Y,N,0,112500.0,State servant,Secondary / secondary special,Married,House / apartment,-18463,-6394,Core staff,2,1,0
5116858,0.0,0,F,N,N,0,135000.0,Working,Higher education,Single / not married,House / apartment,-9818,-520,Core staff,1,1,0
5116860,0.0,X,F,N,N,0,135000.0,Working,Higher education,Single / not married,House / apartment,-9818,-520,Core staff,1,1,0
5116862,0.0,0,F,N,N,0,135000.0,Working,Higher education,Single / not married,House / apartment,-9818,-520,Core staff,1,1,0
5116865,0.0,0,F,N,Y,0,99000.0,Working,Secondary / secondary special,Widow,House / apartment,-17352,-489,Managers,1,4,0
5116868,0.0,C,F,Y,Y,1,139500.0,Working,Secondary / secondary special,Married,House / apartment,-14628,-7735,Security staff,3,2,1
5116877,0.0,C,F,N,Y,0,225000.0,Working,Secondary / secondary special,Married,House / apartment,-13587,-4236,Medicine staff,2,2,0
5116879,0.0,C,F,N,N,0,112500.0,Working,Higher education,Single / not married,With parents,-11061,-157,High skill tech staff,1,0,0
5116881,0.0,0,M,Y,N,0,157500.0,Working,Secondary / secondary special,Married,House / apartment,-17412,-399,Laborers,2,2,0
5116882,0.0,C,M,Y,N,0,157500.0,Working,Secondary / secondary special,Married,House / apartment,-17412,-399,Laborers,2,2,0
5116884,0.0,C,M,Y,Y,1,144000.0,Working,Secondary / secondary special,Married,House / apartment,-11790,-1222,Laborers,3,2,1
5116891,0.0,0,F,Y,Y,0,117000.0,Working,Secondary / secondary special,Married,House / apartment,-18746,-218,Sales staff,2,4,0
5116899,0.0,0,F,N,N,2,49500.0,Working,Secondary / secondary special,Married,House / apartment,-10368,-1740,Sales staff,4,4,1
5116901,0.0,C,F,N,Y,0,148500.0,Working,Incomplete higher,Single / not married,House / apartment,-9924,-1830,Medicine staff,1,1,0
5116905,0.0,C,F,N,Y,0,90000.0,Working,Secondary / secondary special,Single / not married,House / apartment,-19094,-1403,Private service staff,1,4,0
5116908,0.0,C,M,Y,Y,0,211500.0,State servant,Secondary / secondary special,Married,House / apartment,-15047,-7553,Core staff,2,0,0
5116910,0.0,C,M,Y,Y,0,112500.0,Working,Secondary / secondary special,Civil marriage,House / apartment,-18162,-6761,Laborers,2,2,0
5116911,0.0,1,M,Y,Y,0,112500.0,Working,Secondary / secondary special,Civil marriage,House / apartment,-18162,-6761,Laborers,2,1,0
5116916,0.0,C,F,N,Y,2,265500.0,Working,Secondary / secondary special,Married,House / apartment,-11455,-1556,Managers,4,2,1
5116924,0.0,C,F,N,N,1,90000.0,Commercial associate,Incomplete higher,Civil marriage,House / apartment,-11792,-126,Laborers,3,1,1
5116928,0.0,X,M,N,Y,0,225000.0,Working,Higher education,Married,House / apartment,-16772,-279,High skill tech staff,2,0,0
5116932,0.0,C,F,Y,Y,1,247500.0,Commercial associate,Higher education,Civil marriage,House / apartment,-15340,-1009,Sales staff,3,3,1
5116933,0.0,C,F,Y,Y,1,247500.0,Commercial associate,Higher education,Civil marriage,House / apartment,-15340,-1009,Sales staff,3,3,1
5116939,0.0,C,F,N,Y,0,292500.0,Commercial associate,Higher education,Single / not married,House / apartment,-10533,-2317,Managers,1,3,2
5116942,0.0,0,M,Y,Y,0,157500.0,Working,Secondary / secondary special,Married,House / apartment,-19452,-3017,Laborers,2,2,0
5116944,0.0,X,M,Y,Y,0,157500.0,Working,Secondary / secondary special,Married,House / apartment,-19452,-3017,Laborers,2,2,0
5116955,0.0,C,F,N,Y,1,112500.0,Commercial associate,Secondary / secondary special,Married,House / apartment,-17243,-2378,Laborers,3,1,1
5116956,0.0,C,F,N,Y,1,112500.0,Commercial associate,Secondary / secondary special,Married,House / apartment,-17243,-2378,Laborers,3,1,1
5116957,0.0,C,F,N,Y,1,112500.0,Commercial associate,Secondary / secondary special,Married,House / apartment,-17243,-2378,Laborers,3,1,1
5116959,0.0,C,F,Y,Y,1,90000.0,Working,Secondary / secondary special,Married,House / apartment,-16835,-2378,Core staff,3,2,1
5116963,0.0,C,M,Y,N,1,225000.0,Working,Secondary / secondary special,Civil marriage,House / apartment,-10729,-307,Drivers,3,2,1
5116966,0.0,C,F,N,Y,0,112500.0,Working,Higher education,Married,House / apartment,-14225,-3170,Laborers,2,0,0
5116967,0.0,C,F,N,Y,0,112500.0,Working,Higher education,Married,House / apartment,-14225,-3170,Laborers,2,0,0
5116968,0.0,C,F,N,Y,0,112500.0,Working,Higher education,Married,House / apartment,-14225,-3170,Laborers,2,0,0
5116969,0.0,C,F,N,Y,0,112500.0,Working,Higher education,Married,House / apartment,-14225,-3170,Laborers,2,0,0
5116977,0.0,C,F,N,Y,1,112500.0,Commercial associate,Secondary / secondary special,Civil marriage,House / apartment,-16099,-795,Laborers,3,1,1
5116980,0.0,0,F,N,Y,0,225000.0,Working,Higher education,Married,House / apartment,-17329,-7765,Core staff,2,1,0
5116983,0.0,C,F,N,Y,0,112500.0,State servant,Secondary / secondary special,Widow,House / apartment,-20075,-672,Medicine staff,1,1,0
5117000,0.0,0,M,Y,Y,1,225000.0,Commercial associate,Secondary / secondary special,Married,House / apartment,-10467,-2895,Laborers,3,1,1
5117001,0.0,C,M,Y,Y,1,225000.0,Commercial associate,Secondary / secondary special,Married,House / apartment,-14512,-2044,High skill tech staff,3,0,1
5117002,0.0,C,F,N,Y,1,360000.0,Working,Secondary / secondary special,Married,House / apartment,-11760,-187,Sales staff,3,2,2
5117003,0.0,C,F,N,Y,1,360000.0,Working,Secondary / secondary special,Married,House / apartment,-11760,-187,Sales staff,3,2,2
5117005,0.0,C,M,Y,N,0,180000.0,Working,Secondary / secondary special,Married,House / apartment,-17685,-3413,Drivers,2,2,0
5117007,0.0,X,M,Y,N,0,157500.0,Working,Secondary / secondary special,Married,House / apartment,-11685,-491,Laborers,2,2,0
5117015,0.0,C,M,N,Y,1,180000.0,Working,Secondary / secondary special,Civil marriage,House / apartment,-10359,-3413,Laborers,3,2,1
5117019,0.0,C,M,N,Y,0,225000.0,Working,Secondary / secondary special,Married,House / apartment,-12991,-1983,Drivers,2,2,0
5117020,0.0,C,F,N,N,0,135000.0,Working,Secondary / secondary special,Married,With parents,-12349,-1799,Laborers,2,2,0
5117027,0.0,C,M,Y,Y,1,225000.0,Commercial associate,Higher education,Married,House / apartment,-10298,-1860,Managers,3,0,1
5117028,0.0,C,M,Y,Y,1,225000.0,Commercial associate,Higher education,Married,House / apartment,-10298,-1860,Managers,3,0,1
5117032,0.0,1,M,Y,N,0,90000.0,Working,Secondary / secondary special,Single / not married,House / apartment,-10588,-1375,Security staff,1,1,0
5117039,0.0,C,M,Y,Y,0,202500.0,Working,Secondary / secondary special,Civil marriage,House / apartment,-14333,-95,Laborers,2,2,0
5117043,0.0,X,M,Y,N,0,180000.0,Working,Secondary / secondary special,Married,House / apartment,-16127,-2074,Drivers,2,2,0
5117044,0.0,0,F,N,Y,0,112500.0,Working,Incomplete higher,Married,House / apartment,-17727,-825,Laborers,2,4,0
5117045,0.0,C,F,N,N,0,112500.0,Commercial associate,Secondary / secondary special,Single / not married,Municipal apartment,-17568,-5666,High skill tech staff,1,1,0
5117048,0.0,C,F,N,Y,2,90000.0,Working,Secondary / secondary special,Married,House / apartment,-12530,-218,Laborers,4,2,1
5117053,0.0,C,F,N,Y,1,135000.0,Working,Secondary / secondary special,Married,House / apartment,-14493,-1768,Laborers,3,2,1
5117059,0.0,X,M,Y,Y,0,157500.0,Working,Secondary / secondary special,Separated,House / apartment,-21892,-4325,Security staff,1,2,0
5117060,0.0,C,F,Y,Y,2,121500.0,Commercial associate,Secondary / secondary special,Married,House / apartment,-14364,-3747,Laborers,4,0,1
5117063,0.0,C,F,Y,Y,0,405000.0,Working,Higher education,Separated,House / apartment,-17231,-1344,Laborers,1,0,2
5117064,0.0,C,F,N,Y,0,180000.0,Commercial associate,Higher education,Married,House / apartment,-12051,-2836,Core staff,2,3,0
5117066,0.0,C,M,Y,Y,0,112500.0,Working,Secondary / secondary special,Married,House / apartment,-22498,-5939,Laborers,2,2,0
5117067,0.0,X,M,Y,Y,0,135000.0,Working,Secondary / secondary special,Married,House / apartment,-16914,-825,Laborers,2,2,0
5117069,0.0,C,F,Y,Y,2,121500.0,Commercial associate,Secondary / secondary special,Married,House / apartment,-12797,-249,High skill tech staff,4,0,1
5117071,0.0,0,F,N,N,2,315000.0,State servant,Higher education,Married,House / apartment,-12848,-3839,Core staff,4,3,1
5117074,0.0,C,M,N,Y,0,270000.0,Commercial associate,Secondary / secondary special,Married,House / apartment,-17594,-491,Drivers,2,0,2
5117075,0.0,0,F,N,N,0,180000.0,Working,Higher education,Married,House / apartment,-9948,-704,Accountants,2,1,0
5117076,0.0,0,F,N,N,0,180000.0,Working,Higher education,Married,House / apartment,-9948,-704,Accountants,2,1,0
5117078,0.0,0,F,N,N,0,180000.0,Working,Higher education,Married,House / apartment,-9948,-704,Accountants,2,1,0
5117081,0.0,C,F,N,N,0,180000.0,Working,Higher education,Married,House / apartment,-9948,-704,Accountants,2,0,0
5117082,0.0,0,F,N,N,0,180000.0,Working,Higher education,Married,House / apartment,-9948,-704,Accountants,2,1,0
5117083,0.0,0,F,N,N,0,180000.0,Working,Higher education,Married,House / apartment,-9948,-704,Accountants,2,1,0
5117084,0.0,0,M,Y,Y,0,225000.0,Working,Secondary / secondary special,Single / not married,House / apartment,-11917,-126,Waiters/barmen staff,1,4,0
5117085,0.0,C,M,Y,Y,0,225000.0,Working,Secondary / secondary special,Single / not married,House / apartment,-11917,-126,Waiters/barmen staff,1,2,0
5117086,0.0,C,M,Y,Y,0,225000.0,Working,Secondary / secondary special,Single / not married,House / apartment,-11917,-126,Waiters/barmen staff,1,2,0
5117118,0.0,C,M,Y,Y,0,225000.0,Working,Incomplete higher,Married,House / apartment,-16462,-704,Drivers,2,0,0
5117127,0.0,0,F,Y,Y,2,202500.0,Working,Secondary / secondary special,Married,House / apartment,-13141,-1222,Medicine staff,4,4,1
5117128,0.0,X,F,N,Y,1,247500.0,Working,Secondary / secondary special,Married,House / apartment,-13146,-1283,Managers,3,4,1
5117129,0.0,0,F,N,Y,1,247500.0,Working,Secondary / secondary special,Married,House / apartment,-13146,-1283,Managers,3,4,1
5117131,0.0,0,F,N,Y,0,270000.0,Working,Higher education,Single / not married,House / apartment,-10390,-796,Sales staff,1,1,0
5117136,0.0,C,M,Y,Y,0,135000.0,Commercial associate,Higher education,Married,House / apartment,-11263,-1526,Laborers,2,0,0
5117139,0.0,C,M,N,Y,1,270000.0,Commercial associate,Secondary / secondary special,Separated,House / apartment,-13574,-2195,Sales staff,2,1,0
5117148,0.0,X,M,Y,N,0,360000.0,Commercial associate,Secondary / secondary special,Single / not married,House / apartment,-16270,-460,Drivers,1,1,2
5117149,0.0,X,M,Y,N,0,360000.0,Commercial associate,Secondary / secondary special,Single / not married,House / apartment,-16270,-460,Drivers,1,1,2
5117151,0.0,0,M,Y,N,0,360000.0,Commercial associate,Secondary / secondary special,Single / not married,House / apartment,-16270,-460,Drivers,1,1,2
5117152,0.0,0,M,Y,N,0,360000.0,Commercial associate,Secondary / secondary special,Single / not married,House / apartment,-16270,-460,Drivers,1,1,2
5117156,0.0,C,F,Y,N,1,270000.0,State servant,Higher education,Married,House / apartment,-11208,-461,Core staff,3,0,1
5117160,0.0,C,F,N,N,1,135000.0,State servant,Secondary / secondary special,Separated,House / apartment,-16150,-5148,Medicine staff,2,1,0
5117161,0.0,C,F,N,N,1,135000.0,State servant,Secondary / secondary special,Separated,House / apartment,-16150,-5148,Medicine staff,2,1,0
5117163,0.0,C,F,N,N,1,135000.0,State servant,Secondary / secondary special,Separated,House / apartment,-16150,-5148,Medicine staff,2,1,0
5117165,0.0,C,F,N,N,1,135000.0,State servant,Secondary / secondary special,Separated,House / apartment,-16150,-5148,Medicine staff,2,1,0
5117167,0.0,C,F,N,N,1,135000.0,State servant,Secondary / secondary special,Separated,House / apartment,-16150,-5148,Medicine staff,2,1,0
5117177,0.0,C,M,N,Y,0,135000.0,Working,Higher education,Married,House / apartment,-19780,-7097,Laborers,2,0,0
5117187,0.0,0,M,N,N,1,270000.0,Commercial associate,Secondary / secondary special,Single / not married,House / apartment,-14152,-826,Managers,2,1,2
5117203,0.0,0,F,N,Y,0,135000.0,Working,Secondary / secondary special,Single / not married,House / apartment,-13530,-95,Sales staff,1,4,0
5117204,0.0,0,F,N,Y,0,135000.0,Working,Secondary / secondary special,Single / not married,House / apartment,-13530,-95,Sales staff,1,4,0
5117205,0.0,0,F,N,Y,0,135000.0,Working,Secondary / secondary special,Single / not married,House / apartment,-13530,-95,Sales staff,1,4,0
5117206,0.0,X,F,N,Y,0,81000.0,State servant,Secondary / secondary special,Married,House / apartment,-15109,-8131,Medicine staff,2,1,0
5117210,0.0,0,F,N,Y,0,81000.0,State servant,Secondary / secondary special,Married,House / apartment,-15109,-8131,Medicine staff,2,1,0
5117216,0.0,0,F,N,Y,0,202500.0,Working,Secondary / secondary special,Civil marriage,House / apartment,-11107,-1953,Core staff,2,4,0
5117217,0.0,C,F,N,Y,0,202500.0,Working,Secondary / secondary special,Civil marriage,House / apartment,-11107,-1953,Core staff,2,4,0
5117218,0.0,C,F,N,Y,0,202500.0,Working,Secondary / secondary special,Civil marriage,House / apartment,-11107,-1953,Core staff,2,4,0
5117219,0.0,0,F,N,Y,0,202500.0,Working,Secondary / secondary special,Civil marriage,House / apartment,-11107,-1953,Core staff,2,4,0
5117220,0.0,C,F,N,Y,0,202500.0,Working,Secondary / secondary special,Civil marriage,House / apartment,-11107,-1953,Core staff,2,4,0
5117221,0.0,C,F,N,Y,0,202500.0,Working,Secondary / secondary special,Civil marriage,House / apartment,-11107,-1953,Core staff,2,4,0
5117222,0.0,C,F,N,Y,0,202500.0,Working,Secondary / secondary special,Civil marriage,House / apartment,-11107,-1953,Core staff,2,4,0
5117227,0.0,C,M,N,Y,0,36900.0,Working,Secondary / secondary special,Married,House / apartment,-18565,-1800,Laborers,2,2,0
5117228,0.0,0,M,N,Y,0,36900.0,Working,Secondary / secondary special,Married,House / apartment,-18565,-1800,Laborers,2,4,0
5117230,0.0,C,M,N,Y,0,135000.0,Working,Secondary / secondary special,Married,House / apartment,-13826,-7128,Laborers,2,2,0
5117231,0.0,C,M,N,Y,0,135000.0,Working,Secondary / secondary special,Married,House / apartment,-13826,-7128,Laborers,2,2,0
5117233,0.0,C,M,N,Y,0,135000.0,Working,Secondary / secondary special,Married,House / apartment,-13826,-7128,Laborers,2,2,0
5117234,0.0,C,M,N,Y,0,135000.0,Working,Secondary / secondary special,Married,House / apartment,-13826,-7128,Laborers,2,2,0
5117235,0.0,X,M,N,Y,0,135000.0,Working,Secondary / secondary special,Married,House / apartment,-13826,-7128,Laborers,2,2,0
5117241,0.0,C,M,N,Y,0,135000.0,Working,Secondary / secondary special,Married,House / apartment,-13826,-7128,Laborers,2,2,0
5117236,0.0,C,M,N,Y,0,364500.0,Working,Secondary / secondary special,Married,House / apartment,-8351,-672,Laborers,2,2,2
5117238,0.0,0,M,N,Y,0,364500.0,Working,Secondary / secondary special,Married,House / apartment,-8351,-672,Laborers,2,4,2
5117239,0.0,0,M,N,Y,0,364500.0,Working,Secondary / secondary special,Married,House / apartment,-8351,-672,Laborers,2,4,2
5117245,0.0,0,F,N,Y,2,112500.0,Working,Secondary / secondary special,Married,House / apartment,-12974,-2379,Laborers,4,4,1
5117246,0.0,0,F,N,Y,2,112500.0,Working,Secondary / secondary special,Married,House / apartment,-12974,-2379,Laborers,4,4,1
5117248,0.0,C,F,N,Y,2,112500.0,Working,Secondary / secondary special,Married,House / apartment,-12974,-2379,Laborers,4,2,1
5117250,0.0,C,F,N,Y,2,112500.0,Working,Secondary / secondary special,Married,House / apartment,-12974,-2379,Laborers,4,2,1
5117251,0.0,C,F,N,Y,2,112500.0,Working,Secondary / secondary special,Married,House / apartment,-12974,-2379,Laborers,4,2,1
5117252,0.0,0,F,N,Y,2,112500.0,Working,Secondary / secondary special,Married,House / apartment,-12974,-2379,Laborers,4,4,1
5117254,0.0,0,F,Y,Y,0,207000.0,State servant,Higher education,Married,House / apartment,-22398,-3506,Medicine staff,2,3,0
5117255,0.0,0,F,Y,Y,0,207000.0,State servant,Higher education,Married,House / apartment,-22398,-3506,Medicine staff,2,3,0
5117257,0.0,0,F,Y,Y,0,207000.0,State servant,Higher education,Married,House / apartment,-22398,-3506,Medicine staff,2,3,0
5117266,0.0,C,M,N,Y,0,225000.0,Working,Secondary / secondary special,Single / not married,House / apartment,-16496,-338,Medicine staff,1,2,0
5117268,0.0,C,M,N,Y,0,225000.0,Working,Secondary / secondary special,Single / not married,House / apartment,-16496,-338,Medicine staff,1,2,0
5117269,0.0,C,M,N,Y,0,225000.0,Working,Secondary / secondary special,Single / not married,House / apartment,-16496,-338,Medicine staff,1,2,0
5117271,0.0,C,F,Y,N,0,202500.0,Commercial associate,Higher education,Married,House / apartment,-16804,-1922,Laborers,2,0,0
5117273,0.0,C,M,N,Y,2,135000.0,Working,Secondary / secondary special,Married,House / apartment,-19907,-6063,Laborers,4,2,1
5117274,0.0,C,M,Y,Y,1,180000.0,Working,Higher education,Married,House / apartment,-14082,-1800,Managers,3,0,1
5117275,0.0,X,M,Y,Y,1,180000.0,Working,Higher education,Married,House / apartment,-14082,-1800,Managers,3,0,1
5117277,0.0,0,M,Y,Y,1,180000.0,Working,Higher education,Married,House / apartment,-14082,-1800,Managers,3,0,1
5117278,0.0,X,M,Y,Y,1,180000.0,Working,Higher education,Married,House / apartment,-14082,-1800,Managers,3,0,1
5117279,0.0,C,M,Y,Y,1,180000.0,Working,Higher education,Married,House / apartment,-14082,-1800,Managers,3,0,1
5117286,0.0,C,M,Y,Y,1,180000.0,Working,Higher education,Married,House / apartment,-14082,-1800,Managers,3,0,1
5117290,0.0,C,M,Y,Y,1,180000.0,Working,Higher education,Married,House / apartment,-14082,-1800,Managers,3,0,1
5117291,0.0,0,M,Y,Y,1,180000.0,Working,Higher education,Married,House / apartment,-14082,-1800,Managers,3,0,1
5117295,0.0,C,M,N,N,0,225000.0,Commercial associate,Higher education,Single / not married,Municipal apartment,-20788,-5300,Managers,1,3,0
5117298,0.0,C,M,N,Y,2,112500.0,Working,Secondary / secondary special,Married,House / apartment,-21312,-10050,Laborers,4,2,1
5117299,0.0,C,M,N,Y,2,112500.0,Working,Secondary / secondary special,Married,House / apartment,-21312,-10050,Laborers,4,2,1
5117300,0.0,X,M,N,Y,2,112500.0,Working,Secondary / secondary special,Married,House / apartment,-21312,-10050,Laborers,4,2,1
5117301,0.0,X,M,N,Y,2,112500.0,Working,Secondary / secondary special,Married,House / apartment,-21312,-10050,Laborers,4,2,1
5117311,0.0,C,F,N,N,1,202500.0,Commercial associate,Secondary / secondary special,Married,Municipal apartment,-17971,-3625,Managers,3,1,1
5117312,0.0,0,F,N,N,1,202500.0,Commercial associate,Secondary / secondary special,Married,Municipal apartment,-17971,-3625,Managers,3,1,1
5117314,0.0,0,M,N,Y,1,292500.0,Working,Secondary / secondary special,Married,House / apartment,-16632,-1679,Laborers,3,4,1
5117316,0.0,C,M,Y,Y,1,315000.0,Commercial associate,Higher education,Married,House / apartment,-17370,-492,High skill tech staff,3,0,2
5117318,0.0,0,M,Y,Y,1,315000.0,Commercial associate,Higher education,Married,House / apartment,-17370,-492,High skill tech staff,3,3,2
5117321,0.0,C,M,Y,Y,1,315000.0,Commercial associate,Higher education,Married,House / apartment,-17370,-492,High skill tech staff,3,0,2
5117322,0.0,X,M,Y,Y,1,315000.0,Commercial associate,Higher education,Married,House / apartment,-17370,-492,High skill tech staff,3,3,2
5117323,0.0,X,F,N,Y,1,382500.0,State servant,Higher education,Single / not married,With parents,-12116,-553,Managers,2,3,2
5117324,0.0,C,F,N,Y,1,382500.0,State servant,Higher education,Single / not married,With parents,-12116,-553,Managers,2,3,2
5117325,0.0,C,F,N,Y,1,382500.0,State servant,Higher education,Single / not married,With parents,-12116,-553,Managers,2,3,2
5117330,0.0,X,F,Y,Y,0,270000.0,Commercial associate,Secondary / secondary special,Separated,House / apartment,-15027,-2257,Sales staff,1,1,0
5117331,0.0,0,F,Y,Y,0,270000.0,Commercial associate,Secondary / secondary special,Separated,House / apartment,-15027,-2257,Sales staff,1,1,0
5117332,0.0,0,F,Y,Y,0,270000.0,Commercial associate,Secondary / secondary special,Separated,House / apartment,-15027,-2257,Sales staff,1,1,0
5117336,0.0,0,F,Y,Y,0,270000.0,Commercial associate,Secondary / secondary special,Separated,House / apartment,-15027,-2257,Sales staff,1,1,0
5117353,0.0,X,F,Y,Y,0,193500.0,Working,Secondary / secondary special,Single / not married,House / apartment,-18029,-1496,Laborers,1,4,0
5117354,0.0,0,F,Y,Y,0,193500.0,Working,Secondary / secondary special,Single / not married,House / apartment,-18029,-1496,Laborers,1,4,0
5117355,0.0,0,F,N,Y,3,135000.0,Commercial associate,Secondary / secondary special,Married,House / apartment,-12194,-2287,Sales staff,5,1,1
5117356,0.0,0,F,N,Y,3,135000.0,Commercial associate,Secondary / secondary special,Married,House / apartment,-12194,-2287,Sales staff,5,1,1
5117359,0.0,C,M,Y,Y,1,180000.0,Working,Higher education,Married,With parents,-11917,-1680,Laborers,3,0,1
5117360,0.0,C,M,Y,Y,1,180000.0,Working,Higher education,Married,With parents,-11917,-1680,Laborers,3,0,1
5117366,0.0,C,M,Y,Y,1,180000.0,Working,Higher education,Married,With parents,-11917,-1680,Laborers,3,0,1
5117367,0.0,0,M,Y,Y,1,180000.0,Working,Higher education,Married,With parents,-11917,-1680,Laborers,3,0,1
5117368,0.0,0,M,Y,Y,1,180000.0,Working,Higher education,Married,With parents,-11917,-1680,Laborers,3,0,1
5117370,0.0,0,M,Y,Y,0,135000.0,Commercial associate,Higher education,Single / not married,House / apartment,-18328,-3779,Drivers,1,3,0
5117373,0.0,0,F,Y,N,0,135000.0,Commercial associate,Lower secondary,Married,House / apartment,-12427,-614,Laborers,2,1,0
5117374,0.0,C,F,Y,N,0,135000.0,Commercial associate,Lower secondary,Married,House / apartment,-12427,-614,Laborers,2,0,0
5117375,0.0,0,F,Y,N,0,135000.0,Commercial associate,Lower secondary,Married,House / apartment,-12427,-614,Laborers,2,1,0
5117376,0.0,0,F,Y,N,0,135000.0,Commercial associate,Lower secondary,Married,House / apartment,-12427,-614,Laborers,2,1,0
5117377,0.0,0,F,Y,N,0,135000.0,Commercial associate,Lower secondary,Married,House / apartment,-12427,-614,Laborers,2,1,0
5117383,0.0,0,M,N,Y,2,67500.0,Working,Secondary / secondary special,Married,House / apartment,-11822,-1741,Managers,4,4,1
5117399,0.0,0,M,N,N,0,180000.0,Commercial associate,Secondary / secondary special,Single / not married,House / apartment,-9579,-1953,Laborers,1,1,0
5117400,0.0,0,M,N,N,0,180000.0,Commercial associate,Secondary / secondary special,Single / not married,House / apartment,-9579,-1953,Laborers,1,1,0
5117401,0.0,0,M,N,N,0,180000.0,Commercial associate,Secondary / secondary special,Single / not married,House / apartment,-9579,-1953,Laborers,1,1,0
5117402,0.0,0,M,N,N,0,180000.0,Commercial associate,Secondary / secondary special,Single / not married,House / apartment,-9579,-1953,Laborers,1,1,0
5117403,0.0,C,F,N,N,0,94500.0,Working,Secondary / secondary special,Married,House / apartment,-16758,-1619,Waiters/barmen staff,2,2,0
5117404,0.0,C,F,N,N,0,94500.0,Working,Secondary / secondary special,Married,House / apartment,-16758,-1619,Waiters/barmen staff,2,2,0
5117407,0.0,C,F,N,N,0,94500.0,Working,Secondary / secondary special,Married,House / apartment,-16758,-1619,Waiters/barmen staff,2,2,0
5117414,0.0,C,F,N,N,0,112500.0,State servant,Higher education,Married,House / apartment,-13574,-188,Core staff,2,3,0
5117415,0.0,0,F,Y,N,0,112500.0,Working,Secondary / secondary special,Married,House / apartment,-16215,-3567,Sales staff,2,4,0
5117417,0.0,0,F,Y,N,0,112500.0,Working,Secondary / secondary special,Married,House / apartment,-16215,-3567,Sales staff,2,4,0
5117418,0.0,0,F,Y,N,0,112500.0,Working,Secondary / secondary special,Married,House / apartment,-16215,-3567,Sales staff,2,4,0
5117419,0.0,0,F,Y,N,0,112500.0,Working,Secondary / secondary special,Married,House / apartment,-16215,-3567,Sales staff,2,4,0
5117420,0.0,0,F,Y,N,0,112500.0,Working,Secondary / secondary special,Married,House / apartment,-16215,-3567,Sales staff,2,4,0
5117431,0.0,C,M,Y,N,0,157500.0,Commercial associate,Secondary / secondary special,Married,House / apartment,-19370,-2410,Laborers,2,0,0
5117432,0.0,X,M,Y,N,0,157500.0,Commercial associate,Secondary / secondary special,Married,House / apartment,-19370,-2410,Laborers,2,2,0
5117433,0.0,C,M,Y,N,0,157500.0,Commercial associate,Secondary / secondary special,Married,House / apartment,-19370,-2410,Laborers,2,0,0
5117434,0.0,C,M,Y,N,0,157500.0,Commercial associate,Secondary / secondary special,Married,House / apartment,-19370,-2410,Laborers,2,0,0
5117439,0.0,C,F,N,N,0,180000.0,Commercial associate,Secondary / secondary special,Married,House / apartment,-17051,-1284,Core staff,2,1,0
5117440,0.0,0,F,N,N,2,166500.0,Working,Secondary / secondary special,Married,House / apartment,-13040,-1588,Cooking staff,4,4,1
5117441,0.0,0,F,N,N,2,166500.0,Working,Secondary / secondary special,Married,House / apartment,-13040,-1588,Cooking staff,4,4,1
5117443,0.0,0,M,Y,N,0,180000.0,Working,Secondary / secondary special,Married,House / apartment,-20037,-2349,Drivers,2,2,0
5117446,0.0,C,M,Y,N,0,180000.0,Working,Secondary / secondary special,Married,House / apartment,-20037,-2349,Drivers,2,2,0
5117447,0.0,C,M,Y,N,0,180000.0,Working,Secondary / secondary special,Married,House / apartment,-20037,-2349,Drivers,2,2,0
5117458,0.0,1,M,N,Y,0,121500.0,State servant,Secondary / secondary special,Married,House / apartment,-14123,-3110,Laborers,2,1,0
5117459,0.0,0,F,Y,N,1,148500.0,Working,Secondary / secondary special,Married,House / apartment,-11675,-3779,Sales staff,3,4,1
5117461,0.0,X,F,Y,N,1,148500.0,Working,Secondary / secondary special,Married,House / apartment,-11675,-3779,Sales staff,3,4,1
5117462,0.0,0,F,Y,N,1,148500.0,Working,Secondary / secondary special,Married,House / apartment,-11675,-3779,Sales staff,3,4,1
5117478,0.0,C,F,N,N,0,292500.0,Working,Secondary / secondary special,Married,House / apartment,-14232,-1404,Sales staff,2,2,0
5117479,0.0,C,F,N,N,0,292500.0,Working,Secondary / secondary special,Married,House / apartment,-14232,-1404,Sales staff,2,2,0
5117480,0.0,0,F,N,N,0,292500.0,Working,Secondary / secondary special,Married,House / apartment,-14232,-1404,Sales staff,2,4,0
5117481,0.0,0,F,N,N,0,292500.0,Working,Secondary / secondary special,Married,House / apartment,-14232,-1404,Sales staff,2,4,0
5117483,0.0,0,F,N,N,0,292500.0,Working,Secondary / secondary special,Married,House / apartment,-14232,-1404,Sales staff,2,4,0
5117484,0.0,C,M,Y,N,0,135000.0,Commercial associate,Secondary / secondary special,Married,House / apartment,-19048,-3932,Drivers,2,0,0
5117486,0.0,X,M,Y,N,0,135000.0,Commercial associate,Secondary / secondary special,Married,House / apartment,-19048,-3932,Drivers,2,1,0
5117489,0.0,C,F,N,N,0,108000.0,Commercial associate,Secondary / secondary special,Married,House / apartment,-18827,-1131,Laborers,2,1,0
5117490,0.0,C,M,N,Y,0,90000.0,Commercial associate,Secondary / secondary special,Civil marriage,House / apartment,-16459,-704,Low-skill Laborers,2,1,0
5117491,0.0,0,M,N,Y,0,90000.0,Commercial associate,Secondary / secondary special,Civil marriage,House / apartment,-16459,-704,Low-skill Laborers,2,1,0
5117492,0.0,C,M,N,Y,0,90000.0,Commercial associate,Secondary / secondary special,Civil marriage,House / apartment,-16459,-704,Low-skill Laborers,2,1,0
5117493,0.0,0,M,N,Y,0,90000.0,Commercial associate,Secondary / secondary special,Civil marriage,House / apartment,-16459,-704,Low-skill Laborers,2,1,0
5117494,0.0,X,M,N,Y,0,90000.0,Commercial associate,Secondary / secondary special,Civil marriage,House / apartment,-16459,-704,Low-skill Laborers,2,1,0
5117496,0.0,C,M,N,Y,0,90000.0,Commercial associate,Secondary / secondary special,Civil marriage,House / apartment,-16459,-704,Low-skill Laborers,2,1,0
5117498,0.0,C,M,N,Y,0,90000.0,Commercial associate,Secondary / secondary special,Civil marriage,House / apartment,-16459,-704,Low-skill Laborers,2,1,0
5117503,0.0,X,M,N,Y,0,90000.0,Commercial associate,Secondary / secondary special,Civil marriage,House / apartment,-16459,-704,Low-skill Laborers,2,1,0
5117504,0.0,0,M,N,N,0,247500.0,Working,Secondary / secondary special,Single / not married,House / apartment,-10225,-1376,Laborers,1,4,0
5117505,0.0,0,M,N,N,0,247500.0,Working,Secondary / secondary special,Single / not married,House / apartment,-10225,-1376,Laborers,1,4,0
5117506,0.0,C,M,N,N,0,247500.0,Working,Secondary / secondary special,Single / not married,House / apartment,-10225,-1376,Laborers,1,2,0
5117507,0.0,C,M,N,N,0,247500.0,Working,Secondary / secondary special,Single / not married,House / apartment,-10225,-1376,Laborers,1,2,0
5117508,0.0,X,F,N,N,2,180000.0,Working,Secondary / secondary special,Married,House / apartment,-12161,-127,Cooking staff,4,4,1
5117510,0.0,X,F,N,N,2,180000.0,Working,Secondary / secondary special,Married,House / apartment,-12161,-127,Cooking staff,4,4,1
5117512,0.0,X,F,N,N,2,180000.0,Working,Secondary / secondary special,Married,House / apartment,-12161,-127,Cooking staff,4,4,1
5117513,0.0,X,F,N,N,2,180000.0,Working,Secondary / secondary special,Married,House / apartment,-12161,-127,Cooking staff,4,4,1
5117518,0.0,X,F,N,N,1,144000.0,Working,Secondary / secondary special,Single / not married,Rented apartment,-14427,-3506,High skill tech staff,2,4,0
5117519,0.0,X,F,N,N,1,144000.0,Working,Secondary / secondary special,Single / not married,Rented apartment,-14427,-3506,High skill tech staff,2,4,0
5117523,0.0,X,F,N,N,1,144000.0,Working,Secondary / secondary special,Single / not married,Rented apartment,-14427,-3506,High skill tech staff,2,4,0
5117524,0.0,X,F,N,N,1,144000.0,Working,Secondary / secondary special,Single / not married,Rented apartment,-14427,-3506,High skill tech staff,2,4,0
5117527,0.0,X,F,N,N,1,144000.0,Working,Secondary / secondary special,Single / not married,Rented apartment,-14427,-3506,High skill tech staff,2,4,0
5117528,0.0,X,F,N,N,1,144000.0,Working,Secondary / secondary special,Single / not married,Rented apartment,-14427,-3506,High skill tech staff,2,4,0
5117529,0.0,C,F,N,N,1,144000.0,Working,Secondary / secondary special,Single / not married,Rented apartment,-14427,-3506,High skill tech staff,2,4,0
5117531,0.0,C,F,N,N,0,76500.0,Working,Secondary / secondary special,Married,House / apartment,-15436,-1953,Core staff,2,2,0
5117532,0.0,0,F,N,N,0,135000.0,Working,Higher education,Married,House / apartment,-15570,-1619,Sales staff,2,1,0
5117533,0.0,0,F,N,N,0,135000.0,Working,Higher education,Married,House / apartment,-15570,-1619,Sales staff,2,1,0
5117535,0.0,C,F,N,N,0,135000.0,Working,Higher education,Married,House / apartment,-15570,-1619,Sales staff,2,0,0
5117536,0.0,C,F,N,N,0,135000.0,Working,Higher education,Married,House / apartment,-15570,-1619,Sales staff,2,0,0
5117561,0.0,0,F,N,N,0,135000.0,Working,Secondary / secondary special,Married,House / apartment,-15493,-645,Laborers,2,4,0
5117562,0.0,X,F,N,N,0,135000.0,Working,Secondary / secondary special,Married,House / apartment,-15493,-645,Laborers,2,4,0
5117563,0.0,X,F,N,N,0,135000.0,Working,Secondary / secondary special,Married,House / apartment,-15493,-645,Laborers,2,4,0
5117564,0.0,0,F,N,N,0,135000.0,Working,Secondary / secondary special,Married,House / apartment,-15493,-645,Laborers,2,4,0
5117569,0.0,0,M,Y,N,1,247500.0,Commercial associate,Higher education,Married,House / apartment,-10425,-3202,IT staff,3,3,1
5117600,0.0,X,F,N,N,0,157500.0,Working,Higher education,Married,House / apartment,-14098,-2257,Core staff,2,1,0
5117601,0.0,C,F,N,N,0,157500.0,Working,Higher education,Married,House / apartment,-14098,-2257,Core staff,2,0,0
5117605,0.0,C,F,N,N,0,157500.0,Working,Higher education,Married,House / apartment,-14098,-2257,Core staff,2,0,0
5117608,0.0,X,F,N,N,0,157500.0,Working,Higher education,Married,House / apartment,-14098,-2257,Core staff,2,1,0
5117609,0.0,C,F,N,N,0,157500.0,Working,Higher education,Married,House / apartment,-14098,-2257,Core staff,2,0,0
5117611,0.0,C,F,N,N,0,157500.0,Working,Higher education,Married,House / apartment,-14098,-2257,Core staff,2,0,0
5117612,0.0,X,F,N,N,0,157500.0,Working,Higher education,Married,House / apartment,-14098,-2257,Core staff,2,1,0
5117613,0.0,C,F,N,N,0,157500.0,Working,Higher education,Married,House / apartment,-14098,-2257,Core staff,2,0,0
5117614,0.0,X,F,N,N,0,166500.0,Working,Higher education,Married,House / apartment,-21466,-3992,Core staff,2,1,0
5117615,0.0,0,F,N,N,0,166500.0,Working,Higher education,Married,House / apartment,-21466,-3992,Core staff,2,1,0
5117618,0.0,0,F,N,N,0,166500.0,Working,Higher education,Married,House / apartment,-21466,-3992,Core staff,2,1,0
5117619,0.0,0,F,N,N,0,166500.0,Working,Higher education,Married,House / apartment,-21466,-3992,Core staff,2,1,0
5117620,0.0,0,F,N,N,0,166500.0,Working,Higher education,Married,House / apartment,-21466,-3992,Core staff,2,1,0
5117621,0.0,X,F,N,N,0,166500.0,Working,Higher education,Married,House / apartment,-21466,-3992,Core staff,2,1,0
5117622,0.0,C,M,Y,N,2,112500.0,Working,Higher education,Married,House / apartment,-14659,-127,Drivers,4,0,1
5117623,0.0,C,M,Y,N,2,112500.0,Working,Higher education,Married,House / apartment,-14659,-127,Drivers,4,0,1
5117624,0.0,X,M,Y,N,1,202500.0,Commercial associate,Higher education,Married,Municipal apartment,-15542,-888,Drivers,3,3,1
5117634,0.0,X,F,N,N,0,90000.0,Working,Higher education,Single / not married,House / apartment,-12133,-461,Accountants,1,1,0
5117636,0.0,X,M,N,N,0,180000.0,Commercial associate,Higher education,Married,House / apartment,-10680,-1527,Cooking staff,2,3,0
5117638,0.0,X,M,N,N,0,180000.0,Commercial associate,Higher education,Married,House / apartment,-10680,-1527,Cooking staff,2,3,0
5117639,0.0,X,M,N,N,0,180000.0,Commercial associate,Higher education,Married,House / apartment,-10680,-1527,Cooking staff,2,3,0
5117668,0.0,C,F,N,Y,0,112500.0,Working,Secondary / secondary special,Separated,House / apartment,-11543,-979,Sales staff,1,4,0
5117669,0.0,C,F,N,Y,0,112500.0,Working,Secondary / secondary special,Separated,House / apartment,-11543,-979,Sales staff,1,4,0
5117670,0.0,X,F,N,Y,0,112500.0,Working,Secondary / secondary special,Separated,House / apartment,-11543,-979,Sales staff,1,4,0
5117689,0.0,C,F,N,Y,1,99000.0,Working,Secondary / secondary special,Married,House / apartment,-10633,-127,Sales staff,3,2,1
5117690,0.0,C,F,N,Y,1,99000.0,Working,Secondary / secondary special,Married,House / apartment,-10633,-127,Sales staff,3,2,1
5117691,0.0,C,F,N,Y,1,99000.0,Working,Secondary / secondary special,Married,House / apartment,-10633,-127,Sales staff,3,2,1
5117693,0.0,0,F,N,Y,1,99000.0,Working,Secondary / secondary special,Married,House / apartment,-10633,-127,Sales staff,3,4,1
5117718,0.0,1,M,Y,N,0,315000.0,Working,Secondary / secondary special,Married,House / apartment,-16675,-5056,Drivers,2,1,0
5117723,0.0,X,F,N,N,0,247500.0,Working,Higher education,Separated,House / apartment,-18696,-1800,High skill tech staff,1,1,0
5117724,0.0,X,F,N,N,0,247500.0,Working,Higher education,Separated,House / apartment,-18696,-1800,High skill tech staff,1,1,0
5117725,0.0,X,F,N,N,0,247500.0,Working,Higher education,Separated,House / apartment,-18696,-1800,High skill tech staff,1,1,0
5117726,0.0,0,F,N,N,0,247500.0,Working,Higher education,Separated,House / apartment,-18696,-1800,High skill tech staff,1,1,0
5117727,0.0,C,F,N,N,0,247500.0,Working,Higher education,Separated,House / apartment,-18696,-1800,High skill tech staff,1,0,0
5117728,0.0,0,F,N,N,0,247500.0,Working,Higher education,Separated,House / apartment,-18696,-1800,High skill tech staff,1,1,0
5117729,0.0,C,F,N,N,0,112500.0,Working,Incomplete higher,Married,With parents,-10157,-704,Sales staff,2,0,0
5117730,0.0,X,F,N,N,0,112500.0,Working,Incomplete higher,Married,With parents,-10157,-704,Sales staff,2,1,0
5117731,0.0,X,F,N,N,0,112500.0,Working,Incomplete higher,Married,With parents,-10157,-704,Sales staff,2,1,0
5117736,0.0,C,F,Y,N,0,225000.0,Commercial associate,Higher education,Single / not married,House / apartment,-13941,-2988,Accountants,1,3,0
5117739,0.0,C,F,Y,N,0,225000.0,Commercial associate,Higher education,Single / not married,House / apartment,-13941,-2988,Accountants,1,3,0
5117740,0.0,C,F,Y,N,0,225000.0,Commercial associate,Higher education,Single / not married,House / apartment,-13941,-2988,Accountants,1,3,0
5117742,0.0,C,F,Y,N,0,225000.0,Commercial associate,Higher education,Single / not married,House / apartment,-13941,-2988,Accountants,1,3,0
5117743,0.0,C,F,Y,N,0,225000.0,Commercial associate,Higher education,Single / not married,House / apartment,-13941,-2988,Accountants,1,3,0
5117787,0.0,C,F,Y,N,2,162000.0,Commercial associate,Incomplete higher,Married,House / apartment,-9662,-796,Core staff,4,0,1
5117788,0.0,C,F,Y,N,2,162000.0,Commercial associate,Incomplete higher,Married,House / apartment,-9662,-796,Core staff,4,0,1
5117790,0.0,0,F,Y,N,2,162000.0,Commercial associate,Incomplete higher,Married,House / apartment,-9662,-796,Core staff,4,3,1
5117791,0.0,C,F,Y,N,2,162000.0,Commercial associate,Incomplete higher,Married,House / apartment,-9662,-796,Core staff,4,0,1
5117793,0.0,C,F,Y,N,2,162000.0,Commercial associate,Incomplete higher,Married,House / apartment,-9662,-796,Core staff,4,0,1
5117794,0.0,C,F,Y,N,2,162000.0,Commercial associate,Incomplete higher,Married,House / apartment,-9662,-796,Core staff,4,0,1
5117795,0.0,C,F,Y,N,2,162000.0,Commercial associate,Incomplete higher,Married,House / apartment,-9662,-796,Core staff,4,0,1
5117796,0.0,X,F,Y,N,2,162000.0,Commercial associate,Incomplete higher,Married,House / apartment,-9662,-796,Core staff,4,3,1
5117797,0.0,X,F,Y,N,2,162000.0,Commercial associate,Incomplete higher,Married,House / apartment,-9662,-796,Core staff,4,3,1
5117799,0.0,C,M,Y,N,2,225000.0,Working,Secondary / secondary special,Married,House / apartment,-14660,-1254,Drivers,4,2,1
5117800,0.0,C,M,Y,N,2,225000.0,Working,Secondary / secondary special,Married,House / apartment,-14660,-1254,Drivers,4,2,1
5117806,0.0,X,F,Y,N,0,90000.0,Commercial associate,Incomplete higher,Married,House / apartment,-11520,-826,Sales staff,2,3,0
5117819,0.0,X,M,Y,N,0,274500.0,Commercial associate,Secondary / secondary special,Married,House / apartment,-17448,-3567,Laborers,2,2,2
5117823,0.0,X,M,Y,N,0,274500.0,Commercial associate,Secondary / secondary special,Married,House / apartment,-17448,-3567,Laborers,2,2,2
5117824,0.0,X,M,Y,N,0,274500.0,Commercial associate,Secondary / secondary special,Married,House / apartment,-17448,-3567,Laborers,2,2,2
5117853,0.0,X,F,N,N,1,135000.0,Working,Higher education,Married,With parents,-10877,-2349,Core staff,3,1,1
5117855,0.0,X,F,N,N,1,135000.0,Working,Higher education,Married,With parents,-10877,-2349,Core staff,3,1,1
5117873,0.0,0,F,N,N,0,157500.0,Working,Higher education,Married,House / apartment,-9423,-370,Sales staff,2,1,0
5117874,0.0,0,F,N,N,0,135000.0,Working,Higher education,Married,House / apartment,-18557,-8801,Core staff,2,1,0
5117876,0.0,0,M,N,N,0,58500.0,Working,Secondary / secondary special,Single / not married,House / apartment,-13677,-2379,Cleaning staff,1,4,0
5117877,0.0,C,M,N,N,0,58500.0,Working,Secondary / secondary special,Single / not married,House / apartment,-13677,-2379,Cleaning staff,1,2,0
5117879,0.0,X,M,Y,N,0,292500.0,Working,Secondary / secondary special,Married,House / apartment,-18484,-461,Drivers,2,2,2
5117880,0.0,X,M,Y,N,0,292500.0,Working,Secondary / secondary special,Married,House / apartment,-18484,-461,Drivers,2,2,2
5117881,0.0,X,M,Y,N,0,292500.0,Working,Secondary / secondary special,Married,House / apartment,-18484,-461,Drivers,2,2,2
5117882,0.0,C,M,Y,N,0,292500.0,Working,Secondary / secondary special,Married,House / apartment,-18484,-461,Drivers,2,2,2
5117883,0.0,C,M,Y,N,0,292500.0,Working,Secondary / secondary special,Married,House / apartment,-18484,-461,Drivers,2,2,2
5117885,0.0,X,M,Y,N,0,292500.0,Working,Secondary / secondary special,Married,House / apartment,-18484,-461,Drivers,2,2,2
5117892,0.0,0,F,Y,Y,2,90000.0,Working,Secondary / secondary special,Married,House / apartment,-11478,-1649,Core staff,4,4,1
5117915,0.0,0,M,Y,N,0,202500.0,Working,Secondary / secondary special,Married,House / apartment,-20481,-4084,Drivers,2,2,0
5117916,0.0,X,M,Y,N,0,202500.0,Working,Secondary / secondary special,Married,House / apartment,-20481,-4084,Drivers,2,2,0
5117919,0.0,0,M,Y,N,0,202500.0,Working,Secondary / secondary special,Married,House / apartment,-20481,-4084,Drivers,2,2,0
5117925,0.0,0,M,N,N,2,90000.0,Working,Secondary / secondary special,Married,House / apartment,-14507,-735,Laborers,4,4,1
5117926,0.0,0,M,N,N,2,90000.0,Working,Secondary / secondary special,Married,House / apartment,-14507,-735,Laborers,4,4,1
5117943,0.0,X,M,N,N,2,135000.0,Commercial associate,Secondary / secondary special,Married,Office apartment,-14958,-1345,Laborers,4,1,1
5117945,0.0,C,M,N,N,2,135000.0,Commercial associate,Secondary / secondary special,Married,Office apartment,-14958,-1345,Laborers,4,2,1
5117950,0.0,X,M,N,N,0,222750.0,Working,Higher education,Married,House / apartment,-17835,-4663,Managers,2,0,0
5117951,0.0,X,M,N,N,0,222750.0,Working,Higher education,Married,House / apartment,-17835,-4663,Managers,2,0,0
5117959,0.0,C,F,Y,N,1,216000.0,Commercial associate,Higher education,Married,House / apartment,-12344,-1254,Accountants,3,3,1
5117960,0.0,C,F,Y,N,0,135000.0,Working,Incomplete higher,Civil marriage,House / apartment,-10068,-219,Sales staff,2,0,0
5117963,0.0,C,F,Y,N,0,135000.0,Working,Incomplete higher,Civil marriage,House / apartment,-10068,-219,Sales staff,2,0,0
5117964,0.0,C,M,N,N,1,135000.0,Commercial associate,Secondary / secondary special,Married,House / apartment,-11496,-1345,Laborers,3,2,1
5117970,0.0,C,F,N,Y,0,135000.0,Working,Higher education,Married,House / apartment,-13570,-3626,Accountants,2,0,0
5117971,0.0,C,F,N,Y,0,135000.0,Working,Higher education,Married,House / apartment,-13570,-3626,Accountants,2,0,0
5117982,0.0,C,F,N,Y,0,135000.0,Working,Higher education,Married,House / apartment,-13570,-3626,Accountants,2,0,0
5117984,0.0,C,F,N,Y,0,135000.0,Working,Higher education,Married,House / apartment,-13570,-3626,Accountants,2,0,0
5117978,0.0,C,M,Y,N,0,225000.0,Working,Secondary / secondary special,Married,House / apartment,-10001,-2562,Drivers,2,2,0
5117979,0.0,C,M,Y,N,0,225000.0,Working,Secondary / secondary special,Married,House / apartment,-10001,-2562,Drivers,2,2,0
5117985,0.0,X,F,N,Y,0,32400.0,State servant,Secondary / secondary special,Married,House / apartment,-19200,-5637,Managers,2,1,0
5117988,0.0,0,F,N,Y,0,32400.0,State servant,Secondary / secondary special,Married,House / apartment,-19200,-5637,Managers,2,1,0
5117994,0.0,C,M,Y,N,2,360000.0,Commercial associate,Higher education,Married,House / apartment,-11985,-339,Sales staff,4,0,1
5118006,0.0,0,F,N,N,1,67500.0,Working,Higher education,Single / not married,House / apartment,-9094,-127,Sales staff,2,1,0
5118013,0.0,0,F,Y,N,1,90000.0,Commercial associate,Secondary / secondary special,Married,House / apartment,-10168,-280,Sales staff,3,1,1
5118016,0.0,0,M,Y,N,0,225000.0,Working,Secondary / secondary special,Married,House / apartment,-12769,-4114,HR staff,2,2,0
5118017,0.0,0,M,Y,N,0,225000.0,Working,Secondary / secondary special,Married,House / apartment,-12769,-4114,HR staff,2,2,0
5118018,0.0,0,M,Y,N,0,225000.0,Working,Secondary / secondary special,Married,House / apartment,-12769,-4114,HR staff,2,2,0
5118019,0.0,C,F,N,N,0,157500.0,State servant,Secondary / secondary special,Single / not married,With parents,-9621,-1769,Medicine staff,1,1,0
5118020,0.0,0,F,N,N,0,157500.0,State servant,Secondary / secondary special,Single / not married,With parents,-9621,-1769,Medicine staff,1,1,0
5118021,0.0,0,F,N,N,0,157500.0,State servant,Secondary / secondary special,Single / not married,With parents,-9621,-1769,Medicine staff,1,1,0
5118022,0.0,C,F,N,N,0,157500.0,State servant,Secondary / secondary special,Single / not married,With parents,-9621,-1769,Medicine staff,1,1,0
5118023,0.0,0,F,N,N,0,157500.0,State servant,Secondary / secondary special,Single / not married,With parents,-9621,-1769,Medicine staff,1,1,0
5118032,0.0,0,F,Y,N,0,157500.0,Working,Secondary / secondary special,Married,House / apartment,-20191,-5940,Core staff,2,4,0
5118033,0.0,C,F,N,N,2,121500.0,Working,Higher education,Married,House / apartment,-11697,-614,HR staff,4,0,1
5118034,0.0,X,F,N,N,2,121500.0,Working,Higher education,Married,House / apartment,-11697,-614,HR staff,4,1,1
5118036,0.0,C,F,N,N,2,121500.0,Working,Higher education,Married,House / apartment,-11697,-614,HR staff,4,0,1
5118037,0.0,X,F,N,N,2,121500.0,Working,Higher education,Married,House / apartment,-11697,-614,HR staff,4,1,1
5118038,0.0,C,F,N,N,2,121500.0,Working,Higher education,Married,House / apartment,-11697,-614,HR staff,4,0,1
5118047,0.0,C,M,N,N,1,76500.0,Working,Secondary / secondary special,Married,House / apartment,-10257,-523,Drivers,3,2,1
5118048,0.0,C,M,N,N,1,76500.0,Working,Secondary / secondary special,Married,House / apartment,-10257,-523,Drivers,3,2,1
5118050,0.0,0,M,N,N,1,76500.0,Working,Secondary / secondary special,Married,House / apartment,-10257,-523,Drivers,3,4,1
5118052,0.0,X,F,Y,Y,1,180000.0,Working,Higher education,Married,House / apartment,-15001,-249,Managers,3,0,1
5118053,0.0,X,F,Y,Y,1,180000.0,Working,Higher education,Married,House / apartment,-15001,-249,Managers,3,0,1
5118055,0.0,X,F,Y,Y,1,180000.0,Working,Higher education,Married,House / apartment,-15001,-249,Managers,3,0,1
5118081,0.0,C,M,Y,N,1,135000.0,Working,Higher education,Married,House / apartment,-17843,-3353,Laborers,3,0,1
5118082,0.0,C,M,Y,N,1,135000.0,Working,Higher education,Married,House / apartment,-17843,-3353,Laborers,3,0,1
5118083,0.0,C,M,Y,N,1,135000.0,Working,Higher education,Married,House / apartment,-17843,-3353,Laborers,3,0,1
5118086,0.0,C,M,Y,N,1,135000.0,Working,Higher education,Married,House / apartment,-17843,-3353,Laborers,3,0,1
5118088,0.0,C,F,Y,N,0,144000.0,Working,Secondary / secondary special,Married,House / apartment,-15494,-3292,Accountants,2,2,0
5118089,0.0,X,F,Y,N,0,144000.0,Working,Secondary / secondary special,Married,House / apartment,-15494,-3292,Accountants,2,4,0
5118090,0.0,C,F,Y,N,0,144000.0,Working,Secondary / secondary special,Married,House / apartment,-15494,-3292,Accountants,2,2,0
5118091,0.0,C,F,Y,N,0,144000.0,Working,Secondary / secondary special,Married,House / apartment,-15494,-3292,Accountants,2,2,0
5118092,0.0,C,F,Y,N,0,144000.0,Working,Secondary / secondary special,Married,House / apartment,-15494,-3292,Accountants,2,2,0
5118093,0.0,C,F,Y,N,0,144000.0,Working,Secondary / secondary special,Married,House / apartment,-15494,-3292,Accountants,2,2,0
5118097,0.0,0,M,Y,N,3,315000.0,Working,Higher education,Married,House / apartment,-15186,-3110,Managers,5,0,1
5118106,0.0,0,M,Y,N,0,90000.0,Working,Secondary / secondary special,Single / not married,House / apartment,-8304,-1101,Laborers,1,4,0
5118107,0.0,C,M,Y,N,0,90000.0,Working,Secondary / secondary special,Single / not married,House / apartment,-8304,-1101,Laborers,1,2,0
5118108,0.0,0,M,Y,N,0,90000.0,Working,Secondary / secondary special,Single / not married,House / apartment,-8304,-1101,Laborers,1,4,0
5118109,0.0,C,F,N,N,0,72000.0,Commercial associate,Secondary / secondary special,Married,With parents,-9211,-1131,Secretaries,2,1,0
5118112,0.0,C,F,N,N,0,72000.0,Commercial associate,Secondary / secondary special,Married,With parents,-9211,-1131,Secretaries,2,1,0
5118113,0.0,0,F,N,N,0,72000.0,Commercial associate,Secondary / secondary special,Married,With parents,-9211,-1131,Secretaries,2,1,0
5118111,0.0,X,F,N,Y,2,153000.0,Commercial associate,Secondary / secondary special,Married,House / apartment,-12619,-400,Sales staff,4,1,1
5118114,0.0,X,M,N,N,1,270000.0,Commercial associate,Secondary / secondary special,Married,House / apartment,-13538,-5422,Drivers,3,1,1
5118115,0.0,C,M,N,N,1,270000.0,Commercial associate,Secondary / secondary special,Married,House / apartment,-13538,-5422,Drivers,3,0,1
5118119,0.0,C,M,N,N,1,270000.0,Commercial associate,Secondary / secondary special,Married,House / apartment,-13538,-5422,Drivers,3,0,1
5118120,0.0,C,M,N,N,1,270000.0,Commercial associate,Secondary / secondary special,Married,House / apartment,-13538,-5422,Drivers,3,0,1
5118121,0.0,C,M,N,N,1,270000.0,Commercial associate,Secondary / secondary special,Married,House / apartment,-13538,-5422,Drivers,3,0,1
5118131,0.0,C,M,Y,N,2,135000.0,Working,Higher education,Married,With parents,-11645,-5056,Laborers,4,0,1
5118135,0.0,X,M,Y,N,2,135000.0,Working,Higher education,Married,With parents,-11645,-5056,Laborers,4,0,1
5118139,0.0,C,M,Y,N,2,135000.0,Working,Higher education,Married,With parents,-11645,-5056,Laborers,4,0,1
5118145,0.0,X,F,Y,N,2,180000.0,Working,Higher education,Married,House / apartment,-15130,-5422,Accountants,4,0,1
5118146,0.0,C,F,Y,N,2,180000.0,Working,Higher education,Married,House / apartment,-15130,-5422,Accountants,4,0,1
5118150,0.0,0,M,Y,N,1,225000.0,Working,Secondary / secondary special,Married,House / apartment,-13584,-704,Laborers,3,2,1
5118164,0.0,X,M,Y,N,2,225000.0,Working,Secondary / secondary special,Married,House / apartment,-12801,-4357,Laborers,4,2,1
5118166,0.0,C,M,Y,N,2,225000.0,Working,Secondary / secondary special,Married,House / apartment,-12801,-4357,Laborers,4,2,1
5118167,0.0,C,M,Y,N,2,225000.0,Working,Secondary / secondary special,Married,House / apartment,-12801,-4357,Laborers,4,2,1
5118171,0.0,C,M,Y,N,2,225000.0,Working,Secondary / secondary special,Married,House / apartment,-12801,-4357,Laborers,4,2,1
5118172,0.0,X,M,Y,N,2,225000.0,Working,Secondary / secondary special,Married,House / apartment,-12801,-4357,Laborers,4,2,1
5118173,0.0,C,M,N,N,1,180000.0,Commercial associate,Secondary / secondary special,Married,House / apartment,-14401,-979,Security staff,3,0,1
5118180,0.0,0,F,N,N,0,202500.0,Working,Secondary / secondary special,Married,House / apartment,-13283,-979,Cleaning staff,2,4,0
5118181,0.0,0,F,N,N,0,202500.0,Working,Secondary / secondary special,Married,House / apartment,-13283,-979,Cleaning staff,2,4,0
5118182,0.0,X,F,N,N,0,135000.0,Working,Secondary / secondary special,Separated,House / apartment,-13113,-4722,Laborers,1,4,0
5118184,0.0,C,F,N,N,1,45000.0,Working,Secondary / secondary special,Married,House / apartment,-13597,-96,Core staff,3,2,1
5118185,0.0,X,F,N,N,1,45000.0,Working,Secondary / secondary special,Married,House / apartment,-13597,-96,Core staff,3,4,1
5118192,0.0,C,F,N,N,0,171000.0,Working,Secondary / secondary special,Separated,Office apartment,-16241,-8862,Drivers,1,2,0
5118194,0.0,X,F,N,N,0,171000.0,Working,Secondary / secondary special,Separated,Office apartment,-16241,-8862,Drivers,1,4,0
5118195,0.0,C,F,N,N,0,171000.0,Working,Secondary / secondary special,Separated,Office apartment,-16241,-8862,Drivers,1,2,0
5118196,0.0,X,F,N,N,0,171000.0,Working,Secondary / secondary special,Separated,Office apartment,-16241,-8862,Drivers,1,4,0
5118197,0.0,X,F,N,N,0,171000.0,Working,Secondary / secondary special,Separated,Office apartment,-16241,-8862,Drivers,1,4,0
5118198,0.0,X,F,N,N,0,171000.0,Working,Secondary / secondary special,Separated,Office apartment,-16241,-8862,Drivers,1,4,0
5118216,0.0,X,F,N,N,2,112500.0,State servant,Secondary / secondary special,Married,House / apartment,-10150,-1162,Core staff,4,1,1
5118217,0.0,X,F,N,N,2,112500.0,State servant,Secondary / secondary special,Married,House / apartment,-10150,-1162,Core staff,4,1,1
5118218,0.0,X,F,N,N,2,112500.0,State servant,Secondary / secondary special,Married,House / apartment,-10150,-1162,Core staff,4,1,1
5118223,0.0,C,M,Y,N,0,225000.0,Working,Secondary / secondary special,Civil marriage,Office apartment,-20858,-3110,Laborers,2,2,0
5118225,0.0,0,M,Y,N,0,225000.0,Working,Secondary / secondary special,Civil marriage,Office apartment,-20858,-3110,Laborers,2,4,0
5118226,0.0,C,M,Y,N,0,225000.0,Working,Secondary / secondary special,Civil marriage,Office apartment,-20858,-3110,Laborers,2,2,0
5118227,0.0,C,M,Y,N,0,225000.0,Working,Secondary / secondary special,Civil marriage,Office apartment,-20858,-3110,Laborers,2,2,0
5118230,0.0,X,M,Y,N,0,166500.0,Commercial associate,Higher education,Married,House / apartment,-19695,-339,Laborers,2,3,0
5118241,0.0,0,M,N,N,0,157500.0,Working,Secondary / secondary special,Married,House / apartment,-13739,-2896,Security staff,2,4,0
5118242,0.0,X,M,N,N,0,157500.0,Working,Secondary / secondary special,Married,House / apartment,-13739,-2896,Security staff,2,4,0
5118246,0.0,X,M,N,N,0,157500.0,Working,Secondary / secondary special,Married,House / apartment,-13739,-2896,Security staff,2,4,0
5118247,0.0,C,M,N,N,0,157500.0,Working,Secondary / secondary special,Married,House / apartment,-13739,-2896,Security staff,2,2,0
5118248,0.0,X,M,N,N,0,157500.0,Working,Secondary / secondary special,Married,House / apartment,-13739,-2896,Security staff,2,4,0
5118252,0.0,0,M,Y,N,1,202500.0,Working,Secondary / secondary special,Married,House / apartment,-14116,-6032,Laborers,3,2,1
5118253,0.0,X,M,Y,N,1,202500.0,Working,Secondary / secondary special,Married,House / apartment,-14116,-6032,Laborers,3,2,1
5118254,0.0,X,M,Y,N,1,202500.0,Working,Secondary / secondary special,Married,House / apartment,-14116,-6032,Laborers,3,2,1
5118255,0.0,X,M,Y,N,1,202500.0,Working,Secondary / secondary special,Married,House / apartment,-14116,-6032,Laborers,3,2,1
5118256,0.0,0,M,Y,N,1,202500.0,Working,Secondary / secondary special,Married,House / apartment,-14116,-6032,Laborers,3,2,1
5118270,0.0,0,F,N,N,0,99000.0,Working,Secondary / secondary special,Married,With parents,-19566,-5453,Medicine staff,2,4,0
5118271,0.0,0,F,N,N,0,99000.0,Working,Secondary / secondary special,Married,With parents,-19566,-5453,Medicine staff,2,4,0
5118286,0.0,C,F,N,N,0,360000.0,Working,Higher education,Married,House / apartment,-17095,-6275,Core staff,2,0,2
5118287,0.0,C,F,N,N,0,360000.0,Working,Higher education,Married,House / apartment,-17095,-6275,Core staff,2,0,2
5118288,0.0,C,F,N,N,0,360000.0,Working,Higher education,Married,House / apartment,-17095,-6275,Core staff,2,0,2
5118289,0.0,C,F,N,N,0,360000.0,Working,Higher education,Married,House / apartment,-17095,-6275,Core staff,2,0,2
5118291,0.0,C,F,N,N,2,139500.0,Working,Incomplete higher,Married,With parents,-13166,-2988,Core staff,4,0,1
5118294,0.0,C,F,N,N,2,139500.0,Working,Incomplete higher,Married,With parents,-13166,-2988,Core staff,4,0,1
5118295,0.0,C,F,N,N,2,139500.0,Working,Incomplete higher,Married,With parents,-13166,-2988,Core staff,4,0,1
5118296,0.0,C,F,N,N,2,139500.0,Working,Incomplete higher,Married,With parents,-13166,-2988,Core staff,4,0,1
5118299,0.0,C,F,N,N,2,139500.0,Working,Incomplete higher,Married,With parents,-13166,-2988,Core staff,4,0,1
5118301,0.0,C,F,N,N,2,139500.0,Working,Incomplete higher,Married,With parents,-13166,-2988,Core staff,4,0,1
5118302,0.0,C,F,N,N,2,139500.0,Working,Incomplete higher,Married,With parents,-13166,-2988,Core staff,4,0,1
5118303,0.0,C,F,N,N,2,139500.0,Working,Incomplete higher,Married,With parents,-13166,-2988,Core staff,4,0,1
5118304,0.0,X,F,N,N,2,139500.0,Working,Incomplete higher,Married,With parents,-13166,-2988,Core staff,4,1,1
5118305,0.0,C,F,Y,N,0,67500.0,Working,Secondary / secondary special,Married,House / apartment,-18198,-2106,Sales staff,2,2,0
5118306,0.0,C,F,Y,N,0,67500.0,Working,Secondary / secondary special,Married,House / apartment,-18198,-2106,Sales staff,2,2,0
5118308,0.0,1,M,Y,N,0,270000.0,Commercial associate,Secondary / secondary special,Single / not married,House / apartment,-13418,-1404,Drivers,1,1,0
5118309,0.0,1,M,Y,N,0,270000.0,Commercial associate,Secondary / secondary special,Single / not married,House / apartment,-13418,-1404,Drivers,1,1,0
5118311,0.0,0,M,Y,N,0,148500.0,Working,Secondary / secondary special,Married,House / apartment,-18905,-10627,Laborers,2,2,0
5118312,0.0,1,F,Y,N,1,112500.0,Working,Secondary / secondary special,Married,House / apartment,-9878,-614,Sales staff,3,1,0
5118313,0.0,1,F,Y,N,1,112500.0,Working,Secondary / secondary special,Married,House / apartment,-9878,-614,Sales staff,3,1,0
5118316,0.0,0,F,Y,N,1,112500.0,Working,Secondary / secondary special,Married,House / apartment,-9878,-614,Sales staff,3,4,1
5118325,0.0,X,F,N,N,1,180000.0,Working,Secondary / secondary special,Married,Rented apartment,-9762,-1223,Laborers,3,4,1
5118326,0.0,X,F,N,N,1,180000.0,Working,Secondary / secondary special,Married,Rented apartment,-9762,-1223,Laborers,3,4,1
5118327,0.0,X,F,N,N,1,180000.0,Working,Secondary / secondary special,Married,Rented apartment,-9762,-1223,Laborers,3,4,1
5118328,0.0,X,F,N,N,1,180000.0,Working,Secondary / secondary special,Married,Rented apartment,-9762,-1223,Laborers,3,4,1
5118329,0.0,C,F,N,N,1,180000.0,Working,Secondary / secondary special,Married,Rented apartment,-9762,-1223,Laborers,3,2,1
5118332,0.0,0,M,N,N,2,202500.0,Commercial associate,Secondary / secondary special,Married,House / apartment,-14295,-1435,Security staff,4,1,1
5118353,0.0,X,M,Y,N,1,157500.0,Working,Secondary / secondary special,Separated,House / apartment,-11332,-673,Laborers,2,2,0
5118354,0.0,C,F,N,N,0,135000.0,Working,Higher education,Married,House / apartment,-10675,-1284,Core staff,2,0,0
5118356,0.0,C,F,N,N,0,135000.0,Working,Higher education,Married,House / apartment,-10675,-1284,Core staff,2,0,0
5118357,0.0,C,F,N,N,0,135000.0,Working,Higher education,Married,House / apartment,-10675,-1284,Core staff,2,0,0
5118358,0.0,C,F,N,N,0,135000.0,Working,Higher education,Married,House / apartment,-10675,-1284,Core staff,2,0,0
5118359,0.0,C,F,N,N,0,135000.0,Working,Higher education,Married,House / apartment,-10675,-1284,Core staff,2,0,0
5118360,0.0,C,F,N,N,0,135000.0,Working,Higher education,Married,House / apartment,-10675,-1284,Core staff,2,0,0
5118361,0.0,C,F,N,N,0,135000.0,Working,Higher education,Married,House / apartment,-10675,-1284,Core staff,2,0,0
5118362,0.0,C,F,N,N,0,135000.0,Working,Higher education,Married,House / apartment,-10675,-1284,Core staff,2,0,0
5118363,0.0,C,F,N,N,0,135000.0,Working,Higher education,Married,House / apartment,-10675,-1284,Core staff,2,0,0
5118364,0.0,C,F,N,N,0,135000.0,Working,Higher education,Married,House / apartment,-10675,-1284,Core staff,2,0,0
5118391,0.0,C,M,Y,N,0,135000.0,Commercial associate,Secondary / secondary special,Married,House / apartment,-11440,-4663,High skill tech staff,2,0,0
5118392,0.0,C,M,Y,N,0,135000.0,Commercial associate,Secondary / secondary special,Married,House / apartment,-11440,-4663,High skill tech staff,2,0,0
5118393,0.0,C,M,Y,N,0,135000.0,Commercial associate,Secondary / secondary special,Married,House / apartment,-11440,-4663,High skill tech staff,2,0,0
5118394,0.0,C,M,Y,N,0,135000.0,Commercial associate,Secondary / secondary special,Married,House / apartment,-11440,-4663,High skill tech staff,2,0,0
5118395,0.0,C,M,Y,N,0,135000.0,Commercial associate,Secondary / secondary special,Married,House / apartment,-11440,-4663,High skill tech staff,2,0,0
5118396,0.0,C,M,Y,N,0,135000.0,Commercial associate,Secondary / secondary special,Married,House / apartment,-11440,-4663,High skill tech staff,2,0,0
5118399,0.0,C,M,N,N,0,292500.0,State servant,Secondary / secondary special,Married,House / apartment,-11365,-2745,Core staff,2,0,2
5118406,0.0,X,F,Y,N,0,67500.0,Working,Secondary / secondary special,Married,House / apartment,-12312,-1404,Sales staff,2,4,0
5118407,0.0,C,F,Y,N,0,67500.0,Working,Secondary / secondary special,Married,House / apartment,-12312,-1404,Sales staff,2,2,0
5118408,0.0,C,M,Y,Y,0,180000.0,Working,Secondary / secondary special,Married,House / apartment,-20014,-249,Security staff,2,2,0
5118409,0.0,C,M,Y,Y,0,180000.0,Working,Secondary / secondary special,Married,House / apartment,-20014,-249,Security staff,2,2,0
5118411,0.0,0,M,Y,Y,0,180000.0,Working,Secondary / secondary special,Married,House / apartment,-20014,-249,Security staff,2,2,0
5118412,0.0,C,F,N,Y,1,112500.0,Working,Secondary / secondary special,Married,House / apartment,-12207,-3018,Laborers,3,2,1
5118414,0.0,C,F,N,N,2,225000.0,State servant,Secondary / secondary special,Married,House / apartment,-12079,-1984,Core staff,4,1,1
5118415,0.0,C,F,N,N,2,225000.0,State servant,Secondary / secondary special,Married,House / apartment,-12079,-1984,Core staff,4,1,1
5118416,0.0,0,F,N,N,2,225000.0,State servant,Secondary / secondary special,Married,House / apartment,-12079,-1984,Core staff,4,1,1
5118417,0.0,0,F,N,N,2,225000.0,State servant,Secondary / secondary special,Married,House / apartment,-12079,-1984,Core staff,4,1,1
5118418,0.0,C,F,N,N,2,225000.0,State servant,Secondary / secondary special,Married,House / apartment,-12079,-1984,Core staff,4,1,1
5118419,0.0,C,F,N,N,2,225000.0,State servant,Secondary / secondary special,Married,House / apartment,-12079,-1984,Core staff,4,1,1
5118423,0.0,C,F,N,N,0,157500.0,Working,Secondary / secondary special,Married,House / apartment,-18447,-4632,Cooking staff,2,2,0
5118424,0.0,C,F,N,N,0,157500.0,Working,Secondary / secondary special,Married,House / apartment,-18447,-4632,Cooking staff,2,2,0
5118426,0.0,X,F,N,N,0,157500.0,Working,Secondary / secondary special,Married,House / apartment,-18447,-4632,Cooking staff,2,4,0
5118427,0.0,X,F,N,N,0,157500.0,Working,Secondary / secondary special,Married,House / apartment,-18447,-4632,Cooking staff,2,4,0
5118437,0.0,C,M,Y,N,1,90000.0,Working,Secondary / secondary special,Married,With parents,-12829,-765,Core staff,3,2,1
5118447,0.0,0,F,N,N,1,76500.0,Working,Secondary / secondary special,Married,House / apartment,-10080,-735,Sales staff,3,4,1
5118448,0.0,0,F,N,N,1,76500.0,Working,Secondary / secondary special,Married,House / apartment,-10080,-735,Sales staff,3,4,1
5118450,0.0,C,F,N,N,1,76500.0,Working,Secondary / secondary special,Married,House / apartment,-10080,-735,Sales staff,3,2,1
5118453,0.0,C,F,N,N,1,76500.0,Working,Secondary / secondary special,Married,House / apartment,-10080,-735,Sales staff,3,2,1
5118454,0.0,C,F,N,N,1,76500.0,Working,Secondary / secondary special,Married,House / apartment,-10080,-735,Sales staff,3,2,1
5118456,0.0,C,F,N,N,1,76500.0,Working,Secondary / secondary special,Married,House / apartment,-10080,-735,Sales staff,3,2,1
5118457,0.0,0,F,N,N,1,76500.0,Working,Secondary / secondary special,Married,House / apartment,-10080,-735,Sales staff,3,4,1
5118458,0.0,C,F,Y,Y,1,112500.0,Commercial associate,Secondary / secondary special,Married,House / apartment,-12627,-1404,Sales staff,3,0,1
5118460,0.0,0,F,Y,Y,1,112500.0,Commercial associate,Secondary / secondary special,Married,House / apartment,-12627,-1404,Sales staff,3,1,1
5118461,0.0,C,F,Y,N,1,135000.0,State servant,Secondary / secondary special,Civil marriage,House / apartment,-9979,-2106,Core staff,3,1,1
5118463,0.0,C,M,Y,N,2,270000.0,Working,Secondary / secondary special,Married,House / apartment,-18147,-1101,Managers,4,2,1
5118464,0.0,C,M,Y,N,2,270000.0,Working,Secondary / secondary special,Married,House / apartment,-18147,-1101,Managers,4,2,1
5118467,0.0,C,M,Y,N,2,270000.0,Working,Secondary / secondary special,Married,House / apartment,-18147,-1101,Managers,4,2,1
5118468,0.0,0,M,Y,N,2,270000.0,Working,Secondary / secondary special,Married,House / apartment,-18147,-1101,Managers,4,2,1
5118470,0.0,C,M,Y,N,2,270000.0,Working,Secondary / secondary special,Married,House / apartment,-18147,-1101,Managers,4,2,1
5118471,0.0,0,M,Y,N,2,270000.0,Working,Secondary / secondary special,Married,House / apartment,-18147,-1101,Managers,4,2,1
5118472,0.0,X,M,N,N,0,180000.0,Working,Secondary / secondary special,Married,House / apartment,-9978,-1649,Drivers,2,2,0
5118475,0.0,0,F,N,Y,0,180000.0,Working,Secondary / secondary special,Married,House / apartment,-17386,-888,Laborers,2,4,0
5118479,0.0,C,F,N,Y,0,180000.0,Working,Secondary / secondary special,Married,House / apartment,-17386,-888,Laborers,2,2,0
5118480,0.0,C,F,N,Y,0,180000.0,Working,Secondary / secondary special,Married,House / apartment,-17386,-888,Laborers,2,2,0
5118492,0.0,C,F,N,Y,0,135000.0,Working,Secondary / secondary special,Civil marriage,House / apartment,-14814,-492,Laborers,2,2,0
5118493,0.0,C,F,N,Y,0,135000.0,Working,Secondary / secondary special,Civil marriage,House / apartment,-14814,-492,Laborers,2,2,0
5118494,0.0,C,M,Y,Y,1,337500.0,Working,Higher education,Married,House / apartment,-11494,-1861,Managers,3,0,2
5118495,0.0,0,M,Y,Y,1,337500.0,Working,Higher education,Married,House / apartment,-11494,-1861,Managers,3,0,2
5118500,0.0,0,F,N,Y,0,193500.0,Commercial associate,Secondary / secondary special,Civil marriage,House / apartment,-18787,-857,Cleaning staff,2,1,0
5118517,0.0,X,M,Y,N,0,337500.0,Working,Higher education,Married,House / apartment,-13434,-2471,Managers,2,0,2
5118529,0.0,X,F,N,Y,0,135000.0,Working,Secondary / secondary special,Married,House / apartment,-12446,-645,Core staff,2,4,0
5118531,0.0,X,F,N,Y,0,135000.0,Working,Secondary / secondary special,Married,House / apartment,-12446,-645,Core staff,2,4,0
5118533,0.0,X,F,N,Y,0,135000.0,Working,Secondary / secondary special,Married,House / apartment,-12446,-645,Core staff,2,4,0
5118534,0.0,0,F,Y,Y,0,225000.0,Commercial associate,Secondary / secondary special,Married,House / apartment,-22032,-826,Laborers,2,1,0
5118535,0.0,C,F,N,Y,1,81000.0,Working,Secondary / secondary special,Married,Municipal apartment,-15749,-6367,Cleaning staff,3,2,1
5118537,0.0,C,F,N,Y,1,81000.0,Working,Secondary / secondary special,Married,Municipal apartment,-15749,-6367,Cleaning staff,3,2,1
5118540,0.0,C,F,N,Y,1,81000.0,Working,Secondary / secondary special,Married,Municipal apartment,-15749,-6367,Cleaning staff,3,2,1
5118543,0.0,C,F,N,N,0,130500.0,Working,Secondary / secondary special,Married,House / apartment,-18484,-3932,High skill tech staff,2,2,0
5118551,0.0,1,F,Y,Y,1,157500.0,Working,Secondary / secondary special,Married,House / apartment,-15813,-1345,Laborers,3,1,0
5118552,0.0,0,M,Y,Y,0,135000.0,Working,Secondary / secondary special,Widow,House / apartment,-18481,-1800,Laborers,1,4,0
5118553,0.0,C,M,Y,Y,0,135000.0,Working,Secondary / secondary special,Widow,House / apartment,-18481,-1800,Laborers,1,2,0
5118555,0.0,X,F,N,Y,0,126000.0,Working,Secondary / secondary special,Single / not married,House / apartment,-16849,-2896,Cooking staff,1,4,0
5118556,0.0,0,F,N,Y,0,126000.0,Working,Secondary / secondary special,Single / not married,House / apartment,-16849,-2896,Cooking staff,1,4,0
5118557,0.0,C,F,N,Y,0,126000.0,Working,Secondary / secondary special,Single / not married,House / apartment,-16849,-2896,Cooking staff,1,4,0
5118560,0.0,0,F,N,Y,0,126000.0,Working,Secondary / secondary special,Single / not married,House / apartment,-16849,-2896,Cooking staff,1,4,0
5118561,0.0,C,F,Y,Y,0,180000.0,Working,Higher education,Married,Co-op apartment,-10826,-949,Sales staff,2,0,0
5118563,0.0,0,F,Y,Y,0,180000.0,Working,Higher education,Married,Co-op apartment,-10826,-949,Sales staff,2,1,0
5118564,0.0,C,F,Y,Y,0,180000.0,Working,Higher education,Married,Co-op apartment,-10826,-949,Sales staff,2,0,0
5118566,0.0,0,F,N,Y,2,147150.0,State servant,Secondary / secondary special,Married,House / apartment,-13853,-3261,Managers,4,1,1
5118570,0.0,C,F,N,Y,0,157500.0,Working,Secondary / secondary special,Single / not married,House / apartment,-18650,-1892,Laborers,1,4,0
5118571,0.0,C,F,N,Y,0,157500.0,Working,Secondary / secondary special,Single / not married,House / apartment,-18650,-1892,Laborers,1,4,0
5118573,0.0,C,F,N,Y,0,157500.0,Working,Secondary / secondary special,Single / not married,House / apartment,-18650,-1892,Laborers,1,4,0
5118574,0.0,0,F,N,Y,0,157500.0,Working,Secondary / secondary special,Single / not married,House / apartment,-18650,-1892,Laborers,1,4,0
5118575,0.0,X,M,Y,Y,0,247500.0,Working,Secondary / secondary special,Single / not married,With parents,-11490,-826,Drivers,1,4,0
5118576,0.0,C,M,Y,Y,0,247500.0,Working,Secondary / secondary special,Single / not married,With parents,-11490,-826,Drivers,1,2,0
5118577,0.0,C,M,Y,Y,0,247500.0,Working,Secondary / secondary special,Single / not married,With parents,-11490,-826,Drivers,1,2,0
5118580,0.0,C,F,Y,Y,0,180000.0,Working,Secondary / secondary special,Married,House / apartment,-13052,-1741,Laborers,2,2,0
5118581,0.0,C,F,Y,Y,0,180000.0,Working,Secondary / secondary special,Married,House / apartment,-13052,-1741,Laborers,2,2,0
5118595,0.0,C,F,N,Y,0,81000.0,Working,Secondary / secondary special,Civil marriage,House / apartment,-8836,-1192,Low-skill Laborers,2,4,0
5118596,0.0,0,F,N,Y,0,81000.0,Working,Secondary / secondary special,Civil marriage,House / apartment,-8836,-1192,Low-skill Laborers,2,4,0
5118598,0.0,X,M,Y,N,0,315000.0,Commercial associate,Secondary / secondary special,Married,House / apartment,-16854,-5179,Managers,2,1,2
5118600,0.0,C,M,N,Y,1,315000.0,Commercial associate,Secondary / secondary special,Separated,House / apartment,-16606,-3506,Managers,2,1,2
5118602,0.0,C,F,N,N,1,135000.0,Working,Higher education,Married,House / apartment,-11524,-1892,Sales staff,3,0,1
5118603,0.0,C,F,N,N,1,135000.0,Working,Higher education,Married,House / apartment,-11524,-1892,Sales staff,3,0,1
5118607,0.0,C,F,N,N,1,135000.0,Working,Higher education,Married,House / apartment,-11524,-1892,Sales staff,3,0,1
5118608,0.0,0,F,N,N,1,135000.0,Working,Higher education,Married,House / apartment,-11524,-1892,Sales staff,3,1,1
5118609,0.0,C,F,Y,Y,0,202500.0,Commercial associate,Incomplete higher,Single / not married,House / apartment,-10205,-308,Sales staff,1,3,0
5118612,0.0,C,F,Y,Y,0,202500.0,Commercial associate,Incomplete higher,Single / not married,House / apartment,-10205,-308,Sales staff,1,3,0
5118613,0.0,0,F,Y,Y,0,202500.0,Commercial associate,Incomplete higher,Single / not married,House / apartment,-10205,-308,Sales staff,1,1,0
5118614,0.0,0,F,Y,Y,2,99000.0,State servant,Secondary / secondary special,Married,House / apartment,-12622,-1800,Laborers,4,4,1
5118615,0.0,X,M,N,Y,0,247500.0,Working,Secondary / secondary special,Married,House / apartment,-19284,-765,High skill tech staff,2,4,0
5118616,0.0,0,M,N,Y,0,247500.0,Working,Secondary / secondary special,Married,House / apartment,-19284,-765,High skill tech staff,2,4,0
5118617,0.0,C,F,N,N,0,270000.0,Commercial associate,Higher education,Single / not married,House / apartment,-15770,-5209,Sales staff,1,3,0
5118618,0.0,C,F,N,N,0,270000.0,Commercial associate,Higher education,Single / not married,House / apartment,-15770,-5209,Sales staff,1,3,0
5118619,0.0,C,F,N,Y,0,225000.0,Commercial associate,Higher education,Single / not married,With parents,-11020,-523,Core staff,1,3,0
5118620,0.0,C,F,N,Y,0,225000.0,Commercial associate,Higher education,Single / not married,With parents,-11020,-523,Core staff,1,3,0
5118630,0.0,0,F,N,N,1,67500.0,Commercial associate,Secondary / secondary special,Married,House / apartment,-14619,-918,Core staff,3,1,1
5118632,0.0,X,F,N,N,0,117000.0,Working,Secondary / secondary special,Widow,House / apartment,-22720,-918,Cleaning staff,1,4,0
5118639,0.0,X,M,Y,N,0,900000.0,State servant,Higher education,Married,House / apartment,-23392,-1921,Core staff,2,3,2
5118640,0.0,X,M,Y,N,0,900000.0,State servant,Higher education,Married,House / apartment,-23392,-1921,Core staff,2,3,2
5118644,0.0,1,F,N,N,1,112500.0,Working,Secondary / secondary special,Married,House / apartment,-10065,-492,Cooking staff,3,1,0
5118647,0.0,0,F,N,Y,2,270000.0,State servant,Higher education,Single / not married,House / apartment,-10425,-2745,Core staff,3,3,1
5118649,0.0,C,F,N,Y,2,270000.0,State servant,Higher education,Single / not married,House / apartment,-10425,-2745,Core staff,3,3,1
5118650,0.0,0,F,N,Y,2,270000.0,State servant,Higher education,Single / not married,House / apartment,-10425,-2745,Core staff,3,3,1
5125127,0.0,C,F,N,Y,0,112500.0,Working,Secondary / secondary special,Single / not married,House / apartment,-16098,-1868,Managers,1,4,0
5125130,0.0,0,F,N,Y,0,315000.0,Commercial associate,Secondary / secondary special,Married,House / apartment,-17279,-195,Accountants,2,1,2
5125133,0.0,C,F,N,Y,0,220500.0,Working,Secondary / secondary special,Separated,House / apartment,-17196,-560,Core staff,1,4,0
5125134,0.0,C,F,N,Y,0,220500.0,Working,Secondary / secondary special,Separated,House / apartment,-17196,-560,Core staff,1,4,0
5125136,0.0,0,F,N,Y,0,220500.0,Working,Secondary / secondary special,Separated,House / apartment,-17196,-560,Core staff,1,4,0
5125137,0.0,0,F,N,Y,0,220500.0,Working,Secondary / secondary special,Separated,House / apartment,-17196,-560,Core staff,1,4,0
5125145,0.0,C,M,Y,Y,2,360000.0,Commercial associate,Secondary / secondary special,Married,House / apartment,-15901,-287,Laborers,4,0,1
5125147,0.0,0,M,N,Y,0,180000.0,Working,Incomplete higher,Single / not married,House / apartment,-12302,-2539,Drivers,1,1,0
5125148,0.0,C,M,Y,Y,1,225000.0,Working,Secondary / secondary special,Separated,House / apartment,-15201,-3544,Laborers,2,2,0
5125154,0.0,C,M,N,Y,1,234000.0,Working,Secondary / secondary special,Married,House / apartment,-11970,-1748,Laborers,3,2,1
5125156,0.0,C,M,N,Y,1,234000.0,Working,Secondary / secondary special,Married,House / apartment,-11970,-1748,Laborers,3,2,1
5125158,0.0,C,M,N,Y,1,234000.0,Working,Secondary / secondary special,Married,House / apartment,-11970,-1748,Laborers,3,2,1
5125159,0.0,C,M,N,Y,1,234000.0,Working,Secondary / secondary special,Married,House / apartment,-11970,-1748,Laborers,3,2,1
5125160,0.0,0,M,N,Y,1,234000.0,Working,Secondary / secondary special,Married,House / apartment,-11970,-1748,Laborers,3,4,1
5125161,0.0,0,M,N,Y,1,234000.0,Working,Secondary / secondary special,Married,House / apartment,-11970,-1748,Laborers,3,4,1
5125162,0.0,C,M,N,Y,1,234000.0,Working,Secondary / secondary special,Married,House / apartment,-11970,-1748,Laborers,3,2,1
5125163,0.0,C,M,N,Y,1,234000.0,Working,Secondary / secondary special,Married,House / apartment,-11970,-1748,Laborers,3,2,1
5125165,0.0,C,M,N,Y,1,234000.0,Working,Secondary / secondary special,Married,House / apartment,-11970,-1748,Laborers,3,2,1
5125170,0.0,0,M,Y,Y,2,135000.0,Working,Higher education,Married,House / apartment,-13495,-2174,Drivers,4,0,1
5125172,0.0,0,F,Y,Y,0,157500.0,Working,Secondary / secondary special,Married,House / apartment,-15023,-438,Laborers,2,4,0
5125174,0.0,0,F,Y,Y,0,157500.0,Working,Secondary / secondary special,Married,House / apartment,-15023,-438,Laborers,2,4,0
5125175,0.0,0,F,N,Y,2,157500.0,State servant,Higher education,Married,House / apartment,-9958,-987,Core staff,4,3,1
5125177,0.0,0,F,N,Y,2,90000.0,Commercial associate,Secondary / secondary special,Married,House / apartment,-17384,-1138,Cooking staff,4,1,1
5125181,0.0,0,F,Y,Y,0,112500.0,Commercial associate,Higher education,Married,House / apartment,-11589,-73,Core staff,2,3,0
5125182,0.0,0,F,Y,Y,0,112500.0,Commercial associate,Higher education,Married,House / apartment,-11589,-73,Core staff,2,3,0
5125184,0.0,C,M,N,Y,1,225000.0,Commercial associate,Secondary / secondary special,Separated,House / apartment,-15401,-3878,Laborers,2,1,0
5125196,0.0,0,F,N,Y,0,202500.0,Working,Incomplete higher,Single / not married,House / apartment,-18596,-7288,Core staff,1,1,0
5125200,0.0,0,F,N,Y,0,202500.0,Working,Incomplete higher,Single / not married,House / apartment,-18596,-7288,Core staff,1,1,0
5125202,0.0,0,F,N,Y,0,202500.0,Working,Incomplete higher,Single / not married,House / apartment,-18596,-7288,Core staff,1,1,0
5125203,0.0,0,F,N,Y,0,202500.0,Working,Incomplete higher,Single / not married,House / apartment,-18596,-7288,Core staff,1,1,0
5125205,0.0,0,F,N,Y,0,202500.0,Working,Incomplete higher,Single / not married,House / apartment,-18596,-7288,Core staff,1,1,0
5125206,0.0,0,F,N,Y,0,202500.0,Working,Incomplete higher,Single / not married,House / apartment,-18596,-7288,Core staff,1,1,0
5125215,0.0,C,M,N,Y,0,675000.0,Commercial associate,Higher education,Married,House / apartment,-17754,-1109,Managers,2,3,2
5125216,0.0,0,M,N,Y,0,675000.0,Commercial associate,Higher education,Married,House / apartment,-17754,-1109,Managers,2,3,2
5125217,0.0,C,M,N,Y,0,675000.0,Commercial associate,Higher education,Married,House / apartment,-17754,-1109,Managers,2,3,2
5125218,0.0,C,M,N,Y,0,675000.0,Commercial associate,Higher education,Married,House / apartment,-17754,-1109,Managers,2,3,2
5125219,0.0,C,M,N,Y,0,675000.0,Commercial associate,Higher education,Married,House / apartment,-17754,-1109,Managers,2,3,2
5125220,0.0,C,F,N,Y,1,90000.0,Working,Secondary / secondary special,Single / not married,House / apartment,-18246,-6070,Managers,2,4,0
5125223,0.0,0,F,N,Y,1,90000.0,Working,Secondary / secondary special,Single / not married,House / apartment,-18246,-6070,Managers,2,4,0
5125225,0.0,C,F,N,Y,2,157500.0,Commercial associate,Higher education,Married,House / apartment,-13766,-73,High skill tech staff,4,3,1
5125230,0.0,0,F,N,Y,2,157500.0,Commercial associate,Higher education,Married,House / apartment,-13766,-73,High skill tech staff,4,3,1
5125231,0.0,C,F,N,Y,2,157500.0,Commercial associate,Higher education,Married,House / apartment,-13766,-73,High skill tech staff,4,3,1
5125232,0.0,0,F,N,Y,2,157500.0,Commercial associate,Higher education,Married,House / apartment,-13766,-73,High skill tech staff,4,3,1
5125233,0.0,C,F,N,Y,2,157500.0,Commercial associate,Higher education,Married,House / apartment,-13766,-73,High skill tech staff,4,3,1
5125235,0.0,0,F,N,Y,2,157500.0,Commercial associate,Higher education,Married,House / apartment,-13766,-73,High skill tech staff,4,3,1
5125236,0.0,C,F,N,Y,2,157500.0,Commercial associate,Higher education,Married,House / apartment,-13766,-73,High skill tech staff,4,3,1
5125238,0.0,0,F,Y,Y,0,166500.0,Working,Secondary / secondary special,Married,House / apartment,-15948,-987,Laborers,2,4,0
5125239,0.0,0,F,N,Y,1,157500.0,Commercial associate,Secondary / secondary special,Married,House / apartment,-15377,-3544,Cleaning staff,3,1,1
5125240,0.0,C,F,N,Y,1,157500.0,Commercial associate,Secondary / secondary special,Married,House / apartment,-15377,-3544,Cleaning staff,3,1,1
5125242,0.0,0,F,N,Y,0,180000.0,Commercial associate,Higher education,Married,House / apartment,-23556,-165,Private service staff,2,3,0
5125243,0.0,0,F,N,Y,0,180000.0,Commercial associate,Higher education,Married,House / apartment,-23556,-165,Private service staff,2,3,0
5125245,0.0,0,M,N,Y,1,225000.0,Working,Higher education,Single / not married,With parents,-12958,-1475,Laborers,2,1,0
5125246,0.0,0,M,N,Y,1,225000.0,Working,Higher education,Single / not married,With parents,-12958,-1475,Laborers,2,1,0
5125248,0.0,C,M,N,Y,1,225000.0,Working,Higher education,Single / not married,With parents,-12958,-1475,Laborers,2,0,0
5125249,0.0,C,M,N,Y,1,225000.0,Working,Higher education,Single / not married,With parents,-12958,-1475,Laborers,2,0,0
5125250,0.0,C,M,N,Y,1,225000.0,Working,Higher education,Single / not married,With parents,-12958,-1475,Laborers,2,0,0
5125258,0.0,X,M,Y,Y,0,225000.0,Working,Higher education,Married,Rented apartment,-15317,-1656,High skill tech staff,2,0,0
5125259,0.0,X,M,Y,Y,0,225000.0,Working,Higher education,Married,Rented apartment,-15317,-1656,High skill tech staff,2,0,0
5125260,0.0,X,M,Y,Y,0,225000.0,Working,Higher education,Married,Rented apartment,-15317,-1656,High skill tech staff,2,0,0
5125270,0.0,C,M,N,N,1,360000.0,Working,Lower secondary,Married,House / apartment,-12615,-1048,Laborers,3,2,2
5125271,0.0,C,M,N,N,1,360000.0,Working,Lower secondary,Married,House / apartment,-12615,-1048,Laborers,3,2,2
5125272,0.0,X,M,N,N,1,360000.0,Working,Lower secondary,Married,House / apartment,-12615,-1048,Laborers,3,2,2
5125273,0.0,C,M,N,N,1,360000.0,Working,Lower secondary,Married,House / apartment,-12615,-1048,Laborers,3,2,2
5125274,0.0,X,M,N,N,1,360000.0,Working,Lower secondary,Married,House / apartment,-12615,-1048,Laborers,3,2,2
5125275,0.0,0,F,N,Y,1,90000.0,Working,Secondary / secondary special,Married,House / apartment,-16280,-3694,Sales staff,3,4,1
5125276,0.0,0,F,N,Y,1,90000.0,Working,Secondary / secondary special,Married,House / apartment,-16280,-3694,Sales staff,3,4,1
5125281,0.0,0,F,N,Y,1,90000.0,Working,Secondary / secondary special,Married,House / apartment,-16280,-3694,Sales staff,3,4,1
5125289,0.0,C,F,N,N,1,202500.0,Working,Secondary / secondary special,Separated,House / apartment,-13939,-134,Laborers,2,2,0
5125290,0.0,C,F,N,N,1,202500.0,Working,Secondary / secondary special,Separated,House / apartment,-13939,-134,Laborers,2,2,0
5125294,0.0,0,F,Y,N,0,126000.0,Working,Secondary / secondary special,Separated,House / apartment,-16872,-1656,Core staff,1,4,0
5125295,0.0,0,F,Y,N,0,126000.0,Working,Secondary / secondary special,Separated,House / apartment,-16872,-1656,Core staff,1,4,0
5125296,0.0,0,F,Y,N,0,126000.0,Working,Secondary / secondary special,Separated,House / apartment,-16872,-1656,Core staff,1,4,0
5125307,0.0,X,M,N,Y,0,180000.0,Commercial associate,Secondary / secondary special,Single / not married,With parents,-10037,-1078,Managers,1,1,0
5125308,0.0,X,M,N,Y,3,157500.0,Working,Secondary / secondary special,Married,House / apartment,-14035,-2875,Laborers,5,2,1
5125309,0.0,X,M,N,Y,3,157500.0,Working,Secondary / secondary special,Married,House / apartment,-14035,-2875,Laborers,5,2,1
5125310,0.0,0,M,N,Y,3,157500.0,Working,Secondary / secondary special,Married,House / apartment,-14035,-2875,Laborers,5,4,1
5125312,0.0,C,M,N,Y,3,157500.0,Working,Secondary / secondary special,Married,House / apartment,-14035,-2875,Laborers,5,2,1
5125313,0.0,1,M,N,Y,3,157500.0,Working,Secondary / secondary special,Married,House / apartment,-14035,-2875,Laborers,5,1,0
5125314,0.0,C,M,N,Y,3,157500.0,Working,Secondary / secondary special,Married,House / apartment,-14035,-2875,Laborers,5,2,1
5125326,0.0,C,F,Y,N,0,135000.0,Working,Secondary / secondary special,Civil marriage,With parents,-10018,-379,Sales staff,2,2,0
5125327,0.0,0,F,Y,N,0,135000.0,Working,Secondary / secondary special,Civil marriage,With parents,-10018,-379,Sales staff,2,4,0
5125330,0.0,X,M,Y,Y,2,337500.0,State servant,Secondary / secondary special,Married,Office apartment,-12977,-3970,Laborers,4,2,1
5125331,0.0,C,M,Y,Y,2,337500.0,State servant,Secondary / secondary special,Married,Office apartment,-12977,-3970,Laborers,4,2,1
5125332,0.0,X,M,Y,Y,2,337500.0,State servant,Secondary / secondary special,Married,Office apartment,-12977,-3970,Laborers,4,2,1
5125333,0.0,0,M,Y,Y,2,337500.0,State servant,Secondary / secondary special,Married,Office apartment,-12977,-3970,Laborers,4,4,1
5125335,0.0,C,M,Y,Y,2,337500.0,State servant,Secondary / secondary special,Married,Office apartment,-12977,-3970,Laborers,4,2,1
5125336,0.0,X,M,Y,Y,2,337500.0,State servant,Secondary / secondary special,Married,Office apartment,-12977,-3970,Laborers,4,2,1
5125340,0.0,1,F,Y,Y,0,157500.0,Working,Secondary / secondary special,Married,House / apartment,-17291,-5278,Managers,2,1,0
5125341,0.0,C,F,Y,Y,0,157500.0,Working,Secondary / secondary special,Married,House / apartment,-17291,-5278,Managers,2,2,0
5125348,0.0,C,F,N,Y,0,157500.0,Working,Incomplete higher,Single / not married,House / apartment,-8067,-165,Core staff,1,1,0
5125352,0.0,C,F,N,Y,0,180000.0,Working,Secondary / secondary special,Single / not married,House / apartment,-13005,-683,High skill tech staff,1,4,0
5125363,0.0,0,M,Y,N,0,135000.0,Working,Secondary / secondary special,Married,House / apartment,-12222,-195,Drivers,2,2,0
5125387,0.0,X,F,N,Y,0,135000.0,State servant,Secondary / secondary special,Single / not married,House / apartment,-10066,-3026,High skill tech staff,1,1,0
5125388,0.0,X,F,N,Y,0,135000.0,State servant,Secondary / secondary special,Single / not married,House / apartment,-10066,-3026,High skill tech staff,1,1,0
5125391,0.0,0,F,N,Y,0,135000.0,State servant,Secondary / secondary special,Single / not married,House / apartment,-10066,-3026,High skill tech staff,1,1,0
5125394,0.0,C,M,Y,N,0,292500.0,Working,Higher education,Married,House / apartment,-18115,-713,Managers,2,0,2
5125395,0.0,0,M,Y,N,0,292500.0,Working,Higher education,Married,House / apartment,-18115,-713,Managers,2,0,2
5125397,0.0,C,M,Y,N,0,112500.0,Working,Secondary / secondary special,Married,House / apartment,-10066,-834,Laborers,2,2,0
5125399,0.0,C,M,Y,N,0,112500.0,Working,Secondary / secondary special,Married,House / apartment,-10066,-834,Laborers,2,2,0
5125410,0.0,C,M,N,Y,0,135000.0,Working,Secondary / secondary special,Married,House / apartment,-15226,-2995,Laborers,2,2,0
5125414,0.0,C,M,Y,Y,2,130500.0,Working,Secondary / secondary special,Married,House / apartment,-11647,-2905,Laborers,4,2,1
5125415,0.0,1,M,Y,Y,2,130500.0,Working,Secondary / secondary special,Married,House / apartment,-11647,-2905,Laborers,4,1,0
5125422,0.0,C,F,N,Y,0,247500.0,Commercial associate,Secondary / secondary special,Married,House / apartment,-15114,-560,Sales staff,2,1,0
5125425,0.0,C,F,Y,Y,1,189000.0,Working,Lower secondary,Married,House / apartment,-16344,-864,Core staff,3,0,1
5125427,0.0,C,F,Y,Y,1,189000.0,Working,Lower secondary,Married,House / apartment,-16344,-864,Core staff,3,0,1
5125428,0.0,0,F,Y,Y,1,189000.0,Working,Lower secondary,Married,House / apartment,-16344,-864,Core staff,3,1,1
5125429,0.0,0,F,N,Y,0,315000.0,Working,Higher education,Separated,House / apartment,-22022,-12949,Core staff,1,1,2
5125430,0.0,0,F,N,Y,0,315000.0,Working,Higher education,Separated,House / apartment,-22022,-12949,Core staff,1,1,2
5125431,0.0,0,M,Y,N,0,162000.0,Working,Secondary / secondary special,Married,House / apartment,-13128,-1048,Laborers,2,2,0
5125432,0.0,0,M,Y,N,0,162000.0,Working,Secondary / secondary special,Married,House / apartment,-13128,-1048,Laborers,2,2,0
5125433,0.0,X,M,Y,N,0,162000.0,Working,Secondary / secondary special,Married,House / apartment,-13128,-1048,Laborers,2,2,0
5125447,0.0,0,F,N,Y,0,337500.0,Commercial associate,Higher education,Single / not married,House / apartment,-16590,-438,Managers,1,3,2
5125452,0.0,0,F,N,Y,0,337500.0,Commercial associate,Higher education,Single / not married,House / apartment,-16590,-438,Managers,1,3,2
5125453,0.0,0,F,N,Y,0,337500.0,Commercial associate,Higher education,Single / not married,House / apartment,-16590,-438,Managers,1,3,2
5125454,0.0,X,F,N,Y,0,337500.0,Commercial associate,Higher education,Single / not married,House / apartment,-16590,-438,Managers,1,3,2
5125455,0.0,0,F,N,Y,0,337500.0,Commercial associate,Higher education,Single / not married,House / apartment,-16590,-438,Managers,1,3,2
5125456,0.0,0,F,N,Y,0,337500.0,Commercial associate,Higher education,Single / not married,House / apartment,-16590,-438,Managers,1,3,2
5125461,0.0,0,F,N,N,1,112500.0,Working,Higher education,Married,House / apartment,-10853,-287,Core staff,3,1,1
5125462,0.0,0,M,N,Y,1,112500.0,Working,Secondary / secondary special,Married,House / apartment,-18394,-5155,Laborers,3,4,1
5125463,0.0,0,M,N,Y,1,112500.0,Working,Secondary / secondary special,Married,House / apartment,-18394,-5155,Laborers,3,4,1
5125464,0.0,X,M,N,Y,1,112500.0,Working,Secondary / secondary special,Married,House / apartment,-18394,-5155,Laborers,3,2,1
5125466,0.0,C,M,N,Y,1,112500.0,Working,Secondary / secondary special,Married,House / apartment,-18394,-5155,Laborers,3,2,1
5125467,0.0,C,M,N,Y,1,112500.0,Working,Secondary / secondary special,Married,House / apartment,-18394,-5155,Laborers,3,2,1
5125468,0.0,0,M,N,Y,1,112500.0,Working,Secondary / secondary special,Married,House / apartment,-18394,-5155,Laborers,3,4,1
5125474,0.0,C,F,Y,Y,0,207000.0,Working,Secondary / secondary special,Married,House / apartment,-13130,-3117,Private service staff,2,2,0
5125475,0.0,C,F,Y,Y,0,207000.0,Working,Secondary / secondary special,Married,House / apartment,-13130,-3117,Private service staff,2,2,0
5125481,0.0,C,M,N,Y,0,180000.0,Working,Secondary / secondary special,Married,House / apartment,-18253,-1595,Laborers,2,2,0
5125487,0.0,C,M,Y,N,1,135000.0,Working,Higher education,Married,House / apartment,-12782,-1078,Laborers,3,0,1
5125489,0.0,0,M,Y,N,1,135000.0,Working,Higher education,Married,House / apartment,-12782,-1078,Laborers,3,0,1
5125490,0.0,X,M,Y,N,1,135000.0,Working,Higher education,Married,House / apartment,-12782,-1078,Laborers,3,0,1
5125491,0.0,C,M,Y,N,1,135000.0,Working,Higher education,Married,House / apartment,-12782,-1078,Laborers,3,0,1
5125495,0.0,C,M,Y,Y,0,315000.0,Working,Incomplete higher,Married,House / apartment,-15975,-2417,Managers,2,0,2
5125497,0.0,C,M,Y,Y,0,315000.0,Working,Incomplete higher,Married,House / apartment,-15975,-2417,Managers,2,0,2
5125500,0.0,C,M,Y,N,0,112500.0,Commercial associate,Higher education,Married,With parents,-13461,-652,Core staff,2,0,0
5125509,0.0,0,M,N,Y,1,202500.0,Commercial associate,Secondary / secondary special,Married,House / apartment,-14952,-104,Security staff,3,1,1
5125510,0.0,0,M,N,Y,1,202500.0,Commercial associate,Secondary / secondary special,Married,House / apartment,-14952,-104,Security staff,3,1,1
5125515,0.0,0,M,N,Y,1,202500.0,Commercial associate,Secondary / secondary special,Married,House / apartment,-14952,-104,Security staff,3,1,1
5125516,0.0,C,M,N,Y,1,202500.0,Commercial associate,Secondary / secondary special,Married,House / apartment,-14952,-104,Security staff,3,0,1
5125518,0.0,C,M,N,Y,1,202500.0,Commercial associate,Secondary / secondary special,Married,House / apartment,-14952,-104,Security staff,3,0,1
5125519,0.0,C,M,N,Y,1,202500.0,Commercial associate,Secondary / secondary special,Married,House / apartment,-14952,-104,Security staff,3,0,1
5125523,0.0,0,M,N,N,2,171000.0,Working,Secondary / secondary special,Married,Municipal apartment,-13865,-5674,Core staff,4,4,1
5125524,0.0,0,M,N,N,2,171000.0,Working,Secondary / secondary special,Married,Municipal apartment,-13865,-5674,Core staff,4,4,1
5125525,0.0,0,M,N,N,2,171000.0,Working,Secondary / secondary special,Married,Municipal apartment,-13865,-5674,Core staff,4,4,1
5125526,0.0,C,M,N,N,2,171000.0,Working,Secondary / secondary special,Married,Municipal apartment,-13865,-5674,Core staff,4,2,1
5125527,0.0,0,M,N,N,2,171000.0,Working,Secondary / secondary special,Married,Municipal apartment,-13865,-5674,Core staff,4,4,1
5125528,0.0,0,M,N,N,2,171000.0,Working,Secondary / secondary special,Married,Municipal apartment,-13865,-5674,Core staff,4,4,1
5125533,0.0,C,F,N,N,0,49500.0,Working,Secondary / secondary special,Married,House / apartment,-18587,-195,Cleaning staff,2,2,0
5125534,0.0,C,F,N,N,0,49500.0,Working,Secondary / secondary special,Married,House / apartment,-18587,-195,Cleaning staff,2,2,0
5125535,0.0,C,M,Y,Y,0,225000.0,Working,Secondary / secondary special,Married,House / apartment,-19138,-1291,Managers,2,2,0
5125536,0.0,C,M,N,N,1,180000.0,Working,Secondary / secondary special,Married,Municipal apartment,-14507,-4213,Laborers,3,2,1
5125537,0.0,C,M,N,N,1,180000.0,Working,Secondary / secondary special,Married,Municipal apartment,-14507,-4213,Laborers,3,2,1
5125539,0.0,C,M,N,N,0,180000.0,Working,Higher education,Married,With parents,-13484,-2417,High skill tech staff,2,0,0
5125540,0.0,C,M,N,N,0,180000.0,Working,Higher education,Married,With parents,-13484,-2417,High skill tech staff,2,0,0
5125542,0.0,C,M,N,N,0,180000.0,Working,Higher education,Married,With parents,-13484,-2417,High skill tech staff,2,0,0
5125543,0.0,C,M,Y,N,0,427500.0,Working,Higher education,Married,House / apartment,-16691,-1565,Managers,2,0,2
5125544,0.0,1,M,Y,N,0,427500.0,Working,Higher education,Married,House / apartment,-16691,-1565,Managers,2,1,0
5125545,0.0,0,M,Y,N,0,427500.0,Working,Higher education,Married,House / apartment,-16691,-1565,Managers,2,0,2
5125546,0.0,C,M,Y,N,0,427500.0,Working,Higher education,Married,House / apartment,-16691,-1565,Managers,2,0,2
5125547,0.0,C,M,Y,N,0,427500.0,Working,Higher education,Married,House / apartment,-16691,-1565,Managers,2,0,2
5125548,0.0,C,F,N,Y,0,225000.0,Commercial associate,Higher education,Married,House / apartment,-9418,-1595,Managers,2,3,0
5125549,0.0,C,F,N,Y,0,225000.0,Commercial associate,Higher education,Married,House / apartment,-9418,-1595,Managers,2,3,0
5125550,0.0,C,F,N,Y,0,225000.0,Commercial associate,Higher education,Married,House / apartment,-9418,-1595,Managers,2,3,0
5125551,0.0,C,F,N,Y,0,225000.0,Commercial associate,Higher education,Married,House / apartment,-9418,-1595,Managers,2,3,0
5125553,0.0,C,F,N,N,0,94500.0,Working,Secondary / secondary special,Single / not married,House / apartment,-15672,-622,Laborers,1,4,0
5125556,0.0,C,F,N,N,0,94500.0,Working,Secondary / secondary special,Single / not married,House / apartment,-15672,-622,Laborers,1,4,0
5125557,0.0,0,F,N,N,0,94500.0,Working,Secondary / secondary special,Single / not married,House / apartment,-15672,-622,Laborers,1,4,0
5125558,0.0,0,F,N,N,0,94500.0,Working,Secondary / secondary special,Single / not married,House / apartment,-15672,-622,Laborers,1,4,0
5125560,0.0,C,M,Y,N,0,225000.0,Working,Secondary / secondary special,Married,House / apartment,-9811,-2814,Laborers,2,2,0
5125561,0.0,0,F,N,N,3,135000.0,Commercial associate,Secondary / secondary special,Married,Office apartment,-13687,-1017,Core staff,5,1,1
5125579,0.0,0,M,Y,Y,0,315000.0,Working,Secondary / secondary special,Single / not married,House / apartment,-17832,-134,Laborers,1,4,2
5125580,0.0,C,M,Y,Y,0,315000.0,Working,Secondary / secondary special,Single / not married,House / apartment,-17832,-134,Laborers,1,2,2
5125581,0.0,0,M,Y,Y,0,315000.0,Working,Secondary / secondary special,Single / not married,House / apartment,-17832,-134,Laborers,1,4,2
5125597,0.0,C,F,N,N,0,90000.0,Working,Higher education,Single / not married,With parents,-8594,-195,Secretaries,1,0,0
5125599,0.0,X,F,Y,Y,0,450000.0,Commercial associate,Higher education,Married,House / apartment,-10149,-2783,Accountants,2,3,2
5125601,0.0,C,F,Y,Y,0,450000.0,Commercial associate,Higher education,Married,House / apartment,-10149,-2783,Accountants,2,3,2
5125602,0.0,0,F,Y,Y,0,450000.0,Commercial associate,Higher education,Married,House / apartment,-10149,-2783,Accountants,2,3,2
5125603,0.0,0,F,Y,Y,0,450000.0,Commercial associate,Higher education,Married,House / apartment,-10149,-2783,Accountants,2,3,2
5125604,0.0,C,F,Y,Y,0,450000.0,Commercial associate,Higher education,Married,House / apartment,-10149,-2783,Accountants,2,3,2
5125605,0.0,0,F,N,Y,1,243000.0,State servant,Higher education,Separated,House / apartment,-16910,-379,Managers,2,3,0
5125606,0.0,0,F,N,Y,1,243000.0,State servant,Higher education,Separated,House / apartment,-16910,-379,Managers,2,3,0
5125608,0.0,1,F,N,N,0,202500.0,Working,Secondary / secondary special,Separated,House / apartment,-15607,-3240,High skill tech staff,1,1,0
5125609,0.0,0,M,Y,Y,0,247500.0,Commercial associate,Higher education,Married,House / apartment,-19796,-1200,High skill tech staff,2,3,2
5125611,0.0,0,M,Y,Y,0,247500.0,Commercial associate,Higher education,Married,House / apartment,-19796,-1200,High skill tech staff,2,3,2
5125612,0.0,C,M,Y,Y,0,247500.0,Commercial associate,Higher education,Married,House / apartment,-19796,-1200,High skill tech staff,2,0,2
5125613,0.0,C,F,N,N,0,126000.0,State servant,Secondary / secondary special,Married,House / apartment,-18166,-3666,Medicine staff,2,1,0
5125615,0.0,X,F,N,N,0,126000.0,State servant,Secondary / secondary special,Married,House / apartment,-18166,-3666,Medicine staff,2,1,0
5125616,0.0,0,F,N,N,0,126000.0,State servant,Secondary / secondary special,Married,House / apartment,-18166,-3666,Medicine staff,2,1,0
5125617,0.0,C,F,N,N,0,126000.0,State servant,Secondary / secondary special,Married,House / apartment,-18166,-3666,Medicine staff,2,1,0
5125618,0.0,C,F,N,N,0,126000.0,State servant,Secondary / secondary special,Married,House / apartment,-18166,-3666,Medicine staff,2,1,0
5125619,0.0,X,F,N,N,0,126000.0,State servant,Secondary / secondary special,Married,House / apartment,-18166,-3666,Medicine staff,2,1,0
5125620,0.0,C,M,Y,Y,0,112500.0,Working,Secondary / secondary special,Married,House / apartment,-18731,-4397,Laborers,2,2,0
5125621,0.0,C,M,Y,Y,0,112500.0,Working,Secondary / secondary special,Married,House / apartment,-18731,-4397,Laborers,2,2,0
5125622,0.0,C,M,Y,Y,0,112500.0,Working,Secondary / secondary special,Married,House / apartment,-18731,-4397,Laborers,2,2,0
5125623,0.0,C,M,Y,Y,0,112500.0,Working,Secondary / secondary special,Married,House / apartment,-18731,-4397,Laborers,2,2,0
5125624,0.0,C,M,Y,Y,0,112500.0,Working,Secondary / secondary special,Married,House / apartment,-18731,-4397,Laborers,2,2,0
5125625,0.0,C,M,Y,Y,0,112500.0,Working,Secondary / secondary special,Married,House / apartment,-18731,-4397,Laborers,2,2,0
5125626,0.0,C,M,Y,Y,0,112500.0,Working,Secondary / secondary special,Married,House / apartment,-18731,-4397,Laborers,2,2,0
5125641,0.0,C,M,N,N,0,157500.0,Working,Secondary / secondary special,Married,Rented apartment,-12088,-3574,Laborers,2,2,0
5125642,0.0,X,M,N,N,0,157500.0,Working,Secondary / secondary special,Married,Rented apartment,-12088,-3574,Laborers,2,4,0
5125643,0.0,0,F,N,Y,0,112500.0,Working,Secondary / secondary special,Separated,House / apartment,-17380,-2875,Sales staff,1,4,0
5125644,0.0,0,F,N,Y,0,112500.0,Working,Secondary / secondary special,Separated,House / apartment,-17380,-2875,Sales staff,1,4,0
5125655,0.0,C,M,Y,N,0,247500.0,Commercial associate,Higher education,Married,House / apartment,-16269,-803,Drivers,2,0,2
5125656,0.0,C,M,Y,N,0,247500.0,Commercial associate,Higher education,Married,House / apartment,-16269,-803,Drivers,2,0,2
5125657,0.0,C,M,Y,N,0,247500.0,Commercial associate,Higher education,Married,House / apartment,-16269,-803,Drivers,2,0,2
5125663,0.0,C,F,N,N,0,45000.0,State servant,Secondary / secondary special,Married,House / apartment,-18532,-3666,Core staff,2,1,0
5125664,0.0,C,F,N,N,0,45000.0,State servant,Secondary / secondary special,Married,House / apartment,-18532,-3666,Core staff,2,1,0
5125666,0.0,C,F,N,N,0,45000.0,State servant,Secondary / secondary special,Married,House / apartment,-18532,-3666,Core staff,2,1,0
5125669,0.0,X,F,N,N,0,45000.0,State servant,Secondary / secondary special,Married,House / apartment,-18532,-3666,Core staff,2,1,0
5125670,0.0,C,F,N,N,0,45000.0,State servant,Secondary / secondary special,Married,House / apartment,-18532,-3666,Core staff,2,1,0
5125671,0.0,C,F,N,N,0,45000.0,State servant,Secondary / secondary special,Married,House / apartment,-18532,-3666,Core staff,2,1,0
5125672,0.0,0,F,N,N,0,45000.0,State servant,Secondary / secondary special,Married,House / apartment,-18532,-3666,Core staff,2,1,0
5125674,0.0,0,F,Y,Y,0,292500.0,Commercial associate,Secondary / secondary special,Single / not married,House / apartment,-13387,-1991,Realty agents,1,1,2
5125676,0.0,0,F,Y,Y,0,292500.0,Commercial associate,Secondary / secondary special,Single / not married,House / apartment,-13387,-1991,Realty agents,1,1,2
5125677,0.0,0,F,Y,Y,0,292500.0,Commercial associate,Secondary / secondary special,Single / not married,House / apartment,-13387,-1991,Realty agents,1,1,2
5125678,0.0,0,F,N,N,0,337500.0,Commercial associate,Secondary / secondary special,Married,Rented apartment,-18080,-1718,Managers,2,1,2
5125679,0.0,0,F,N,N,0,337500.0,Commercial associate,Secondary / secondary special,Married,Rented apartment,-18080,-1718,Managers,2,1,2
5125680,0.0,0,F,N,N,0,337500.0,Commercial associate,Secondary / secondary special,Married,Rented apartment,-18080,-1718,Managers,2,1,2
5125681,0.0,C,F,N,N,0,337500.0,Commercial associate,Secondary / secondary special,Married,Rented apartment,-18080,-1718,Managers,2,1,2
5125682,0.0,C,F,N,Y,1,225000.0,Commercial associate,Secondary / secondary special,Married,House / apartment,-14058,-3694,Realty agents,3,1,1
5125686,0.0,X,F,N,Y,1,225000.0,Commercial associate,Secondary / secondary special,Married,House / apartment,-14058,-3694,Realty agents,3,1,1
5125687,0.0,X,F,N,Y,1,225000.0,Commercial associate,Secondary / secondary special,Married,House / apartment,-14058,-3694,Realty agents,3,1,1
5125688,0.0,0,F,N,Y,1,225000.0,Commercial associate,Secondary / secondary special,Married,House / apartment,-14058,-3694,Realty agents,3,1,1
5125689,0.0,C,F,N,Y,1,225000.0,Commercial associate,Secondary / secondary special,Married,House / apartment,-14058,-3694,Realty agents,3,1,1
5125690,0.0,0,F,N,Y,1,225000.0,Commercial associate,Secondary / secondary special,Married,House / apartment,-14058,-3694,Realty agents,3,1,1
5125693,0.0,0,M,Y,Y,1,135000.0,Working,Secondary / secondary special,Married,House / apartment,-10000,-1779,Laborers,3,2,1
5125696,0.0,C,M,Y,Y,1,135000.0,Working,Secondary / secondary special,Married,House / apartment,-10000,-1779,Laborers,3,2,1
5125699,0.0,0,M,Y,Y,1,135000.0,Working,Secondary / secondary special,Married,House / apartment,-10000,-1779,Laborers,3,2,1
5125700,0.0,C,M,Y,Y,1,135000.0,Working,Secondary / secondary special,Married,House / apartment,-10000,-1779,Laborers,3,2,1
5125703,0.0,0,F,Y,Y,1,207000.0,Working,Higher education,Married,House / apartment,-10791,-2478,Accountants,3,1,1
5125707,0.0,C,F,Y,Y,0,135000.0,Working,Lower secondary,Married,House / apartment,-16413,-622,High skill tech staff,2,0,0
5125708,0.0,C,F,Y,Y,0,135000.0,Working,Lower secondary,Married,House / apartment,-16413,-622,High skill tech staff,2,0,0
5125710,0.0,C,F,Y,Y,0,135000.0,Working,Lower secondary,Married,House / apartment,-16413,-622,High skill tech staff,2,0,0
5125712,0.0,C,F,Y,Y,0,135000.0,Working,Lower secondary,Married,House / apartment,-16413,-622,High skill tech staff,2,0,0
5125717,0.0,C,F,Y,Y,0,135000.0,Working,Lower secondary,Married,House / apartment,-16413,-622,High skill tech staff,2,0,0
5125718,0.0,C,F,Y,Y,0,135000.0,Working,Lower secondary,Married,House / apartment,-16413,-622,High skill tech staff,2,0,0
5125720,0.0,C,F,Y,Y,0,135000.0,Working,Lower secondary,Married,House / apartment,-16413,-622,High skill tech staff,2,0,0
5125721,0.0,C,M,Y,N,0,112500.0,Commercial associate,Secondary / secondary special,Married,With parents,-22111,-2325,Drivers,2,0,0
5125722,0.0,C,M,Y,N,0,112500.0,Commercial associate,Secondary / secondary special,Married,With parents,-22111,-2325,Drivers,2,0,0
5125725,0.0,C,F,N,Y,0,202500.0,Commercial associate,Secondary / secondary special,Married,House / apartment,-22902,-14775,High skill tech staff,2,1,0
5125726,0.0,0,F,N,Y,0,202500.0,Commercial associate,Secondary / secondary special,Married,House / apartment,-22902,-14775,High skill tech staff,2,1,0
5125734,0.0,C,F,Y,Y,0,81000.0,State servant,Higher education,Married,House / apartment,-11256,-2691,Core staff,2,0,0
5125735,0.0,C,F,Y,Y,0,81000.0,State servant,Higher education,Married,House / apartment,-11256,-2691,Core staff,2,0,0
5125743,0.0,C,F,Y,Y,0,81000.0,State servant,Higher education,Married,House / apartment,-11256,-2691,Core staff,2,0,0
5125749,0.0,C,F,N,Y,0,99000.0,Working,Secondary / secondary special,Married,House / apartment,-20064,-3360,Sales staff,2,2,0
5125750,0.0,C,F,N,Y,0,99000.0,Working,Secondary / secondary special,Married,House / apartment,-20064,-3360,Sales staff,2,2,0
5125751,0.0,0,F,N,Y,0,99000.0,Working,Secondary / secondary special,Married,House / apartment,-20064,-3360,Sales staff,2,4,0
5125752,0.0,0,F,Y,Y,1,292500.0,Commercial associate,Incomplete higher,Single / not married,House / apartment,-13777,-348,Accountants,2,1,2
5125754,0.0,C,M,Y,Y,1,225000.0,Working,Secondary / secondary special,Married,Municipal apartment,-12625,-1261,Drivers,3,2,1
5125758,0.0,C,M,Y,Y,1,225000.0,Working,Secondary / secondary special,Married,Municipal apartment,-12625,-1261,Drivers,3,2,1
5125764,0.0,C,M,Y,Y,1,135000.0,Commercial associate,Secondary / secondary special,Married,House / apartment,-13030,-1626,Laborers,3,0,1
5125766,0.0,0,F,N,Y,1,112500.0,Working,Secondary / secondary special,Single / not married,House / apartment,-15823,-1656,Cleaning staff,2,4,0
5125768,0.0,0,F,N,Y,1,180000.0,Working,Secondary / secondary special,Married,House / apartment,-16466,-2083,Sales staff,3,4,1
5125769,0.0,C,F,N,Y,1,180000.0,Working,Secondary / secondary special,Married,House / apartment,-16466,-2083,Sales staff,3,2,1
5125797,0.0,1,F,N,Y,0,157500.0,Commercial associate,Secondary / secondary special,Married,House / apartment,-17038,-925,Core staff,2,1,0
5125798,0.0,C,F,N,Y,0,157500.0,Commercial associate,Secondary / secondary special,Married,House / apartment,-17038,-925,Core staff,2,1,0
5125800,0.0,0,F,N,Y,0,157500.0,Commercial associate,Secondary / secondary special,Married,House / apartment,-17038,-925,Core staff,2,1,0
5125802,0.0,C,F,N,Y,0,157500.0,Commercial associate,Secondary / secondary special,Married,House / apartment,-17038,-925,Core staff,2,1,0
5125804,0.0,0,F,N,Y,0,270000.0,Working,Secondary / secondary special,Separated,House / apartment,-18340,-2052,Laborers,1,4,0
5125805,0.0,0,F,N,Y,0,270000.0,Working,Secondary / secondary special,Separated,House / apartment,-18340,-2052,Laborers,1,4,0
5125809,0.0,C,M,Y,Y,0,225000.0,Working,Secondary / secondary special,Single / not married,House / apartment,-14295,-2083,Laborers,1,2,0
5125810,0.0,C,M,Y,Y,0,225000.0,Working,Secondary / secondary special,Single / not married,House / apartment,-14295,-2083,Laborers,1,2,0
5125811,0.0,C,M,Y,Y,0,225000.0,Working,Secondary / secondary special,Single / not married,House / apartment,-14295,-2083,Laborers,1,2,0
5125812,0.0,C,M,Y,Y,0,225000.0,Working,Secondary / secondary special,Single / not married,House / apartment,-14295,-2083,Laborers,1,2,0
5125813,0.0,C,M,Y,Y,0,225000.0,Working,Secondary / secondary special,Single / not married,House / apartment,-14295,-2083,Laborers,1,2,0
5125815,0.0,C,F,Y,N,0,450000.0,Commercial associate,Higher education,Married,House / apartment,-19783,-5521,Managers,2,3,2
5125819,0.0,C,F,N,Y,2,157500.0,Commercial associate,Higher education,Married,House / apartment,-11221,-4244,Laborers,4,3,1
5125822,0.0,C,F,N,Y,2,157500.0,Commercial associate,Higher education,Married,House / apartment,-11221,-4244,Laborers,4,3,1
5125824,0.0,C,F,N,Y,2,157500.0,Commercial associate,Higher education,Married,House / apartment,-11221,-4244,Laborers,4,3,1
5125826,0.0,C,M,Y,Y,0,360000.0,Commercial associate,Secondary / secondary special,Married,House / apartment,-11613,-4031,Laborers,2,0,2
5125828,0.0,C,M,Y,Y,0,360000.0,Commercial associate,Secondary / secondary special,Married,House / apartment,-11613,-4031,Laborers,2,0,2
5125831,0.0,C,M,N,Y,0,270000.0,Commercial associate,Incomplete higher,Single / not married,House / apartment,-11625,-195,Sales staff,1,3,0
5125836,0.0,C,M,Y,Y,0,382500.0,Working,Higher education,Married,House / apartment,-11864,-1748,IT staff,2,0,2
5125837,0.0,C,M,Y,Y,0,382500.0,Working,Higher education,Married,House / apartment,-11864,-1748,IT staff,2,0,2
5125841,0.0,C,M,Y,Y,0,382500.0,Working,Higher education,Married,House / apartment,-11864,-1748,IT staff,2,0,2
5125842,0.0,C,M,Y,Y,0,382500.0,Working,Higher education,Married,House / apartment,-11864,-1748,IT staff,2,0,2
5125852,0.0,0,F,N,N,0,234000.0,Working,Secondary / secondary special,Single / not married,House / apartment,-17960,-1626,Cleaning staff,1,4,0
5125854,0.0,X,F,N,N,0,234000.0,Working,Secondary / secondary special,Single / not married,House / apartment,-17960,-1626,Cleaning staff,1,4,0
5125859,0.0,C,M,Y,N,0,382500.0,Commercial associate,Secondary / secondary special,Civil marriage,House / apartment,-15215,-1534,Managers,2,0,2
5125860,0.0,0,M,Y,N,0,382500.0,Commercial associate,Secondary / secondary special,Civil marriage,House / apartment,-15215,-1534,Managers,2,1,2
5125875,0.0,C,F,N,N,0,157500.0,Working,Secondary / secondary special,Single / not married,Municipal apartment,-8678,-318,Laborers,1,4,0
5125876,0.0,C,F,Y,Y,2,180000.0,Commercial associate,Higher education,Civil marriage,House / apartment,-11542,-1169,Sales staff,4,3,1
5125877,0.0,C,F,Y,Y,2,180000.0,Commercial associate,Higher education,Civil marriage,House / apartment,-11542,-1169,Sales staff,4,3,1
5125878,0.0,0,F,Y,Y,2,180000.0,Commercial associate,Higher education,Civil marriage,House / apartment,-11542,-1169,Sales staff,4,3,1
5125880,0.0,C,F,Y,Y,2,180000.0,Commercial associate,Higher education,Civil marriage,House / apartment,-11542,-1169,Sales staff,4,3,1
5125881,0.0,C,F,Y,Y,2,180000.0,Commercial associate,Higher education,Civil marriage,House / apartment,-11542,-1169,Sales staff,4,3,1
5125882,0.0,C,F,Y,Y,2,180000.0,Commercial associate,Higher education,Civil marriage,House / apartment,-11542,-1169,Sales staff,4,3,1
5125883,0.0,C,F,Y,Y,2,180000.0,Commercial associate,Higher education,Civil marriage,House / apartment,-11542,-1169,Sales staff,4,3,1
5125884,0.0,C,M,Y,Y,0,135000.0,Commercial associate,Higher education,Married,House / apartment,-11762,-3452,Laborers,2,0,0
5125885,0.0,C,M,Y,Y,0,135000.0,Commercial associate,Higher education,Married,House / apartment,-11762,-3452,Laborers,2,0,0
5125888,0.0,C,F,Y,Y,0,112500.0,Working,Higher education,Married,House / apartment,-18531,-925,High skill tech staff,2,0,0
5125889,0.0,C,F,Y,Y,0,112500.0,Working,Higher education,Married,House / apartment,-18531,-925,High skill tech staff,2,0,0
5125890,0.0,C,F,Y,Y,0,112500.0,Working,Higher education,Married,House / apartment,-18531,-925,High skill tech staff,2,0,0
5125892,0.0,C,F,Y,Y,0,112500.0,Working,Higher education,Married,House / apartment,-18531,-925,High skill tech staff,2,0,0
5125902,0.0,C,F,N,Y,0,103500.0,Working,Secondary / secondary special,Married,House / apartment,-19039,-3240,Cleaning staff,2,2,0
5125905,0.0,X,M,N,Y,0,517500.0,Commercial associate,Higher education,Single / not married,House / apartment,-10635,-287,Core staff,1,3,2
5125906,0.0,X,M,N,Y,0,517500.0,Commercial associate,Higher education,Single / not married,House / apartment,-10635,-287,Core staff,1,3,2
5125908,0.0,X,M,N,Y,0,517500.0,Commercial associate,Higher education,Single / not married,House / apartment,-10635,-287,Core staff,1,3,2
5125910,0.0,C,F,N,N,0,135000.0,Commercial associate,Secondary / secondary special,Married,House / apartment,-13485,-3756,Sales staff,2,1,0
5125911,0.0,X,F,N,N,0,135000.0,Commercial associate,Secondary / secondary special,Married,House / apartment,-13485,-3756,Sales staff,2,1,0
5125914,0.0,C,F,N,N,0,157500.0,Working,Higher education,Married,House / apartment,-11615,-2936,Sales staff,2,0,0
5125917,0.0,C,F,N,N,0,157500.0,Working,Higher education,Married,House / apartment,-11615,-2936,Sales staff,2,0,0
5125918,0.0,X,F,N,N,0,157500.0,Working,Higher education,Married,House / apartment,-11615,-2936,Sales staff,2,1,0
5125919,0.0,C,F,N,N,0,157500.0,Working,Higher education,Married,House / apartment,-11615,-2936,Sales staff,2,0,0
5125920,0.0,0,F,N,N,0,157500.0,Working,Higher education,Married,House / apartment,-11615,-2936,Sales staff,2,1,0
5125921,0.0,0,F,N,N,0,157500.0,Working,Higher education,Married,House / apartment,-11615,-2936,Sales staff,2,1,0
5125922,0.0,C,F,N,N,0,157500.0,Working,Higher education,Married,House / apartment,-11615,-2936,Sales staff,2,0,0
5125924,0.0,0,F,N,Y,0,166500.0,Working,Incomplete higher,Single / not married,House / apartment,-9165,-348,High skill tech staff,1,1,0
5125927,0.0,C,M,N,Y,1,135000.0,Working,Secondary / secondary special,Married,House / apartment,-11729,-652,Laborers,3,2,1
5125928,0.0,C,M,N,Y,1,135000.0,Working,Secondary / secondary special,Married,House / apartment,-11729,-652,Laborers,3,2,1
5125930,0.0,C,M,N,Y,1,135000.0,Working,Secondary / secondary special,Married,House / apartment,-11729,-652,Laborers,3,2,1
5125932,0.0,C,M,N,Y,0,360000.0,Commercial associate,Incomplete higher,Civil marriage,House / apartment,-16502,-2844,Managers,2,3,2
5125933,0.0,C,M,N,N,0,157500.0,Working,Secondary / secondary special,Single / not married,House / apartment,-12091,-134,Laborers,1,2,0
5125934,0.0,C,F,N,Y,2,135000.0,Commercial associate,Lower secondary,Civil marriage,With parents,-9862,-1868,Sales staff,4,3,1
5125935,0.0,0,F,N,Y,2,135000.0,Commercial associate,Lower secondary,Civil marriage,With parents,-9862,-1868,Sales staff,4,1,1
5125937,0.0,X,F,N,Y,0,112500.0,Working,Higher education,Civil marriage,House / apartment,-10443,-560,Core staff,2,1,0
5125938,0.0,C,F,N,Y,0,112500.0,Working,Higher education,Civil marriage,House / apartment,-10443,-560,Core staff,2,0,0
5125939,0.0,X,F,N,Y,0,112500.0,Working,Higher education,Civil marriage,House / apartment,-10443,-560,Core staff,2,1,0
5125945,0.0,C,F,N,Y,0,135000.0,Working,Secondary / secondary special,Married,Rented apartment,-14559,-2599,Laborers,2,2,0
5125946,0.0,C,F,N,Y,0,135000.0,Working,Secondary / secondary special,Married,Rented apartment,-14559,-2599,Laborers,2,2,0
5125949,0.0,C,F,N,Y,0,135000.0,Working,Secondary / secondary special,Married,Rented apartment,-14559,-2599,Laborers,2,2,0
5125950,0.0,C,F,N,Y,0,135000.0,Working,Secondary / secondary special,Married,Rented apartment,-14559,-2599,Laborers,2,2,0
5125956,0.0,C,F,N,Y,0,166500.0,Commercial associate,Secondary / secondary special,Single / not married,House / apartment,-16068,-2722,Laborers,1,1,0
5125959,0.0,C,F,N,Y,0,166500.0,Commercial associate,Secondary / secondary special,Single / not married,House / apartment,-16068,-2722,Laborers,1,1,0
5125961,0.0,C,F,N,Y,0,166500.0,Commercial associate,Secondary / secondary special,Single / not married,House / apartment,-16068,-2722,Laborers,1,1,0
5125965,0.0,C,M,Y,Y,0,202500.0,Working,Secondary / secondary special,Married,House / apartment,-14858,-1109,Laborers,2,2,0
5125966,0.0,X,M,Y,Y,0,202500.0,Working,Secondary / secondary special,Married,House / apartment,-14858,-1109,Laborers,2,2,0
5125967,0.0,0,M,Y,Y,0,202500.0,Working,Secondary / secondary special,Married,House / apartment,-14858,-1109,Laborers,2,2,0
5125970,0.0,C,M,Y,Y,0,202500.0,Working,Secondary / secondary special,Married,House / apartment,-14858,-1109,Laborers,2,2,0
5125971,0.0,X,M,Y,Y,0,202500.0,Working,Secondary / secondary special,Married,House / apartment,-14858,-1109,Laborers,2,2,0
5125972,0.0,X,M,Y,Y,0,202500.0,Working,Secondary / secondary special,Married,House / apartment,-14858,-1109,Laborers,2,2,0
5125974,0.0,C,M,N,Y,0,54000.0,Working,Secondary / secondary special,Married,House / apartment,-20162,-1899,Laborers,2,2,0
5125976,0.0,C,M,N,Y,0,247500.0,Commercial associate,Higher education,Widow,House / apartment,-15470,-2233,Laborers,1,3,0
5125979,0.0,X,M,N,Y,0,148500.0,Working,Higher education,Separated,House / apartment,-12119,-1230,Managers,1,1,0
5125980,0.0,X,M,N,Y,0,148500.0,Working,Higher education,Separated,House / apartment,-12119,-1230,Managers,1,1,0
5125984,0.0,C,M,N,N,1,135000.0,Working,Secondary / secondary special,Married,House / apartment,-12546,-2539,Low-skill Laborers,3,2,1
5125985,0.0,0,M,N,N,1,135000.0,Working,Secondary / secondary special,Married,House / apartment,-12546,-2539,Low-skill Laborers,3,4,1
5125987,0.0,C,M,N,N,1,135000.0,Working,Secondary / secondary special,Married,House / apartment,-12546,-2539,Low-skill Laborers,3,2,1
5125992,0.0,X,F,N,Y,1,225000.0,Commercial associate,Higher education,Married,House / apartment,-11262,-1779,Waiters/barmen staff,3,3,1
5125993,0.0,X,F,N,Y,1,225000.0,Commercial associate,Higher education,Married,House / apartment,-11262,-1779,Waiters/barmen staff,3,3,1
5126001,0.0,0,M,Y,Y,2,171000.0,Working,Secondary / secondary special,Married,House / apartment,-13344,-1230,Core staff,4,4,1
5126003,0.0,0,M,Y,Y,2,171000.0,Working,Secondary / secondary special,Married,House / apartment,-13344,-1230,Core staff,4,4,1
5126007,0.0,C,M,Y,Y,2,171000.0,Working,Secondary / secondary special,Married,House / apartment,-13344,-1230,Core staff,4,2,1
5126010,0.0,C,F,N,Y,0,270000.0,State servant,Secondary / secondary special,Married,House / apartment,-20103,-1444,Waiters/barmen staff,2,1,0
5126011,0.0,C,F,N,Y,0,270000.0,State servant,Secondary / secondary special,Married,House / apartment,-20103,-1444,Waiters/barmen staff,2,1,0
5126013,0.0,0,F,N,Y,0,270000.0,State servant,Secondary / secondary special,Married,House / apartment,-20103,-1444,Waiters/barmen staff,2,1,0
5126014,0.0,C,F,N,Y,0,270000.0,State servant,Secondary / secondary special,Married,House / apartment,-20103,-1444,Waiters/barmen staff,2,1,0
5126015,0.0,0,F,N,N,1,112500.0,Working,Secondary / secondary special,Civil marriage,House / apartment,-14788,-2661,Core staff,3,4,1
5126016,0.0,C,F,N,N,1,112500.0,Working,Secondary / secondary special,Civil marriage,House / apartment,-14788,-2661,Core staff,3,4,1
5126020,0.0,C,F,N,N,1,112500.0,Working,Secondary / secondary special,Civil marriage,House / apartment,-14788,-2661,Core staff,3,4,1
5126021,0.0,X,F,N,N,1,112500.0,Working,Secondary / secondary special,Civil marriage,House / apartment,-14788,-2661,Core staff,3,4,1
5126022,0.0,C,F,N,N,1,112500.0,Working,Secondary / secondary special,Civil marriage,House / apartment,-14788,-2661,Core staff,3,4,1
5126023,0.0,X,M,N,Y,0,90000.0,Working,Secondary / secondary special,Single / not married,House / apartment,-8820,-834,Laborers,1,4,0
5126025,0.0,0,M,Y,N,0,306000.0,Working,Incomplete higher,Civil marriage,House / apartment,-11548,-1656,Laborers,2,4,2
5126026,0.0,0,M,Y,N,0,306000.0,Working,Incomplete higher,Civil marriage,House / apartment,-11548,-1656,Laborers,2,4,2
5126027,0.0,C,M,Y,N,0,306000.0,Working,Incomplete higher,Civil marriage,House / apartment,-11548,-1656,Laborers,2,2,2
5126028,0.0,0,F,Y,Y,0,108000.0,Working,Secondary / secondary special,Separated,House / apartment,-17171,-925,Cleaning staff,1,4,0
5126033,0.0,C,F,Y,Y,0,108000.0,Working,Secondary / secondary special,Separated,House / apartment,-17171,-925,Cleaning staff,1,2,0
5126034,0.0,C,F,Y,Y,0,108000.0,Working,Secondary / secondary special,Separated,House / apartment,-17171,-925,Cleaning staff,1,2,0
5126035,0.0,C,F,Y,Y,0,108000.0,Working,Secondary / secondary special,Separated,House / apartment,-17171,-925,Cleaning staff,1,2,0
5126036,0.0,X,F,Y,Y,0,108000.0,Working,Secondary / secondary special,Separated,House / apartment,-17171,-925,Cleaning staff,1,4,0
5126039,0.0,C,M,Y,Y,2,112500.0,Working,Secondary / secondary special,Married,House / apartment,-10034,-1840,Medicine staff,4,2,1
5126041,0.0,C,M,Y,Y,2,112500.0,Working,Secondary / secondary special,Married,House / apartment,-10034,-1840,Medicine staff,4,2,1
5126043,0.0,0,M,Y,Y,2,112500.0,Working,Secondary / secondary special,Married,House / apartment,-10034,-1840,Medicine staff,4,4,1
5126046,0.0,C,M,Y,Y,0,121500.0,Commercial associate,Secondary / secondary special,Married,House / apartment,-19258,-3605,Drivers,2,0,0
5126047,0.0,0,M,Y,Y,0,121500.0,Commercial associate,Secondary / secondary special,Married,House / apartment,-19258,-3605,Drivers,2,1,0
5126050,0.0,0,F,Y,N,1,67500.0,State servant,Higher education,Married,House / apartment,-13876,-5370,High skill tech staff,3,3,1
5126051,0.0,C,F,Y,N,1,67500.0,State servant,Higher education,Married,House / apartment,-13876,-5370,High skill tech staff,3,0,1
5126052,0.0,C,F,Y,N,1,67500.0,State servant,Higher education,Married,House / apartment,-13876,-5370,High skill tech staff,3,0,1
5126053,0.0,X,F,Y,N,1,67500.0,State servant,Higher education,Married,House / apartment,-13876,-5370,High skill tech staff,3,3,1
5126054,0.0,C,F,Y,N,1,67500.0,State servant,Higher education,Married,House / apartment,-13876,-5370,High skill tech staff,3,0,1
5126057,0.0,C,F,Y,N,1,67500.0,State servant,Higher education,Married,House / apartment,-13876,-5370,High skill tech staff,3,0,1
5126058,0.0,C,F,Y,N,1,67500.0,State servant,Higher education,Married,House / apartment,-13876,-5370,High skill tech staff,3,0,1
5126060,0.0,C,F,Y,N,1,67500.0,State servant,Higher education,Married,House / apartment,-13876,-5370,High skill tech staff,3,0,1
5126062,0.0,C,M,Y,Y,1,360000.0,Commercial associate,Incomplete higher,Married,House / apartment,-8780,-1534,Managers,3,0,2
5126064,0.0,C,F,N,Y,0,94500.0,State servant,Higher education,Separated,House / apartment,-18465,-1930,Laborers,1,3,0
5126065,0.0,C,F,N,Y,0,94500.0,State servant,Higher education,Separated,House / apartment,-18465,-1930,Laborers,1,3,0
5126069,0.0,0,M,Y,Y,0,450000.0,Commercial associate,Secondary / secondary special,Married,House / apartment,-21542,-5583,Managers,2,1,2
5126071,0.0,0,F,N,Y,2,157500.0,State servant,Secondary / secondary special,Married,House / apartment,-13910,-2478,Core staff,4,1,1
5126073,0.0,X,F,N,Y,0,225000.0,Commercial associate,Higher education,Civil marriage,House / apartment,-12756,-1169,Sales staff,2,3,0
5126074,0.0,C,F,N,Y,0,225000.0,Commercial associate,Higher education,Civil marriage,House / apartment,-12756,-1169,Sales staff,2,3,0
5126075,0.0,C,M,Y,Y,0,112500.0,Working,Secondary / secondary special,Married,House / apartment,-11133,-1991,Laborers,2,2,0
5126076,0.0,C,M,Y,Y,0,112500.0,Working,Secondary / secondary special,Married,House / apartment,-11133,-1991,Laborers,2,2,0
5126077,0.0,C,M,Y,Y,0,112500.0,Working,Secondary / secondary special,Married,House / apartment,-11133,-1991,Laborers,2,2,0
5126078,0.0,0,F,N,Y,1,112500.0,State servant,Secondary / secondary special,Married,House / apartment,-14887,-2599,Managers,3,1,1
5126079,0.0,C,F,N,Y,1,112500.0,State servant,Secondary / secondary special,Married,House / apartment,-14887,-2599,Managers,3,0,1
5126080,0.0,C,F,N,Y,1,112500.0,State servant,Secondary / secondary special,Married,House / apartment,-14887,-2599,Managers,3,0,1
5126083,0.0,X,F,N,Y,1,112500.0,State servant,Secondary / secondary special,Married,House / apartment,-14887,-2599,Managers,3,1,1
5126087,0.0,C,M,Y,Y,0,360000.0,Working,Higher education,Married,House / apartment,-18670,-5431,Managers,2,0,2
5126088,0.0,0,M,Y,Y,0,360000.0,Working,Higher education,Married,House / apartment,-18670,-5431,Managers,2,0,2
5126090,0.0,C,M,Y,Y,0,360000.0,Working,Higher education,Married,House / apartment,-18670,-5431,Managers,2,0,2
5126099,0.0,C,F,N,N,0,157500.0,Commercial associate,Secondary / secondary special,Married,House / apartment,-10425,-1534,Sales staff,2,1,0
5126105,0.0,C,F,N,Y,0,112500.0,State servant,Secondary / secondary special,Single / not married,House / apartment,-20577,-13010,Core staff,1,1,0
5126110,0.0,0,F,N,Y,0,90000.0,Working,Secondary / secondary special,Married,House / apartment,-12152,-379,Laborers,2,4,0
5126111,0.0,X,M,N,N,0,180000.0,Working,Lower secondary,Married,Office apartment,-16235,-4123,Managers,2,1,0
5126114,0.0,X,M,N,N,0,180000.0,Working,Lower secondary,Married,Office apartment,-16235,-4123,Managers,2,1,0
5126118,0.0,0,F,Y,N,0,360000.0,Commercial associate,Incomplete higher,Married,House / apartment,-16184,-1688,Managers,2,3,2
5126119,0.0,X,F,Y,N,0,360000.0,Commercial associate,Incomplete higher,Married,House / apartment,-16184,-1688,Managers,2,3,2
5126121,0.0,0,F,Y,N,0,72000.0,Working,Secondary / secondary special,Married,House / apartment,-15185,-227,Medicine staff,2,4,0
5126122,0.0,C,F,Y,N,0,72000.0,Working,Secondary / secondary special,Married,House / apartment,-15185,-227,Medicine staff,2,2,0
5126124,0.0,0,F,Y,N,0,72000.0,Working,Secondary / secondary special,Married,House / apartment,-15185,-227,Medicine staff,2,4,0
5126125,0.0,C,F,Y,N,0,72000.0,Working,Secondary / secondary special,Married,House / apartment,-15185,-227,Medicine staff,2,2,0
5126126,0.0,0,F,Y,N,0,72000.0,Working,Secondary / secondary special,Married,House / apartment,-15185,-227,Medicine staff,2,4,0
5126127,0.0,0,F,Y,N,0,72000.0,Working,Secondary / secondary special,Married,House / apartment,-15185,-227,Medicine staff,2,4,0
5126128,0.0,C,F,Y,N,0,72000.0,Working,Secondary / secondary special,Married,House / apartment,-15185,-227,Medicine staff,2,2,0
5126129,0.0,0,M,Y,N,2,202500.0,Working,Secondary / secondary special,Married,House / apartment,-15904,-3787,Laborers,4,2,1
5126130,0.0,0,M,Y,N,2,202500.0,Working,Secondary / secondary special,Married,House / apartment,-15904,-3787,Laborers,4,2,1
5126134,0.0,0,M,Y,N,2,202500.0,Working,Secondary / secondary special,Married,House / apartment,-15904,-3787,Laborers,4,2,1
5126135,0.0,0,M,Y,N,2,202500.0,Working,Secondary / secondary special,Married,House / apartment,-15904,-3787,Laborers,4,2,1
5126136,0.0,C,M,Y,N,2,202500.0,Working,Secondary / secondary special,Married,House / apartment,-15904,-3787,Laborers,4,2,1
5126137,0.0,C,M,Y,N,2,202500.0,Working,Secondary / secondary special,Married,House / apartment,-15904,-3787,Laborers,4,2,1
5126138,0.0,C,M,Y,N,2,202500.0,Working,Secondary / secondary special,Married,House / apartment,-15904,-3787,Laborers,4,2,1
5126142,0.0,C,M,Y,N,2,202500.0,Working,Secondary / secondary special,Married,House / apartment,-15904,-3787,Laborers,4,2,1
5126143,0.0,C,M,Y,N,2,202500.0,Working,Secondary / secondary special,Married,House / apartment,-15904,-3787,Laborers,4,2,1
5126144,0.0,0,M,Y,N,2,202500.0,Working,Secondary / secondary special,Married,House / apartment,-15904,-3787,Laborers,4,2,1
5126145,0.0,C,M,Y,N,2,202500.0,Working,Secondary / secondary special,Married,House / apartment,-15904,-3787,Laborers,4,2,1
5126147,0.0,0,M,Y,N,2,202500.0,Working,Secondary / secondary special,Married,House / apartment,-15904,-3787,Laborers,4,2,1
5126153,0.0,X,F,N,N,0,135000.0,Working,Secondary / secondary special,Widow,House / apartment,-15888,-500,Laborers,1,4,0
5126157,0.0,C,M,N,N,0,180000.0,Working,Secondary / secondary special,Married,House / apartment,-14362,-288,Laborers,2,2,0
5126158,0.0,0,M,N,N,0,180000.0,Working,Secondary / secondary special,Married,House / apartment,-14362,-288,Laborers,2,4,0
5126166,0.0,C,F,N,N,2,112500.0,Working,Secondary / secondary special,Married,Municipal apartment,-12461,-714,Medicine staff,4,2,1
5126167,0.0,C,F,N,N,2,112500.0,Working,Secondary / secondary special,Married,Municipal apartment,-12461,-714,Medicine staff,4,2,1
5126168,0.0,C,F,N,N,2,112500.0,Working,Secondary / secondary special,Married,Municipal apartment,-12461,-714,Medicine staff,4,2,1
5126169,0.0,C,F,N,N,2,112500.0,Working,Secondary / secondary special,Married,Municipal apartment,-12461,-714,Medicine staff,4,2,1
5126171,0.0,C,M,N,N,1,121500.0,Working,Secondary / secondary special,Married,House / apartment,-13413,-1323,Drivers,3,2,1
5126174,0.0,C,F,N,N,0,27000.0,Working,Higher education,Civil marriage,House / apartment,-14869,-5067,Managers,2,0,0
5126175,0.0,C,F,N,N,0,27000.0,Working,Higher education,Civil marriage,House / apartment,-14869,-5067,Managers,2,0,0
5126177,0.0,X,M,N,N,0,270000.0,Working,Higher education,Married,Rented apartment,-17300,-408,Managers,2,0,2
5126178,0.0,X,M,N,N,0,270000.0,Working,Higher education,Married,Rented apartment,-17300,-408,Managers,2,0,2
5126180,0.0,0,M,N,N,0,270000.0,Working,Higher education,Married,Rented apartment,-17300,-408,Managers,2,1,2
5126188,0.0,C,M,N,N,0,270000.0,Working,Secondary / secondary special,Civil marriage,House / apartment,-20770,-623,Cooking staff,2,2,0
5126193,0.0,0,M,N,N,0,270000.0,Working,Secondary / secondary special,Civil marriage,House / apartment,-20770,-623,Cooking staff,2,4,0
5126194,0.0,C,M,N,N,0,270000.0,Working,Secondary / secondary special,Civil marriage,House / apartment,-20770,-623,Cooking staff,2,2,0
5126195,0.0,C,M,N,N,0,270000.0,Working,Secondary / secondary special,Civil marriage,House / apartment,-20770,-623,Cooking staff,2,2,0
5126197,0.0,X,F,N,N,0,270000.0,State servant,Higher education,Married,House / apartment,-11451,-2206,Accountants,2,3,0
5126198,0.0,X,F,N,N,0,270000.0,State servant,Higher education,Married,House / apartment,-11451,-2206,Accountants,2,3,0
5126200,0.0,X,F,N,N,0,270000.0,State servant,Higher education,Married,House / apartment,-11451,-2206,Accountants,2,3,0
5126201,0.0,X,F,N,N,0,270000.0,State servant,Higher education,Married,House / apartment,-11451,-2206,Accountants,2,3,0
5126203,0.0,C,F,N,N,0,270000.0,State servant,Higher education,Married,House / apartment,-11451,-2206,Accountants,2,3,0
5126205,0.0,C,F,N,N,0,270000.0,State servant,Higher education,Married,House / apartment,-11451,-2206,Accountants,2,3,0
5126218,0.0,0,F,N,N,0,990000.0,State servant,Higher education,Married,House / apartment,-22635,-2357,Core staff,2,3,2
5126219,0.0,0,F,N,N,0,990000.0,State servant,Higher education,Married,House / apartment,-22635,-2357,Core staff,2,3,2
5126220,0.0,0,F,N,N,0,990000.0,State servant,Higher education,Married,House / apartment,-22635,-2357,Core staff,2,3,2
5126236,0.0,0,F,N,N,0,135000.0,Working,Higher education,Married,House / apartment,-16870,-957,Sales staff,2,1,0
5126238,0.0,C,F,N,N,0,216000.0,Working,Secondary / secondary special,Separated,House / apartment,-20062,-561,Cleaning staff,1,4,0
5126239,0.0,C,F,N,N,0,216000.0,Working,Secondary / secondary special,Separated,House / apartment,-20062,-561,Cleaning staff,1,4,0
5126240,0.0,C,F,N,N,0,216000.0,Working,Secondary / secondary special,Separated,House / apartment,-20062,-561,Cleaning staff,1,4,0
5126247,0.0,C,F,N,N,0,216000.0,Working,Secondary / secondary special,Separated,House / apartment,-20062,-561,Cleaning staff,1,4,0
5126248,0.0,C,F,N,N,0,216000.0,Working,Secondary / secondary special,Separated,House / apartment,-20062,-561,Cleaning staff,1,4,0
5126249,0.0,C,F,N,N,0,216000.0,Working,Secondary / secondary special,Separated,House / apartment,-20062,-561,Cleaning staff,1,4,0
5126252,0.0,C,F,N,N,0,216000.0,Working,Secondary / secondary special,Separated,House / apartment,-20062,-561,Cleaning staff,1,4,0
5126255,0.0,C,F,N,N,0,112500.0,Commercial associate,Secondary / secondary special,Married,House / apartment,-17892,-470,Sales staff,2,1,0
5126256,0.0,0,F,N,N,0,112500.0,Commercial associate,Secondary / secondary special,Married,House / apartment,-17892,-470,Sales staff,2,1,0
5126257,0.0,0,F,N,N,0,112500.0,Commercial associate,Secondary / secondary special,Married,House / apartment,-17892,-470,Sales staff,2,1,0
5126258,0.0,C,F,N,N,0,112500.0,Commercial associate,Secondary / secondary special,Married,House / apartment,-17892,-470,Sales staff,2,1,0
5126259,0.0,C,F,N,N,2,72000.0,Commercial associate,Secondary / secondary special,Married,House / apartment,-12417,-2265,Sales staff,4,1,1
5126260,0.0,0,F,N,N,2,72000.0,Commercial associate,Secondary / secondary special,Married,House / apartment,-12417,-2265,Sales staff,4,1,1
5126261,0.0,1,F,N,N,2,72000.0,Commercial associate,Secondary / secondary special,Married,House / apartment,-12417,-2265,Sales staff,4,1,0
5126262,0.0,C,F,N,N,2,72000.0,Commercial associate,Secondary / secondary special,Married,House / apartment,-12417,-2265,Sales staff,4,1,1
5126263,0.0,0,M,Y,N,2,157500.0,Working,Secondary / secondary special,Married,House / apartment,-9509,-2662,Drivers,4,2,1
5126268,0.0,C,M,Y,N,2,157500.0,Working,Secondary / secondary special,Married,House / apartment,-9509,-2662,Drivers,4,2,1
5126270,0.0,C,M,Y,N,2,157500.0,Working,Secondary / secondary special,Married,House / apartment,-9509,-2662,Drivers,4,2,1
5126271,0.0,C,F,N,N,0,67500.0,Commercial associate,Secondary / secondary special,Married,House / apartment,-17100,-5522,Sales staff,2,1,0
5126272,0.0,X,F,N,N,0,67500.0,Commercial associate,Secondary / secondary special,Married,House / apartment,-17100,-5522,Sales staff,2,1,0
5126281,0.0,0,M,N,N,0,135000.0,Working,Secondary / secondary special,Married,House / apartment,-13227,-500,Laborers,2,4,0
5126285,0.0,C,F,N,N,0,121500.0,Working,Secondary / secondary special,Single / not married,House / apartment,-11962,-380,Sales staff,1,4,0
5126286,0.0,C,M,N,N,0,225000.0,Working,Secondary / secondary special,Married,House / apartment,-21149,-11884,Laborers,2,2,0
5126289,0.0,C,M,N,N,0,225000.0,Working,Secondary / secondary special,Married,House / apartment,-21149,-11884,Laborers,2,2,0
5126290,0.0,C,M,N,N,0,225000.0,Working,Secondary / secondary special,Married,House / apartment,-21149,-11884,Laborers,2,2,0
5126291,0.0,0,M,N,N,0,225000.0,Working,Secondary / secondary special,Married,House / apartment,-21149,-11884,Laborers,2,4,0
5126292,0.0,C,M,N,N,0,225000.0,Working,Secondary / secondary special,Married,House / apartment,-21149,-11884,Laborers,2,2,0
5126293,0.0,C,M,N,N,0,225000.0,Working,Secondary / secondary special,Married,House / apartment,-21149,-11884,Laborers,2,2,0
5126294,0.0,C,M,N,N,0,225000.0,Working,Secondary / secondary special,Married,House / apartment,-21149,-11884,Laborers,2,2,0
5126298,0.0,0,F,N,N,0,112500.0,Working,Secondary / secondary special,Civil marriage,House / apartment,-15731,-4488,Accountants,2,4,0
5126299,0.0,C,F,N,N,0,112500.0,Working,Secondary / secondary special,Civil marriage,House / apartment,-15731,-4488,Accountants,2,4,0
5126301,0.0,C,F,N,N,0,270000.0,Commercial associate,Secondary / secondary special,Married,House / apartment,-19790,-653,Cooking staff,2,1,0
5126302,0.0,C,F,N,N,0,270000.0,Commercial associate,Secondary / secondary special,Married,House / apartment,-19790,-653,Cooking staff,2,1,0
5126303,0.0,C,F,N,N,0,270000.0,Commercial associate,Secondary / secondary special,Married,House / apartment,-19790,-653,Cooking staff,2,1,0
5126304,0.0,0,F,N,N,0,121500.0,Working,Higher education,Married,House / apartment,-9783,-1688,Core staff,2,1,0
5126305,0.0,0,F,N,N,0,121500.0,Working,Higher education,Married,House / apartment,-9783,-1688,Core staff,2,1,0
5126306,0.0,0,F,N,N,0,121500.0,Working,Higher education,Married,House / apartment,-9783,-1688,Core staff,2,1,0
5126308,0.0,0,F,N,N,0,112500.0,Working,Higher education,Single / not married,Co-op apartment,-12788,-531,Core staff,1,1,0
5126309,0.0,C,F,N,N,0,112500.0,Working,Higher education,Single / not married,Co-op apartment,-12788,-531,Core staff,1,3,0
5126310,0.0,0,F,N,N,0,112500.0,Working,Higher education,Single / not married,Co-op apartment,-12788,-531,Core staff,1,1,0
5126311,0.0,0,M,N,N,0,180000.0,Working,Incomplete higher,Civil marriage,With parents,-7705,-288,Core staff,2,1,0
5126314,0.0,C,M,Y,N,0,270000.0,Working,Secondary / secondary special,Civil marriage,House / apartment,-18402,-714,Core staff,2,2,0
5126315,0.0,C,M,Y,N,0,270000.0,Working,Secondary / secondary special,Civil marriage,House / apartment,-18402,-714,Core staff,2,2,0
5126317,0.0,X,F,N,N,0,270000.0,Working,Secondary / secondary special,Married,House / apartment,-17778,-1719,High skill tech staff,2,4,0
5126318,0.0,C,F,N,N,0,270000.0,Working,Secondary / secondary special,Married,House / apartment,-17778,-1719,High skill tech staff,2,2,0
5126320,0.0,C,F,N,N,0,270000.0,Working,Secondary / secondary special,Married,House / apartment,-17778,-1719,High skill tech staff,2,2,0
5126321,0.0,0,F,N,N,0,270000.0,Working,Secondary / secondary special,Married,House / apartment,-17778,-1719,High skill tech staff,2,4,0
5126322,0.0,C,F,N,N,0,270000.0,Working,Secondary / secondary special,Married,House / apartment,-17778,-1719,High skill tech staff,2,2,0
5126325,0.0,C,F,N,N,0,270000.0,Working,Secondary / secondary special,Married,House / apartment,-17778,-1719,High skill tech staff,2,2,0
5126327,0.0,C,F,N,N,0,157500.0,Commercial associate,Higher education,Married,House / apartment,-16856,-1262,Laborers,2,3,0
5126328,0.0,C,F,N,N,0,157500.0,Commercial associate,Higher education,Married,House / apartment,-16856,-1262,Laborers,2,3,0
5126329,0.0,C,F,N,N,0,157500.0,Commercial associate,Higher education,Married,House / apartment,-16856,-1262,Laborers,2,3,0
5126331,0.0,C,F,N,N,0,157500.0,Commercial associate,Higher education,Married,House / apartment,-16856,-1262,Laborers,2,3,0
5126332,0.0,C,F,N,N,0,157500.0,Commercial associate,Higher education,Married,House / apartment,-16856,-1262,Laborers,2,3,0
5126333,0.0,C,F,N,N,0,157500.0,Commercial associate,Higher education,Married,House / apartment,-16856,-1262,Laborers,2,3,0
5126334,0.0,C,F,N,N,0,157500.0,Commercial associate,Higher education,Married,House / apartment,-16856,-1262,Laborers,2,3,0
5126338,0.0,C,M,N,N,0,225000.0,Working,Higher education,Separated,House / apartment,-15734,-2996,Laborers,1,0,0
5126340,0.0,C,M,N,N,0,225000.0,Working,Higher education,Separated,House / apartment,-15734,-2996,Laborers,1,0,0
5126347,0.0,C,F,N,N,0,135000.0,Commercial associate,Secondary / secondary special,Married,House / apartment,-15218,-2265,Managers,2,1,0
5126349,0.0,C,F,N,N,0,135000.0,Commercial associate,Secondary / secondary special,Married,House / apartment,-15218,-2265,Managers,2,1,0
5126363,0.0,0,M,Y,N,1,180000.0,Working,Secondary / secondary special,Civil marriage,House / apartment,-20000,-7563,Drivers,3,4,1
5126365,0.0,0,F,N,N,0,135000.0,Working,Secondary / secondary special,Married,House / apartment,-13566,-1900,High skill tech staff,2,4,0
5126371,0.0,0,F,N,N,0,135000.0,Working,Secondary / secondary special,Married,House / apartment,-13566,-1900,High skill tech staff,2,4,0
5126372,0.0,X,F,N,N,0,135000.0,Working,Secondary / secondary special,Married,House / apartment,-13566,-1900,High skill tech staff,2,4,0
5126373,0.0,X,F,N,N,0,135000.0,Working,Secondary / secondary special,Married,House / apartment,-13566,-1900,High skill tech staff,2,4,0
5126374,0.0,C,F,N,N,0,135000.0,Working,Secondary / secondary special,Married,House / apartment,-13566,-1900,High skill tech staff,2,2,0
5126378,0.0,0,M,Y,N,0,180000.0,Working,Higher education,Married,House / apartment,-10472,-2996,Managers,2,0,0
5126379,0.0,C,M,Y,N,0,180000.0,Working,Higher education,Married,House / apartment,-10472,-2996,Managers,2,0,0
5126380,0.0,X,M,Y,N,0,180000.0,Working,Higher education,Married,House / apartment,-10472,-2996,Managers,2,0,0
5126381,0.0,C,M,Y,N,0,180000.0,Working,Higher education,Married,House / apartment,-10472,-2996,Managers,2,0,0
5126382,0.0,C,M,Y,N,0,180000.0,Working,Higher education,Married,House / apartment,-10472,-2996,Managers,2,0,0
5126383,0.0,C,M,Y,N,0,180000.0,Working,Higher education,Married,House / apartment,-10472,-2996,Managers,2,0,0
5126384,0.0,C,M,Y,N,0,180000.0,Working,Higher education,Married,House / apartment,-10472,-2996,Managers,2,0,0
5126385,0.0,C,M,Y,N,0,180000.0,Working,Higher education,Married,House / apartment,-10472,-2996,Managers,2,0,0
5126386,0.0,C,M,Y,N,0,180000.0,Working,Higher education,Married,House / apartment,-10472,-2996,Managers,2,0,0
5126416,0.0,X,F,N,N,0,162000.0,Commercial associate,Secondary / secondary special,Married,House / apartment,-13607,-4032,Core staff,2,1,0
5126420,0.0,C,F,N,N,0,162000.0,Commercial associate,Secondary / secondary special,Married,House / apartment,-13607,-4032,Core staff,2,1,0
5126421,0.0,X,F,N,N,0,162000.0,Commercial associate,Secondary / secondary special,Married,House / apartment,-13607,-4032,Core staff,2,1,0
5126428,0.0,C,M,N,N,0,180000.0,Working,Secondary / secondary special,Married,House / apartment,-13273,-1535,Security staff,2,2,0
5126429,0.0,0,M,N,N,0,180000.0,Working,Secondary / secondary special,Married,House / apartment,-13273,-1535,Security staff,2,4,0
5126432,0.0,C,M,Y,N,0,180000.0,Working,Secondary / secondary special,Married,House / apartment,-16898,-1018,Laborers,2,2,0
5126443,0.0,C,M,N,N,0,112500.0,Working,Secondary / secondary special,Married,House / apartment,-18964,-258,Laborers,2,2,0
5126452,0.0,0,M,Y,N,0,315000.0,Commercial associate,Higher education,Married,House / apartment,-13937,-4853,Managers,2,3,2
5126454,0.0,0,M,Y,N,0,315000.0,Commercial associate,Higher education,Married,House / apartment,-13937,-4853,Managers,2,3,2
5126456,0.0,X,F,N,N,0,94500.0,Working,Higher education,Married,House / apartment,-16825,-196,Security staff,2,1,0
5126457,0.0,0,F,N,N,0,94500.0,Working,Higher education,Married,House / apartment,-16825,-196,Security staff,2,1,0
5126459,0.0,0,M,Y,N,0,135000.0,Working,Secondary / secondary special,Married,House / apartment,-14262,-1869,Drivers,2,2,0
5126461,0.0,0,F,N,N,0,157500.0,Commercial associate,Secondary / secondary special,Married,Municipal apartment,-10914,-1323,Sales staff,2,1,0
5126462,0.0,1,F,Y,N,0,112500.0,Commercial associate,Secondary / secondary special,Separated,House / apartment,-17641,-10454,Medicine staff,1,1,0
5126463,0.0,5,F,Y,N,0,112500.0,Commercial associate,Secondary / secondary special,Separated,House / apartment,-17641,-10454,Medicine staff,1,1,0
5126467,0.0,0,M,Y,N,0,157500.0,Working,Secondary / secondary special,Married,House / apartment,-15679,-3667,Sales staff,2,4,0
5126468,0.0,C,M,Y,N,0,157500.0,Working,Secondary / secondary special,Married,House / apartment,-15679,-3667,Sales staff,2,2,0
5126476,0.0,C,F,N,N,0,76500.0,State servant,Secondary / secondary special,Civil marriage,House / apartment,-17308,-6224,Medicine staff,2,1,0
5126478,0.0,C,F,N,N,0,76500.0,State servant,Secondary / secondary special,Civil marriage,House / apartment,-17308,-6224,Medicine staff,2,1,0
5126483,0.0,X,M,N,N,0,270000.0,Working,Secondary / secondary special,Married,House / apartment,-15730,-7259,Laborers,2,2,2
5126484,0.0,C,F,N,N,0,76500.0,Working,Secondary / secondary special,Widow,House / apartment,-19709,-3271,Sales staff,1,4,0
5126485,0.0,X,F,N,N,0,76500.0,Working,Secondary / secondary special,Widow,House / apartment,-19709,-3271,Sales staff,1,4,0
5126486,0.0,X,F,N,N,0,76500.0,Working,Secondary / secondary special,Widow,House / apartment,-19709,-3271,Sales staff,1,4,0
5126487,0.0,0,F,N,N,0,76500.0,Working,Secondary / secondary special,Widow,House / apartment,-19709,-3271,Sales staff,1,4,0
5126488,0.0,0,F,N,N,0,76500.0,Working,Secondary / secondary special,Widow,House / apartment,-19709,-3271,Sales staff,1,4,0
5126494,0.0,X,F,Y,N,0,202500.0,Commercial associate,Higher education,Single / not married,House / apartment,-9364,-1201,Core staff,1,3,0
5126506,0.0,X,F,Y,N,0,270000.0,Working,Secondary / secondary special,Married,House / apartment,-13909,-6740,High skill tech staff,2,4,2
5126508,0.0,C,F,N,N,0,112500.0,State servant,Secondary / secondary special,Single / not married,House / apartment,-19087,-5828,Security staff,1,1,0
5126509,0.0,1,F,N,N,0,112500.0,State servant,Secondary / secondary special,Single / not married,House / apartment,-19087,-5828,Security staff,1,1,0
5126510,0.0,C,F,N,N,0,112500.0,State servant,Secondary / secondary special,Single / not married,House / apartment,-19087,-5828,Security staff,1,1,0
5126511,0.0,0,F,N,N,0,112500.0,State servant,Secondary / secondary special,Single / not married,House / apartment,-19087,-5828,Security staff,1,1,0
5126512,0.0,C,F,N,N,0,112500.0,State servant,Secondary / secondary special,Single / not married,House / apartment,-19087,-5828,Security staff,1,1,0
5126513,0.0,C,F,N,N,0,112500.0,State servant,Secondary / secondary special,Single / not married,House / apartment,-19087,-5828,Security staff,1,1,0
5126518,0.0,C,M,Y,N,0,157500.0,Working,Higher education,Married,House / apartment,-20516,-2265,Laborers,2,0,0
5126520,0.0,C,M,Y,N,0,157500.0,Working,Higher education,Married,House / apartment,-20516,-2265,Laborers,2,0,0
5126521,0.0,C,M,Y,N,0,157500.0,Working,Higher education,Married,House / apartment,-20516,-2265,Laborers,2,0,0
5126522,0.0,C,M,Y,N,0,157500.0,Working,Higher education,Married,House / apartment,-20516,-2265,Laborers,2,0,0
5126523,0.0,C,M,Y,N,0,157500.0,Working,Higher education,Married,House / apartment,-20516,-2265,Laborers,2,0,0
5126528,0.0,0,F,N,N,0,225000.0,State servant,Secondary / secondary special,Married,With parents,-12269,-196,Medicine staff,2,1,0
5126529,0.0,C,F,N,N,0,225000.0,State servant,Secondary / secondary special,Married,With parents,-12269,-196,Medicine staff,2,1,0
5126530,0.0,C,F,N,N,0,225000.0,State servant,Secondary / secondary special,Married,With parents,-12269,-196,Medicine staff,2,1,0
5126536,0.0,C,F,Y,N,0,112500.0,Working,Secondary / secondary special,Married,House / apartment,-10238,-3453,Laborers,2,2,0
5126537,0.0,C,F,Y,N,0,112500.0,Working,Secondary / secondary special,Married,House / apartment,-10238,-3453,Laborers,2,2,0
5126538,0.0,C,F,Y,N,0,112500.0,Working,Secondary / secondary special,Married,House / apartment,-10238,-3453,Laborers,2,2,0
5126540,0.0,C,F,Y,N,0,112500.0,Working,Secondary / secondary special,Married,House / apartment,-10238,-3453,Laborers,2,2,0
5126541,0.0,C,F,Y,N,0,112500.0,Working,Secondary / secondary special,Married,House / apartment,-10238,-3453,Laborers,2,2,0
5126542,0.0,C,F,Y,N,0,112500.0,Working,Secondary / secondary special,Married,House / apartment,-10238,-3453,Laborers,2,2,0
5126543,0.0,C,F,Y,N,0,112500.0,Working,Secondary / secondary special,Married,House / apartment,-10238,-3453,Laborers,2,2,0
5126544,0.0,C,F,Y,N,1,225000.0,Commercial associate,Secondary / secondary special,Single / not married,House / apartment,-12713,-1810,Private service staff,2,1,0
5126545,0.0,C,F,Y,N,1,225000.0,Commercial associate,Secondary / secondary special,Single / not married,House / apartment,-12713,-1810,Private service staff,2,1,0
5126547,0.0,X,F,Y,N,2,135000.0,State servant,Higher education,Married,House / apartment,-13495,-2357,Core staff,4,3,1
5126548,0.0,0,F,Y,N,2,135000.0,State servant,Higher education,Married,House / apartment,-13495,-2357,Core staff,4,3,1
5126552,0.0,0,F,Y,N,2,135000.0,State servant,Higher education,Married,House / apartment,-13495,-2357,Core staff,4,3,1
5126553,0.0,C,F,Y,N,2,135000.0,State servant,Higher education,Married,House / apartment,-13495,-2357,Core staff,4,0,1
5126554,0.0,0,F,N,N,1,157500.0,Working,Secondary / secondary special,Married,House / apartment,-9517,-1810,Laborers,3,4,1
5126555,0.0,0,F,N,N,1,157500.0,Working,Secondary / secondary special,Married,House / apartment,-9517,-1810,Laborers,3,4,1
5126558,0.0,0,F,N,N,0,450000.0,Working,Higher education,Married,House / apartment,-11082,-3361,Sales staff,2,1,2
5126560,0.0,0,F,N,N,0,450000.0,Working,Higher education,Married,House / apartment,-11082,-3361,Sales staff,2,1,2
5126561,0.0,0,F,N,N,0,450000.0,Working,Higher education,Married,House / apartment,-11082,-3361,Sales staff,2,1,2
5126562,0.0,C,F,N,N,0,450000.0,Working,Higher education,Married,House / apartment,-11082,-3361,Sales staff,2,0,2
5126565,0.0,C,F,Y,N,0,675000.0,Commercial associate,Higher education,Single / not married,House / apartment,-16500,-1535,Managers,1,3,2
5126566,0.0,X,F,Y,N,0,675000.0,Commercial associate,Higher education,Single / not married,House / apartment,-16500,-1535,Managers,1,3,2
5126570,0.0,X,M,N,N,0,270000.0,Commercial associate,Secondary / secondary special,Married,House / apartment,-16842,-9389,Laborers,2,1,2
5126572,0.0,0,M,N,N,0,270000.0,Commercial associate,Secondary / secondary special,Married,House / apartment,-16842,-9389,Laborers,2,4,2
5126573,0.0,C,M,N,N,0,270000.0,Commercial associate,Secondary / secondary special,Married,House / apartment,-16842,-9389,Laborers,2,2,2
5126574,0.0,X,M,N,N,0,270000.0,Commercial associate,Secondary / secondary special,Married,House / apartment,-16842,-9389,Laborers,2,1,2
5126576,0.0,0,M,Y,N,0,202500.0,Working,Lower secondary,Married,Rented apartment,-14727,-865,Laborers,2,2,0
5126578,0.0,X,M,Y,N,0,202500.0,Working,Lower secondary,Married,Rented apartment,-14727,-865,Laborers,2,2,0
5126588,0.0,0,F,Y,N,0,135000.0,Working,Secondary / secondary special,Married,House / apartment,-20493,-7624,Managers,2,4,0
5126589,0.0,C,F,Y,N,0,135000.0,Working,Secondary / secondary special,Married,House / apartment,-20493,-7624,Managers,2,2,0
5126590,0.0,C,F,Y,N,0,135000.0,Working,Secondary / secondary special,Married,House / apartment,-20493,-7624,Managers,2,2,0
5126594,0.0,C,F,Y,N,0,135000.0,Working,Secondary / secondary special,Married,House / apartment,-20493,-7624,Managers,2,2,0
5126602,0.0,C,F,N,N,0,157500.0,Commercial associate,Higher education,Civil marriage,House / apartment,-10193,-105,Accountants,2,3,0
5126604,0.0,C,F,N,N,0,157500.0,Commercial associate,Higher education,Civil marriage,House / apartment,-10193,-105,Accountants,2,3,0
5126605,0.0,C,F,N,N,0,157500.0,Commercial associate,Higher education,Civil marriage,House / apartment,-10193,-105,Accountants,2,3,0
5126606,0.0,0,F,N,N,0,157500.0,Commercial associate,Higher education,Civil marriage,House / apartment,-10193,-105,Accountants,2,3,0
5126607,0.0,C,F,N,N,0,157500.0,Commercial associate,Higher education,Civil marriage,House / apartment,-10193,-105,Accountants,2,3,0
5126608,0.0,C,F,N,N,0,157500.0,Commercial associate,Higher education,Civil marriage,House / apartment,-10193,-105,Accountants,2,3,0
5126610,0.0,X,M,N,N,0,247500.0,Working,Secondary / secondary special,Single / not married,House / apartment,-8343,-135,Laborers,1,4,0
5126622,0.0,C,F,N,N,0,67500.0,State servant,Secondary / secondary special,Married,Co-op apartment,-18221,-7471,High skill tech staff,2,1,0
5126623,0.0,C,F,N,N,0,67500.0,State servant,Secondary / secondary special,Married,Co-op apartment,-18221,-7471,High skill tech staff,2,1,0
5126624,0.0,C,F,N,N,0,67500.0,State servant,Secondary / secondary special,Married,Co-op apartment,-18221,-7471,High skill tech staff,2,1,0
5126633,0.0,X,M,Y,Y,0,225000.0,Working,Higher education,Married,House / apartment,-22718,-1049,Security staff,2,0,0
5126647,0.0,C,F,N,Y,1,166500.0,Commercial associate,Higher education,Married,House / apartment,-9193,-804,Sales staff,3,3,1
5126664,0.0,0,F,N,Y,0,351000.0,State servant,Secondary / secondary special,Single / not married,House / apartment,-17435,-4184,Medicine staff,1,1,2
5126665,0.0,0,F,N,Y,0,351000.0,State servant,Secondary / secondary special,Single / not married,House / apartment,-17435,-4184,Medicine staff,1,1,2
5126666,0.0,0,F,N,Y,0,351000.0,State servant,Secondary / secondary special,Single / not married,House / apartment,-17435,-4184,Medicine staff,1,1,2
5126667,0.0,X,F,N,Y,0,351000.0,State servant,Secondary / secondary special,Single / not married,House / apartment,-17435,-4184,Medicine staff,1,1,2
5126670,0.0,0,F,N,Y,0,351000.0,State servant,Secondary / secondary special,Single / not married,House / apartment,-17435,-4184,Medicine staff,1,1,2
5126672,0.0,C,F,Y,Y,0,157500.0,Commercial associate,Secondary / secondary special,Single / not married,House / apartment,-18806,-319,Sales staff,1,1,0
5126673,0.0,C,F,Y,Y,0,157500.0,Commercial associate,Secondary / secondary special,Single / not married,House / apartment,-18806,-319,Sales staff,1,1,0
5126678,0.0,C,F,Y,Y,0,157500.0,Commercial associate,Secondary / secondary special,Single / not married,House / apartment,-18806,-319,Sales staff,1,1,0
5126692,0.0,1,F,N,N,0,292500.0,Working,Secondary / secondary special,Separated,Municipal apartment,-10360,-3210,Managers,1,1,0
5126709,0.0,C,M,N,Y,1,157500.0,Working,Secondary / secondary special,Married,Office apartment,-11318,-3330,Managers,3,2,1
5126713,0.0,C,M,N,Y,1,157500.0,Working,Secondary / secondary special,Married,Office apartment,-11318,-3330,Managers,3,2,1
5126714,0.0,0,M,N,Y,1,157500.0,Working,Secondary / secondary special,Married,Office apartment,-11318,-3330,Managers,3,4,1
5126715,0.0,C,M,N,Y,1,157500.0,Working,Secondary / secondary special,Married,Office apartment,-11318,-3330,Managers,3,2,1
5126724,0.0,C,F,N,Y,2,112500.0,Working,Secondary / secondary special,Civil marriage,House / apartment,-13552,-2418,Sales staff,4,4,1
5126725,0.0,X,F,N,Y,2,112500.0,Working,Secondary / secondary special,Civil marriage,House / apartment,-13552,-2418,Sales staff,4,4,1
5126726,0.0,C,F,N,Y,2,112500.0,Working,Secondary / secondary special,Civil marriage,House / apartment,-13552,-2418,Sales staff,4,4,1
5126735,0.0,C,M,N,Y,0,229500.0,Working,Secondary / secondary special,Single / not married,House / apartment,-16481,-1292,Drivers,1,2,0
5126736,0.0,0,M,N,Y,0,229500.0,Working,Secondary / secondary special,Single / not married,House / apartment,-16481,-1292,Drivers,1,4,0
5126737,0.0,0,M,N,Y,0,229500.0,Working,Secondary / secondary special,Single / not married,House / apartment,-16481,-1292,Drivers,1,4,0
5126743,0.0,C,F,N,N,0,135000.0,Working,Lower secondary,Married,Rented apartment,-19019,-43,Laborers,2,2,0
5126756,0.0,X,M,Y,Y,2,292500.0,Working,Secondary / secondary special,Married,House / apartment,-8782,-1018,Laborers,4,2,1
5126757,0.0,X,M,Y,Y,2,292500.0,Working,Secondary / secondary special,Married,House / apartment,-8782,-1018,Laborers,4,2,1
5126758,0.0,X,M,Y,Y,2,292500.0,Working,Secondary / secondary special,Married,House / apartment,-8782,-1018,Laborers,4,2,1
5126759,0.0,C,F,N,N,1,225000.0,Working,Secondary / secondary special,Married,House / apartment,-11100,-3118,Accountants,3,2,1
5126760,0.0,C,F,N,N,1,225000.0,Working,Secondary / secondary special,Married,House / apartment,-11100,-3118,Accountants,3,2,1
5126761,0.0,C,F,Y,Y,1,355500.0,Commercial associate,Secondary / secondary special,Married,House / apartment,-15220,-288,Core staff,3,0,2
5126762,0.0,C,F,Y,Y,1,355500.0,Commercial associate,Secondary / secondary special,Married,House / apartment,-15220,-288,Core staff,3,0,2
5126764,0.0,C,F,Y,Y,1,355500.0,Commercial associate,Secondary / secondary special,Married,House / apartment,-15220,-288,Core staff,3,0,2
5126765,0.0,0,F,Y,Y,1,355500.0,Commercial associate,Secondary / secondary special,Married,House / apartment,-15220,-288,Core staff,3,1,2
5126766,0.0,C,F,Y,Y,1,355500.0,Commercial associate,Secondary / secondary special,Married,House / apartment,-15220,-288,Core staff,3,0,2
5126768,0.0,C,F,Y,Y,1,355500.0,Commercial associate,Secondary / secondary special,Married,House / apartment,-15220,-288,Core staff,3,0,2
5126772,0.0,0,F,N,Y,1,112500.0,Working,Secondary / secondary special,Separated,House / apartment,-17992,-9419,Laborers,2,4,0
5126773,0.0,0,F,N,Y,1,112500.0,Working,Secondary / secondary special,Separated,House / apartment,-17992,-9419,Laborers,2,4,0
5126778,0.0,C,F,N,Y,1,112500.0,Working,Secondary / secondary special,Separated,House / apartment,-17992,-9419,Laborers,2,2,0
5126779,0.0,C,F,N,Y,1,112500.0,Working,Secondary / secondary special,Separated,House / apartment,-17992,-9419,Laborers,2,2,0
5126780,0.0,C,F,N,Y,1,112500.0,Working,Secondary / secondary special,Separated,House / apartment,-17992,-9419,Laborers,2,2,0
5126804,0.0,C,M,N,Y,0,157500.0,Commercial associate,Higher education,Single / not married,House / apartment,-9941,-319,Low-skill Laborers,1,3,0
5126805,0.0,C,M,N,Y,0,157500.0,Commercial associate,Higher education,Single / not married,House / apartment,-9941,-319,Low-skill Laborers,1,3,0
5126811,0.0,C,M,N,Y,1,157500.0,Commercial associate,Secondary / secondary special,Married,House / apartment,-10676,-2326,Laborers,3,2,1
5126813,0.0,0,M,N,Y,1,157500.0,Commercial associate,Secondary / secondary special,Married,House / apartment,-10676,-2326,Laborers,3,1,1
5126814,0.0,C,M,N,Y,1,157500.0,Commercial associate,Secondary / secondary special,Married,House / apartment,-10676,-2326,Laborers,3,2,1
5126818,0.0,0,M,N,Y,1,157500.0,Commercial associate,Secondary / secondary special,Married,House / apartment,-10676,-2326,Laborers,3,1,1
5126821,0.0,C,F,N,N,1,157500.0,Working,Secondary / secondary special,Civil marriage,With parents,-11680,-3695,Sales staff,3,4,1
5126822,0.0,C,F,N,N,1,157500.0,Working,Secondary / secondary special,Civil marriage,With parents,-11680,-3695,Sales staff,3,4,1
5126825,0.0,0,F,N,N,1,157500.0,Working,Secondary / secondary special,Civil marriage,With parents,-11680,-3695,Sales staff,3,4,1
5126826,0.0,C,F,N,N,1,157500.0,Working,Secondary / secondary special,Civil marriage,With parents,-11680,-3695,Sales staff,3,4,1
5126827,0.0,C,F,N,N,1,157500.0,Working,Secondary / secondary special,Civil marriage,With parents,-11680,-3695,Sales staff,3,4,1
5126833,0.0,C,F,N,Y,1,90000.0,Working,Secondary / secondary special,Civil marriage,House / apartment,-11508,-1170,Cooking staff,3,4,1
5126834,0.0,C,M,N,Y,0,135000.0,Commercial associate,Secondary / secondary special,Married,House / apartment,-19924,-4822,Drivers,2,0,0
5126836,0.0,X,M,N,Y,0,135000.0,Commercial associate,Secondary / secondary special,Married,House / apartment,-19924,-4822,Drivers,2,1,0
5126837,0.0,0,F,N,Y,0,157500.0,Working,Secondary / secondary special,Married,House / apartment,-19718,-1292,Cooking staff,2,4,0
5126846,0.0,C,F,N,Y,0,135000.0,Working,Secondary / secondary special,Married,House / apartment,-20323,-1749,Laborers,2,2,0
5126848,0.0,X,F,N,Y,0,135000.0,Working,Secondary / secondary special,Married,House / apartment,-20323,-1749,Laborers,2,4,0
5126849,0.0,C,M,Y,Y,1,270000.0,Commercial associate,Secondary / secondary special,Married,House / apartment,-12415,-3667,Core staff,3,0,1
5126851,0.0,C,M,Y,Y,1,270000.0,Commercial associate,Secondary / secondary special,Married,House / apartment,-12415,-3667,Core staff,3,0,1
5126852,0.0,C,M,Y,Y,1,270000.0,Commercial associate,Secondary / secondary special,Married,House / apartment,-12415,-3667,Core staff,3,0,1
5126853,0.0,X,M,N,N,0,135000.0,Working,Secondary / secondary special,Married,House / apartment,-20986,-1262,Laborers,2,2,0
5132240,0.0,C,F,Y,Y,0,180000.0,Working,Incomplete higher,Single / not married,House / apartment,-9782,-1715,Drivers,1,0,0
5132259,0.0,C,F,N,N,0,144000.0,Working,Secondary / secondary special,Married,House / apartment,-15743,-2052,Laborers,2,2,0
5132260,0.0,C,F,N,N,0,144000.0,Working,Secondary / secondary special,Married,House / apartment,-15743,-2052,Laborers,2,2,0
5132261,0.0,C,F,N,N,0,144000.0,Working,Secondary / secondary special,Married,House / apartment,-15743,-2052,Laborers,2,2,0
5132262,0.0,0,F,N,N,0,144000.0,Working,Secondary / secondary special,Married,House / apartment,-15743,-2052,Laborers,2,4,0
5132292,0.0,0,F,N,Y,0,247500.0,Commercial associate,Secondary / secondary special,Civil marriage,House / apartment,-21440,-4060,Sales staff,2,1,0
5132299,0.0,C,M,Y,Y,0,184500.0,Working,Secondary / secondary special,Married,House / apartment,-12298,-1200,Drivers,2,2,0
5132300,0.0,C,M,Y,Y,0,184500.0,Working,Secondary / secondary special,Married,House / apartment,-12298,-1200,Drivers,2,2,0
5132306,0.0,C,M,Y,Y,0,184500.0,Working,Secondary / secondary special,Married,House / apartment,-12298,-1200,Drivers,2,2,0
5132308,0.0,0,F,N,Y,2,90000.0,Working,Secondary / secondary special,Separated,House / apartment,-13593,-4699,Laborers,3,4,1
5132336,0.0,0,F,N,Y,0,180000.0,Working,Higher education,Married,House / apartment,-17033,-1534,Sales staff,2,1,0
5132354,0.0,C,F,N,Y,1,135000.0,Working,Higher education,Married,House / apartment,-13599,-530,High skill tech staff,3,0,1
5132403,0.0,0,F,Y,Y,0,112500.0,Working,Secondary / secondary special,Widow,House / apartment,-21209,-834,Cleaning staff,1,4,0
5132410,0.0,C,F,Y,Y,0,292500.0,Commercial associate,Higher education,Married,House / apartment,-18409,-3482,Sales staff,2,3,2
5132411,0.0,C,F,Y,Y,0,292500.0,Commercial associate,Higher education,Married,House / apartment,-18409,-3482,Sales staff,2,3,2
5132412,0.0,C,F,Y,Y,0,292500.0,Commercial associate,Higher education,Married,House / apartment,-18409,-3482,Sales staff,2,3,2
5132413,0.0,C,F,Y,Y,0,292500.0,Commercial associate,Higher education,Married,House / apartment,-18409,-3482,Sales staff,2,3,2
5132415,0.0,C,F,Y,Y,0,292500.0,Commercial associate,Higher education,Married,House / apartment,-18409,-3482,Sales staff,2,3,2
5132421,0.0,C,F,Y,Y,0,292500.0,Commercial associate,Higher education,Married,House / apartment,-18409,-3482,Sales staff,2,3,2
5132422,0.0,C,F,Y,Y,0,292500.0,Commercial associate,Higher education,Married,House / apartment,-18409,-3482,Sales staff,2,3,2
5132440,0.0,C,F,N,Y,1,315000.0,Working,Secondary / secondary special,Married,House / apartment,-16901,-956,High skill tech staff,3,2,2
5132465,0.0,C,M,Y,Y,0,135000.0,Working,Secondary / secondary special,Civil marriage,Rented apartment,-11041,-864,Drivers,2,2,0
5132466,0.0,X,M,N,Y,1,135000.0,Working,Secondary / secondary special,Married,House / apartment,-10417,-1169,Laborers,3,2,1
5132467,0.0,X,M,N,Y,1,135000.0,Working,Secondary / secondary special,Married,House / apartment,-10417,-1169,Laborers,3,2,1
5132572,0.0,X,F,N,Y,1,112500.0,Commercial associate,Secondary / secondary special,Civil marriage,House / apartment,-14934,-1350,Sales staff,3,1,1
5132618,0.0,0,F,Y,Y,3,225000.0,Commercial associate,Secondary / secondary special,Married,House / apartment,-13968,-2508,Sales staff,5,1,1
5132623,0.0,C,M,Y,Y,1,292500.0,Commercial associate,Higher education,Married,House / apartment,-10398,-742,Core staff,3,0,1
5132634,0.0,0,F,N,Y,0,202500.0,Working,Higher education,Married,House / apartment,-12831,-803,Accountants,2,1,0
5132661,0.0,X,F,Y,Y,1,135000.0,Commercial associate,Higher education,Civil marriage,House / apartment,-11062,-134,Accountants,3,3,1
5132664,0.0,0,F,N,Y,2,54000.0,Commercial associate,Higher education,Married,House / apartment,-13091,-316,Sales staff,4,3,1
5132665,0.0,0,F,N,Y,2,54000.0,Commercial associate,Higher education,Married,House / apartment,-13091,-316,Sales staff,4,3,1
5132666,0.0,0,F,N,Y,2,54000.0,Commercial associate,Higher education,Married,House / apartment,-13091,-316,Sales staff,4,3,1
5132673,0.0,C,M,Y,Y,1,225000.0,Working,Secondary / secondary special,Married,House / apartment,-10035,-1108,Sales staff,3,2,1
5132674,0.0,C,M,Y,Y,1,225000.0,Working,Secondary / secondary special,Married,House / apartment,-10035,-1108,Sales staff,3,2,1
5132677,0.0,0,F,N,Y,0,67500.0,Working,Secondary / secondary special,Married,House / apartment,-19766,-5764,Medicine staff,2,4,0
5132680,0.0,0,F,N,Y,0,67500.0,Working,Secondary / secondary special,Married,House / apartment,-19766,-5764,Medicine staff,2,4,0
5132681,0.0,0,F,N,Y,0,67500.0,Working,Secondary / secondary special,Married,House / apartment,-19766,-5764,Medicine staff,2,4,0
5132683,0.0,0,F,N,Y,0,67500.0,Working,Secondary / secondary special,Married,House / apartment,-19766,-5764,Medicine staff,2,4,0
5132698,0.0,0,M,N,Y,0,157500.0,Working,Secondary / secondary special,Married,House / apartment,-12644,-2811,Laborers,2,4,0
5132699,0.0,0,M,N,Y,0,157500.0,Working,Secondary / secondary special,Married,House / apartment,-12644,-2811,Laborers,2,4,0
5132705,0.0,X,F,N,Y,0,157500.0,Commercial associate,Secondary / secondary special,Widow,House / apartment,-16873,-1626,Core staff,1,1,0
5132730,0.0,0,F,N,Y,3,135000.0,Commercial associate,Secondary / secondary special,Married,House / apartment,-12855,-772,Sales staff,5,1,1
5132732,0.0,C,F,N,Y,3,135000.0,Commercial associate,Secondary / secondary special,Married,House / apartment,-12855,-772,Sales staff,5,1,1
5132740,0.0,0,M,N,Y,1,81000.0,Working,Secondary / secondary special,Married,House / apartment,-16055,-3664,Laborers,3,4,1
5132751,0.0,0,F,Y,N,0,225000.0,Commercial associate,Higher education,Married,With parents,-11828,-165,Accountants,2,3,0
5132767,0.0,0,F,N,Y,2,202500.0,State servant,Secondary / secondary special,Married,Co-op apartment,-14032,-1777,High skill tech staff,4,1,1
5132770,0.0,C,M,N,Y,2,135000.0,Commercial associate,Secondary / secondary special,Married,House / apartment,-12418,-226,Laborers,4,2,1
5132777,0.0,C,M,N,Y,2,135000.0,Commercial associate,Secondary / secondary special,Married,House / apartment,-12418,-226,Laborers,4,2,1
5132778,0.0,C,M,N,Y,2,135000.0,Commercial associate,Secondary / secondary special,Married,House / apartment,-12418,-226,Laborers,4,2,1
5132785,0.0,0,M,Y,Y,0,112500.0,Working,Secondary / secondary special,Single / not married,House / apartment,-8854,-195,Laborers,1,4,0
5132800,0.0,X,F,N,Y,0,157500.0,Working,Secondary / secondary special,Separated,House / apartment,-18540,-1534,Sales staff,1,4,0
5132823,0.0,X,M,Y,Y,1,225000.0,Commercial associate,Secondary / secondary special,Married,House / apartment,-11294,-1077,Managers,3,1,1
5132824,0.0,0,M,Y,Y,1,225000.0,Commercial associate,Secondary / secondary special,Married,House / apartment,-11294,-1077,Managers,3,1,1
5132833,0.0,0,M,Y,N,0,220500.0,Working,Secondary / secondary special,Married,House / apartment,-22647,-3847,Laborers,2,2,0
5132843,0.0,C,F,Y,Y,0,126000.0,Working,Lower secondary,Married,With parents,-11719,-285,Core staff,2,0,0
5132847,0.0,0,F,N,Y,0,112500.0,State servant,Secondary / secondary special,Married,House / apartment,-17493,-3694,Medicine staff,2,1,0
5132921,0.0,X,M,N,Y,0,157500.0,Working,Secondary / secondary special,Married,House / apartment,-11053,-1626,Laborers,2,2,0
5132922,0.0,X,M,N,Y,0,157500.0,Working,Secondary / secondary special,Married,House / apartment,-11053,-1626,Laborers,2,2,0
5132961,0.0,0,F,N,Y,1,157500.0,State servant,Secondary / secondary special,Single / not married,House / apartment,-12676,-1350,Waiters/barmen staff,2,1,0
5132962,0.0,0,F,N,Y,1,157500.0,State servant,Secondary / secondary special,Single / not married,House / apartment,-12676,-1350,Waiters/barmen staff,2,1,0
5132963,0.0,X,F,N,Y,1,157500.0,State servant,Secondary / secondary special,Single / not married,House / apartment,-12676,-1350,Waiters/barmen staff,2,1,0
5132967,0.0,X,F,Y,Y,0,67500.0,State servant,Higher education,Civil marriage,House / apartment,-11954,-560,Core staff,2,3,0
5132975,0.0,0,F,N,Y,2,112500.0,Working,Secondary / secondary special,Married,House / apartment,-14608,-1261,Sales staff,4,4,1
5135250,0.0,0,M,Y,Y,1,225000.0,Working,Higher education,Single / not married,House / apartment,-10320,-249,Laborers,2,1,0
5135251,0.0,0,M,Y,Y,1,225000.0,Working,Higher education,Single / not married,House / apartment,-10320,-249,Laborers,2,1,0
5135267,0.0,C,M,Y,N,0,162000.0,Working,Secondary / secondary special,Married,House / apartment,-15585,-221,Drivers,2,2,0
5135310,0.0,0,F,N,N,1,225000.0,Commercial associate,Secondary / secondary special,Civil marriage,House / apartment,-14765,-3294,Core staff,3,1,1
5135343,0.0,0,F,Y,Y,0,225000.0,Working,Higher education,Married,House / apartment,-16393,-2959,Accountants,2,1,0
5135344,0.0,5,M,N,Y,0,112500.0,Commercial associate,Higher education,Married,House / apartment,-20103,-555,Security staff,2,1,0
5135346,0.0,5,M,N,Y,0,112500.0,Commercial associate,Higher education,Married,House / apartment,-20103,-555,Security staff,2,1,0
5135347,0.0,0,F,Y,Y,0,112500.0,Working,Higher education,Married,House / apartment,-14369,-402,Core staff,2,1,0
5135361,0.0,0,F,Y,Y,0,112500.0,State servant,Secondary / secondary special,Married,House / apartment,-15014,-1011,Cooking staff,2,1,0
5135378,0.0,C,F,N,Y,0,387000.0,Commercial associate,Secondary / secondary special,Married,House / apartment,-20082,-4979,Sales staff,2,1,2
5135379,0.0,C,F,N,Y,0,387000.0,Commercial associate,Secondary / secondary special,Married,House / apartment,-20082,-4979,Sales staff,2,1,2
5135382,0.0,C,F,N,Y,0,387000.0,Commercial associate,Secondary / secondary special,Married,House / apartment,-20082,-4979,Sales staff,2,1,2
5135383,0.0,C,F,N,Y,0,387000.0,Commercial associate,Secondary / secondary special,Married,House / apartment,-20082,-4979,Sales staff,2,1,2
5135384,0.0,C,F,N,Y,0,387000.0,Commercial associate,Secondary / secondary special,Married,House / apartment,-20082,-4979,Sales staff,2,1,2
5135385,0.0,C,F,N,Y,0,387000.0,Commercial associate,Secondary / secondary special,Married,House / apartment,-20082,-4979,Sales staff,2,1,2
5135386,0.0,C,F,N,Y,0,387000.0,Commercial associate,Secondary / secondary special,Married,House / apartment,-20082,-4979,Sales staff,2,1,2
5135426,0.0,0,M,Y,N,2,234000.0,State servant,Secondary / secondary special,Married,House / apartment,-10293,-3243,Laborers,4,4,1
5135428,0.0,0,M,Y,N,2,234000.0,State servant,Secondary / secondary special,Married,House / apartment,-10293,-3243,Laborers,4,4,1
5135429,0.0,C,M,Y,N,2,234000.0,State servant,Secondary / secondary special,Married,House / apartment,-10293,-3243,Laborers,4,2,1
5135433,0.0,0,M,Y,N,2,234000.0,State servant,Secondary / secondary special,Married,House / apartment,-10293,-3243,Laborers,4,4,1
5135434,0.0,0,M,Y,N,2,234000.0,State servant,Secondary / secondary special,Married,House / apartment,-10293,-3243,Laborers,4,4,1
5135437,0.0,C,M,N,Y,0,315000.0,Working,Higher education,Married,House / apartment,-13910,-1935,Laborers,2,0,2
5135438,0.0,C,M,N,Y,0,315000.0,Working,Higher education,Married,House / apartment,-13910,-1935,Laborers,2,0,2
5135440,0.0,C,M,N,Y,0,315000.0,Working,Higher education,Married,House / apartment,-13910,-1935,Laborers,2,0,2
5135446,0.0,C,F,N,Y,1,225000.0,Working,Secondary / secondary special,Married,With parents,-10035,-170,Cleaning staff,3,2,1
5135448,0.0,C,F,N,Y,1,225000.0,Working,Secondary / secondary special,Married,With parents,-10035,-170,Cleaning staff,3,2,1
5135449,0.0,0,F,N,Y,1,225000.0,Working,Secondary / secondary special,Married,With parents,-10035,-170,Cleaning staff,3,4,1
5135450,0.0,0,F,N,Y,1,225000.0,Working,Secondary / secondary special,Married,With parents,-10035,-170,Cleaning staff,3,4,1
5135451,0.0,C,F,N,Y,1,225000.0,Working,Secondary / secondary special,Married,With parents,-10035,-170,Cleaning staff,3,2,1
5135452,0.0,C,F,N,Y,1,225000.0,Working,Secondary / secondary special,Married,With parents,-10035,-170,Cleaning staff,3,2,1
5135453,0.0,C,F,N,Y,1,225000.0,Working,Secondary / secondary special,Married,With parents,-10035,-170,Cleaning staff,3,2,1
5135456,0.0,C,F,N,Y,0,225000.0,Working,Secondary / secondary special,Separated,House / apartment,-16991,-231,Laborers,1,2,0
5135459,0.0,0,M,Y,Y,0,162000.0,Working,Secondary / secondary special,Married,House / apartment,-13218,-78,Laborers,2,2,0
5135465,0.0,C,F,N,Y,0,180000.0,Working,Secondary / secondary special,Married,House / apartment,-19881,-7718,Secretaries,2,2,0
5135466,0.0,C,F,N,Y,0,180000.0,Working,Secondary / secondary special,Married,House / apartment,-19881,-7718,Secretaries,2,2,0
5135467,0.0,C,F,N,Y,0,180000.0,Working,Secondary / secondary special,Married,House / apartment,-19881,-7718,Secretaries,2,2,0
5135468,0.0,C,F,N,Y,0,180000.0,Working,Secondary / secondary special,Married,House / apartment,-19881,-7718,Secretaries,2,2,0
5135471,0.0,C,F,N,Y,0,180000.0,Working,Secondary / secondary special,Married,House / apartment,-19881,-7718,Secretaries,2,2,0
5135472,0.0,C,F,N,Y,0,180000.0,Working,Secondary / secondary special,Married,House / apartment,-19881,-7718,Secretaries,2,2,0
5135473,0.0,0,F,N,Y,0,180000.0,Working,Secondary / secondary special,Married,House / apartment,-19881,-7718,Secretaries,2,4,0
5135474,0.0,0,F,N,Y,0,180000.0,Working,Secondary / secondary special,Married,House / apartment,-19881,-7718,Secretaries,2,4,0
5135479,0.0,0,F,N,N,2,121500.0,Working,Secondary / secondary special,Married,With parents,-10006,-413,Medicine staff,4,4,1
5135481,0.0,C,F,N,N,2,121500.0,Working,Secondary / secondary special,Married,With parents,-10006,-413,Medicine staff,4,2,1
5135482,0.0,0,F,N,N,2,121500.0,Working,Secondary / secondary special,Married,With parents,-10006,-413,Medicine staff,4,4,1
5135486,0.0,0,F,N,Y,0,135000.0,State servant,Higher education,Single / not married,Municipal apartment,-10660,-1935,Core staff,1,3,0
5135489,0.0,C,M,Y,Y,2,225000.0,Working,Secondary / secondary special,Married,House / apartment,-10380,-3396,Laborers,4,2,1
5135490,0.0,C,M,Y,Y,2,225000.0,Working,Secondary / secondary special,Married,House / apartment,-10380,-3396,Laborers,4,2,1
5135491,0.0,C,M,Y,Y,2,225000.0,Working,Secondary / secondary special,Married,House / apartment,-10380,-3396,Laborers,4,2,1
5135494,0.0,C,M,Y,Y,2,225000.0,Working,Secondary / secondary special,Married,House / apartment,-10380,-3396,Laborers,4,2,1
5135496,0.0,C,M,Y,Y,2,225000.0,Working,Secondary / secondary special,Married,House / apartment,-10380,-3396,Laborers,4,2,1
5135497,0.0,C,M,Y,Y,2,225000.0,Working,Secondary / secondary special,Married,House / apartment,-10380,-3396,Laborers,4,2,1
5135501,0.0,0,F,Y,Y,0,202500.0,Working,Higher education,Single / not married,House / apartment,-17979,-1782,Laborers,1,1,0
5135502,0.0,0,F,Y,Y,0,202500.0,Working,Higher education,Single / not married,House / apartment,-17979,-1782,Laborers,1,1,0
5135503,0.0,X,F,Y,Y,0,202500.0,Working,Higher education,Single / not married,House / apartment,-17979,-1782,Laborers,1,1,0
5135504,0.0,X,F,N,Y,1,112500.0,Working,Secondary / secondary special,Civil marriage,House / apartment,-10124,-1358,Laborers,3,4,1
5135506,0.0,X,F,N,Y,1,112500.0,Working,Secondary / secondary special,Civil marriage,House / apartment,-10124,-1358,Laborers,3,4,1
5135507,0.0,X,F,N,Y,1,112500.0,Working,Secondary / secondary special,Civil marriage,House / apartment,-10124,-1358,Laborers,3,4,1
5135509,0.0,X,F,N,Y,1,252000.0,State servant,Higher education,Married,House / apartment,-12300,-3853,Core staff,3,3,1
5135510,0.0,C,F,N,Y,1,252000.0,State servant,Higher education,Married,House / apartment,-12300,-3853,Core staff,3,3,1
5135511,0.0,0,F,N,Y,1,252000.0,State servant,Higher education,Married,House / apartment,-12300,-3853,Core staff,3,3,1
5135512,0.0,C,F,Y,N,0,202500.0,Working,Secondary / secondary special,Married,House / apartment,-14909,-8083,Medicine staff,2,2,0
5135513,0.0,C,F,Y,N,0,202500.0,Working,Secondary / secondary special,Married,House / apartment,-14909,-8083,Medicine staff,2,2,0
5135515,0.0,C,F,Y,N,0,202500.0,Working,Secondary / secondary special,Married,House / apartment,-14909,-8083,Medicine staff,2,2,0
5135516,0.0,C,F,Y,N,0,202500.0,Working,Secondary / secondary special,Married,House / apartment,-14909,-8083,Medicine staff,2,2,0
5135517,0.0,C,F,Y,N,0,202500.0,Working,Secondary / secondary special,Married,House / apartment,-14909,-8083,Medicine staff,2,2,0
5135520,0.0,C,F,Y,N,0,202500.0,Working,Secondary / secondary special,Married,House / apartment,-14909,-8083,Medicine staff,2,2,0
5135521,0.0,C,F,Y,N,0,202500.0,Working,Secondary / secondary special,Married,House / apartment,-14909,-8083,Medicine staff,2,2,0
5135531,0.0,C,M,Y,Y,0,225000.0,Working,Secondary / secondary special,Separated,House / apartment,-13867,-1751,Drivers,1,2,0
5135532,0.0,C,M,Y,Y,0,225000.0,Working,Secondary / secondary special,Separated,House / apartment,-13867,-1751,Drivers,1,2,0
5135538,0.0,X,M,Y,Y,5,202500.0,Working,Secondary / secondary special,Married,Co-op apartment,-11384,-2727,Managers,7,2,1
5135541,0.0,X,M,Y,Y,5,202500.0,Working,Secondary / secondary special,Married,Co-op apartment,-11384,-2727,Managers,7,2,1
5135544,0.0,0,F,N,Y,0,225000.0,Working,Secondary / secondary special,Married,House / apartment,-20705,-443,Cleaning staff,2,4,0
5135547,0.0,X,M,N,Y,0,180000.0,Working,Secondary / secondary special,Single / not married,House / apartment,-13695,-1052,Laborers,1,4,0
5135549,0.0,0,F,N,Y,0,135000.0,Commercial associate,Higher education,Single / not married,House / apartment,-11375,-1236,Sales staff,1,3,0
5135550,0.0,0,F,N,Y,0,135000.0,Commercial associate,Higher education,Single / not married,House / apartment,-11375,-1236,Sales staff,1,3,0
5135551,0.0,0,F,N,Y,0,135000.0,Commercial associate,Higher education,Single / not married,House / apartment,-11375,-1236,Sales staff,1,3,0
5135552,0.0,0,F,N,Y,0,135000.0,Commercial associate,Higher education,Single / not married,House / apartment,-11375,-1236,Sales staff,1,3,0
5135553,0.0,0,F,N,Y,0,135000.0,Commercial associate,Higher education,Single / not married,House / apartment,-11375,-1236,Sales staff,1,3,0
5135554,0.0,X,F,N,Y,0,135000.0,Commercial associate,Higher education,Single / not married,House / apartment,-11375,-1236,Sales staff,1,3,0
5135556,0.0,0,F,N,Y,0,135000.0,Commercial associate,Higher education,Single / not married,House / apartment,-11375,-1236,Sales staff,1,3,0
5135557,0.0,0,F,N,Y,0,135000.0,Commercial associate,Higher education,Single / not married,House / apartment,-11375,-1236,Sales staff,1,3,0
5135559,0.0,0,F,N,Y,0,180000.0,Working,Higher education,Married,House / apartment,-14083,-7049,Core staff,2,1,0
5135562,0.0,0,F,N,Y,0,121500.0,State servant,Higher education,Married,House / apartment,-9175,-2300,Secretaries,2,3,0
5135565,0.0,0,F,N,Y,1,337500.0,Commercial associate,Secondary / secondary special,Married,House / apartment,-14840,-1539,Sales staff,3,1,2
5135569,0.0,0,F,N,Y,1,140850.0,Commercial associate,Secondary / secondary special,Married,House / apartment,-10855,-321,Sales staff,3,1,1
5135571,0.0,C,F,Y,Y,0,225000.0,Working,Secondary / secondary special,Married,House / apartment,-17522,-1751,High skill tech staff,2,2,0
5135572,0.0,C,F,Y,Y,0,225000.0,Working,Secondary / secondary special,Married,House / apartment,-17522,-1751,High skill tech staff,2,2,0
5135575,0.0,0,F,Y,Y,0,180000.0,Working,Secondary / secondary special,Married,House / apartment,-11749,-992,Medicine staff,2,4,0
5135580,0.0,X,F,N,Y,0,112500.0,Working,Secondary / secondary special,Married,House / apartment,-13137,-2392,Waiters/barmen staff,2,4,0
5135582,0.0,0,F,N,Y,0,112500.0,Working,Secondary / secondary special,Married,House / apartment,-13137,-2392,Waiters/barmen staff,2,4,0
5135585,0.0,C,M,Y,Y,2,265500.0,Working,Higher education,Married,House / apartment,-11630,-1904,Laborers,4,0,1
5135586,0.0,C,M,Y,Y,2,265500.0,Working,Higher education,Married,House / apartment,-11630,-1904,Laborers,4,0,1
5135588,0.0,0,M,Y,Y,2,265500.0,Working,Higher education,Married,House / apartment,-11630,-1904,Laborers,4,0,1
5135589,0.0,C,M,Y,Y,2,265500.0,Working,Higher education,Married,House / apartment,-11630,-1904,Laborers,4,0,1
5135590,0.0,0,M,Y,Y,2,265500.0,Working,Higher education,Married,House / apartment,-11630,-1904,Laborers,4,0,1
5135595,0.0,C,F,Y,Y,1,126000.0,Working,Secondary / secondary special,Civil marriage,House / apartment,-13173,-1083,Sales staff,3,2,1
5135596,0.0,0,F,N,Y,0,126000.0,Commercial associate,Secondary / secondary special,Separated,House / apartment,-18374,-3822,Sales staff,1,1,0
5135597,0.0,C,F,N,Y,0,126000.0,Commercial associate,Secondary / secondary special,Separated,House / apartment,-18374,-3822,Sales staff,1,1,0
5135600,0.0,C,M,N,Y,0,135000.0,Commercial associate,Secondary / secondary special,Married,With parents,-8866,-566,Cooking staff,2,0,0
5135610,0.0,0,M,Y,N,0,270000.0,Commercial associate,Secondary / secondary special,Married,House / apartment,-16197,-3000,Drivers,2,1,2
5135612,0.0,C,M,Y,N,0,270000.0,Commercial associate,Secondary / secondary special,Married,House / apartment,-16197,-3000,Drivers,2,0,2
5135613,0.0,0,M,Y,N,0,270000.0,Commercial associate,Secondary / secondary special,Married,House / apartment,-16197,-3000,Drivers,2,1,2
5135614,0.0,C,F,Y,Y,0,112500.0,Working,Secondary / secondary special,Separated,House / apartment,-16914,-1386,Sales staff,1,2,0
5135615,0.0,C,F,Y,Y,0,112500.0,Working,Secondary / secondary special,Separated,House / apartment,-16914,-1386,Sales staff,1,2,0
5135616,0.0,C,M,N,Y,0,90000.0,Working,Secondary / secondary special,Single / not married,House / apartment,-15198,-474,Low-skill Laborers,1,2,0
5135617,0.0,C,M,N,Y,0,90000.0,Working,Secondary / secondary special,Single / not married,House / apartment,-15198,-474,Low-skill Laborers,1,2,0
5135618,0.0,C,M,N,Y,0,90000.0,Working,Secondary / secondary special,Single / not married,House / apartment,-15198,-474,Low-skill Laborers,1,2,0
5135619,0.0,C,M,N,Y,0,90000.0,Working,Secondary / secondary special,Single / not married,House / apartment,-15198,-474,Low-skill Laborers,1,2,0
5135620,0.0,X,M,Y,Y,0,225000.0,Working,Secondary / secondary special,Single / not married,With parents,-15563,-3184,Drivers,1,4,0
5135621,0.0,0,M,Y,Y,0,225000.0,Working,Secondary / secondary special,Single / not married,With parents,-15563,-3184,Drivers,1,4,0
5135622,0.0,0,F,N,Y,0,112500.0,Working,Secondary / secondary special,Civil marriage,House / apartment,-15867,-2088,Sales staff,2,4,0
5135623,0.0,0,F,N,Y,0,112500.0,Working,Secondary / secondary special,Civil marriage,House / apartment,-15867,-2088,Sales staff,2,4,0
5135624,0.0,X,F,N,Y,1,157500.0,Working,Incomplete higher,Single / not married,With parents,-11496,-382,Core staff,2,1,0
5135625,0.0,X,F,N,Y,1,157500.0,Working,Incomplete higher,Single / not married,With parents,-11496,-382,Core staff,2,1,0
5135634,0.0,C,M,Y,Y,0,180000.0,Working,Secondary / secondary special,Married,House / apartment,-19200,-1570,Drivers,2,2,0
5135635,0.0,0,M,Y,Y,0,180000.0,Working,Secondary / secondary special,Married,House / apartment,-19200,-1570,Drivers,2,2,0
5135636,0.0,5,M,Y,Y,0,195750.0,Working,Secondary / secondary special,Married,House / apartment,-18836,-931,Laborers,2,1,0
5135637,0.0,C,M,Y,Y,0,195750.0,Working,Secondary / secondary special,Married,House / apartment,-18836,-931,Laborers,2,2,0
5135640,0.0,0,M,N,N,0,180000.0,Working,Secondary / secondary special,Single / not married,Office apartment,-16743,-808,Laborers,1,4,0
5135642,0.0,C,F,N,Y,1,112500.0,Working,Secondary / secondary special,Married,House / apartment,-15213,-109,Laborers,3,2,1
5135643,0.0,0,F,N,Y,1,112500.0,Working,Secondary / secondary special,Married,House / apartment,-15213,-109,Laborers,3,4,1
5135644,0.0,0,M,Y,Y,0,360000.0,Working,Secondary / secondary special,Married,House / apartment,-14537,-3914,Drivers,2,2,2
5135646,0.0,C,F,N,Y,0,270000.0,Commercial associate,Secondary / secondary special,Married,House / apartment,-16922,-1386,Realty agents,2,1,0
5135647,0.0,0,F,N,Y,0,270000.0,Commercial associate,Secondary / secondary special,Married,House / apartment,-16922,-1386,Realty agents,2,1,0
5135649,0.0,0,F,N,Y,0,270000.0,Commercial associate,Secondary / secondary special,Married,House / apartment,-16922,-1386,Realty agents,2,1,0
5135652,0.0,0,F,N,Y,0,270000.0,Commercial associate,Secondary / secondary special,Married,House / apartment,-16922,-1386,Realty agents,2,1,0
5135654,0.0,C,F,Y,Y,1,225000.0,Commercial associate,Higher education,Married,House / apartment,-11241,-1327,Laborers,3,0,1
5135656,0.0,1,F,Y,Y,1,225000.0,Commercial associate,Higher education,Married,House / apartment,-11241,-1327,Laborers,3,1,0
5135658,0.0,C,F,Y,Y,1,225000.0,Commercial associate,Higher education,Married,House / apartment,-11241,-1327,Laborers,3,0,1
5135666,0.0,C,F,N,Y,0,216000.0,Commercial associate,Secondary / secondary special,Married,House / apartment,-17644,-7840,Laborers,2,1,0
5135669,0.0,C,F,N,Y,0,216000.0,Commercial associate,Secondary / secondary special,Married,House / apartment,-17644,-7840,Laborers,2,1,0
5135672,0.0,C,F,N,Y,0,216000.0,Commercial associate,Secondary / secondary special,Married,House / apartment,-17644,-7840,Laborers,2,1,0
5135679,0.0,0,F,Y,Y,1,184500.0,Commercial associate,Secondary / secondary special,Married,House / apartment,-15921,-1448,Managers,3,1,1
5135680,0.0,0,F,Y,Y,1,184500.0,Commercial associate,Secondary / secondary special,Married,House / apartment,-15921,-1448,Managers,3,1,1
5135686,0.0,0,F,N,Y,0,292500.0,Working,Higher education,Married,House / apartment,-13577,-1266,Accountants,2,1,2
5135688,0.0,C,F,N,Y,0,292500.0,Working,Higher education,Married,House / apartment,-13577,-1266,Accountants,2,0,2
5135689,0.0,X,F,N,Y,0,292500.0,Working,Higher education,Married,House / apartment,-13577,-1266,Accountants,2,1,2
5135690,0.0,X,F,N,Y,0,292500.0,Working,Higher education,Married,House / apartment,-13577,-1266,Accountants,2,1,2
5135691,0.0,1,M,Y,N,0,225000.0,Working,Incomplete higher,Civil marriage,House / apartment,-10659,-413,Security staff,2,1,0
5135692,0.0,X,F,N,Y,0,180000.0,Working,Higher education,Married,House / apartment,-16000,-2758,Sales staff,2,1,0
5135700,0.0,C,F,N,N,0,135000.0,Working,Secondary / secondary special,Married,House / apartment,-11004,-1570,Private service staff,2,2,0
5135702,0.0,0,F,N,N,0,135000.0,Working,Secondary / secondary special,Married,House / apartment,-11004,-1570,Private service staff,2,4,0
5135704,0.0,0,F,N,N,0,135000.0,Working,Secondary / secondary special,Married,House / apartment,-11004,-1570,Private service staff,2,4,0
5135705,0.0,X,F,N,N,0,135000.0,Working,Secondary / secondary special,Married,House / apartment,-11004,-1570,Private service staff,2,4,0
5135706,0.0,C,M,Y,Y,0,225000.0,Working,Higher education,Married,House / apartment,-20891,-413,Security staff,2,0,0
5135707,0.0,0,M,Y,Y,0,225000.0,Working,Higher education,Married,House / apartment,-20891,-413,Security staff,2,0,0
5135708,0.0,0,M,Y,Y,0,225000.0,Working,Higher education,Married,House / apartment,-20891,-413,Security staff,2,0,0
5135725,0.0,0,F,N,Y,1,112500.0,Working,Secondary / secondary special,Widow,House / apartment,-14199,-2970,Private service staff,2,4,0
5135727,0.0,0,F,N,Y,1,112500.0,Working,Secondary / secondary special,Widow,House / apartment,-14199,-2970,Private service staff,2,4,0
5135728,0.0,0,F,N,Y,1,112500.0,Working,Secondary / secondary special,Widow,House / apartment,-14199,-2970,Private service staff,2,4,0
5135730,0.0,C,F,N,Y,1,112500.0,Working,Secondary / secondary special,Widow,House / apartment,-14199,-2970,Private service staff,2,4,0
5135732,0.0,X,M,N,Y,2,112500.0,Working,Secondary / secondary special,Married,House / apartment,-11964,-4280,Laborers,4,2,1
5135733,0.0,X,M,N,Y,2,112500.0,Working,Secondary / secondary special,Married,House / apartment,-11964,-4280,Laborers,4,2,1
5135744,0.0,X,M,N,Y,2,112500.0,Working,Secondary / secondary special,Married,House / apartment,-11964,-4280,Laborers,4,2,1
5135745,0.0,X,M,N,Y,2,112500.0,Working,Secondary / secondary special,Married,House / apartment,-11964,-4280,Laborers,4,2,1
5135746,0.0,C,M,N,Y,2,112500.0,Working,Secondary / secondary special,Married,House / apartment,-11964,-4280,Laborers,4,2,1
5135747,0.0,C,M,N,Y,2,112500.0,Working,Secondary / secondary special,Married,House / apartment,-11964,-4280,Laborers,4,2,1
5135748,0.0,C,M,N,Y,2,112500.0,Working,Secondary / secondary special,Married,House / apartment,-11964,-4280,Laborers,4,2,1
5135749,0.0,C,M,N,Y,2,112500.0,Working,Secondary / secondary special,Married,House / apartment,-11964,-4280,Laborers,4,2,1
5135750,0.0,0,F,N,N,0,117000.0,State servant,Secondary / secondary special,Single / not married,House / apartment,-8852,-870,HR staff,1,1,0
5135751,0.0,0,F,N,N,0,117000.0,State servant,Secondary / secondary special,Single / not married,House / apartment,-8852,-870,HR staff,1,1,0
5135752,0.0,C,F,N,N,0,117000.0,State servant,Secondary / secondary special,Single / not married,House / apartment,-8852,-870,HR staff,1,1,0
5135766,0.0,X,F,N,Y,0,135000.0,Working,Secondary / secondary special,Married,House / apartment,-21481,-201,High skill tech staff,2,4,0
5135769,0.0,C,F,N,Y,1,180000.0,Commercial associate,Secondary / secondary special,Married,House / apartment,-13837,-1386,Laborers,3,1,1
5135772,0.0,X,F,N,Y,1,108000.0,Commercial associate,Higher education,Married,House / apartment,-13877,-1021,Accountants,3,3,1
5135776,0.0,C,F,Y,Y,1,135000.0,Working,Secondary / secondary special,Married,Rented apartment,-15428,-1723,Accountants,3,2,1
5135777,0.0,C,M,Y,Y,0,157500.0,Commercial associate,Secondary / secondary special,Single / not married,House / apartment,-14823,-961,Drivers,1,0,0
5135778,0.0,C,M,Y,Y,0,157500.0,Commercial associate,Secondary / secondary special,Single / not married,House / apartment,-14823,-961,Drivers,1,0,0
5135779,0.0,C,F,N,Y,0,126000.0,Working,Secondary / secondary special,Married,House / apartment,-23844,-2147,Accountants,2,2,0
5135780,0.0,C,F,N,Y,0,126000.0,Working,Secondary / secondary special,Married,House / apartment,-23844,-2147,Accountants,2,2,0
5135783,0.0,C,F,N,Y,0,126000.0,Working,Secondary / secondary special,Married,House / apartment,-23844,-2147,Accountants,2,2,0
5135786,0.0,C,F,N,Y,0,126000.0,Working,Secondary / secondary special,Married,House / apartment,-23844,-2147,Accountants,2,2,0
5135788,0.0,0,F,N,Y,0,126000.0,Working,Secondary / secondary special,Married,House / apartment,-23844,-2147,Accountants,2,4,0
5135792,0.0,C,F,N,Y,0,90000.0,Working,Secondary / secondary special,Separated,House / apartment,-15093,-1843,Sales staff,1,4,0
5135795,0.0,X,F,N,Y,0,90000.0,Working,Higher education,Married,House / apartment,-11510,-140,Medicine staff,2,1,0
5135797,0.0,X,F,N,Y,0,90000.0,Working,Higher education,Married,House / apartment,-11510,-140,Medicine staff,2,1,0
5135798,0.0,X,F,N,Y,1,90000.0,Commercial associate,Higher education,Married,House / apartment,-9600,-686,Core staff,3,3,1
5135799,0.0,X,F,N,Y,1,90000.0,Commercial associate,Higher education,Married,House / apartment,-9600,-686,Core staff,3,3,1
5135805,0.0,X,F,N,Y,0,90000.0,Commercial associate,Secondary / secondary special,Married,House / apartment,-19482,-2878,Laborers,2,1,0
5135808,0.0,X,F,N,Y,0,90000.0,Commercial associate,Secondary / secondary special,Married,House / apartment,-19482,-2878,Laborers,2,1,0
5135810,0.0,X,F,N,Y,0,90000.0,Commercial associate,Secondary / secondary special,Married,House / apartment,-19482,-2878,Laborers,2,1,0
5135811,0.0,C,F,N,Y,0,90000.0,Commercial associate,Secondary / secondary special,Married,House / apartment,-19482,-2878,Laborers,2,1,0
5135815,0.0,C,F,N,Y,0,90000.0,Commercial associate,Secondary / secondary special,Married,House / apartment,-19482,-2878,Laborers,2,1,0
5135818,0.0,C,F,N,Y,0,90000.0,Commercial associate,Secondary / secondary special,Married,House / apartment,-19482,-2878,Laborers,2,1,0
5135820,0.0,C,F,N,Y,0,90000.0,Commercial associate,Secondary / secondary special,Married,House / apartment,-19482,-2878,Laborers,2,1,0
5135821,0.0,C,F,N,Y,0,90000.0,Commercial associate,Secondary / secondary special,Married,House / apartment,-19482,-2878,Laborers,2,1,0
5135823,0.0,C,F,N,Y,0,90000.0,Commercial associate,Secondary / secondary special,Married,House / apartment,-19482,-2878,Laborers,2,1,0
5135824,0.0,C,F,N,Y,0,90000.0,Commercial associate,Secondary / secondary special,Married,House / apartment,-19482,-2878,Laborers,2,1,0
5135825,0.0,C,F,N,Y,0,90000.0,Commercial associate,Secondary / secondary special,Married,House / apartment,-19482,-2878,Laborers,2,1,0
5135826,0.0,0,F,N,Y,0,90000.0,Commercial associate,Secondary / secondary special,Married,House / apartment,-19482,-2878,Laborers,2,1,0
5135827,0.0,0,F,N,Y,0,90000.0,Commercial associate,Secondary / secondary special,Married,House / apartment,-19482,-2878,Laborers,2,1,0
5135828,0.0,C,F,N,Y,0,180000.0,Commercial associate,Secondary / secondary special,Civil marriage,House / apartment,-18713,-3549,Sales staff,2,1,0
5135829,0.0,C,F,N,Y,0,180000.0,Commercial associate,Secondary / secondary special,Civil marriage,House / apartment,-18713,-3549,Sales staff,2,1,0
5135843,0.0,0,F,N,Y,1,180000.0,Commercial associate,Secondary / secondary special,Married,House / apartment,-16234,-6075,Laborers,3,1,1
5135844,0.0,0,F,N,Y,1,180000.0,Commercial associate,Secondary / secondary special,Married,House / apartment,-16234,-6075,Laborers,3,1,1
5135846,0.0,0,F,N,Y,1,180000.0,Commercial associate,Secondary / secondary special,Married,House / apartment,-16234,-6075,Laborers,3,1,1
5135850,0.0,0,F,N,Y,1,180000.0,Commercial associate,Secondary / secondary special,Married,House / apartment,-16234,-6075,Laborers,3,1,1
5135851,0.0,C,F,N,Y,1,180000.0,Commercial associate,Secondary / secondary special,Married,House / apartment,-16234,-6075,Laborers,3,1,1
5135857,0.0,C,F,N,Y,1,180000.0,Commercial associate,Secondary / secondary special,Married,House / apartment,-16234,-6075,Laborers,3,1,1
5135858,0.0,0,F,N,Y,1,180000.0,Commercial associate,Secondary / secondary special,Married,House / apartment,-16234,-6075,Laborers,3,1,1
5135864,0.0,C,F,N,Y,2,67500.0,Working,Secondary / secondary special,Married,House / apartment,-12226,-596,Sales staff,4,2,1
5135865,0.0,C,F,N,Y,2,67500.0,Working,Secondary / secondary special,Married,House / apartment,-12226,-596,Sales staff,4,2,1
5135867,0.0,X,M,Y,Y,0,270000.0,Commercial associate,Secondary / secondary special,Married,House / apartment,-20703,-2239,Drivers,2,1,2
5135879,0.0,0,M,N,Y,1,99000.0,Working,Secondary / secondary special,Separated,House / apartment,-14686,-290,Laborers,2,4,0
5135880,0.0,C,F,N,Y,2,99000.0,Working,Secondary / secondary special,Married,House / apartment,-12017,-1083,Sales staff,4,2,1
5135882,0.0,X,F,N,Y,2,99000.0,Working,Secondary / secondary special,Married,House / apartment,-12017,-1083,Sales staff,4,4,1
5135883,0.0,C,F,N,Y,2,99000.0,Working,Secondary / secondary special,Married,House / apartment,-12017,-1083,Sales staff,4,2,1
5135886,0.0,C,M,Y,Y,0,90000.0,Working,Incomplete higher,Married,House / apartment,-18992,-3243,Drivers,2,0,0
5135887,0.0,C,M,Y,Y,0,90000.0,Working,Incomplete higher,Married,House / apartment,-18992,-3243,Drivers,2,0,0
5135888,0.0,C,M,Y,Y,0,90000.0,Working,Incomplete higher,Married,House / apartment,-18992,-3243,Drivers,2,0,0
5135889,0.0,C,M,Y,Y,0,90000.0,Working,Incomplete higher,Married,House / apartment,-18992,-3243,Drivers,2,0,0
5135890,0.0,C,M,N,Y,0,216000.0,Working,Secondary / secondary special,Separated,House / apartment,-14395,-596,Security staff,1,2,0
5135893,0.0,C,F,N,Y,2,90000.0,State servant,Secondary / secondary special,Civil marriage,House / apartment,-12724,-2635,Core staff,4,1,1
5135894,0.0,C,F,N,Y,2,90000.0,State servant,Secondary / secondary special,Civil marriage,House / apartment,-12724,-2635,Core staff,4,1,1
5135896,0.0,C,F,N,Y,2,90000.0,State servant,Secondary / secondary special,Civil marriage,House / apartment,-12724,-2635,Core staff,4,1,1
5135897,0.0,C,F,N,Y,2,90000.0,State servant,Secondary / secondary special,Civil marriage,House / apartment,-12724,-2635,Core staff,4,1,1
5135898,0.0,C,F,N,Y,2,90000.0,State servant,Secondary / secondary special,Civil marriage,House / apartment,-12724,-2635,Core staff,4,1,1
5135899,0.0,C,F,N,Y,2,90000.0,State servant,Secondary / secondary special,Civil marriage,House / apartment,-12724,-2635,Core staff,4,1,1
5135900,0.0,0,F,N,Y,2,90000.0,State servant,Secondary / secondary special,Civil marriage,House / apartment,-12724,-2635,Core staff,4,1,1
5135904,0.0,0,F,N,Y,1,171000.0,State servant,Higher education,Separated,House / apartment,-20581,-1751,IT staff,2,1,0
5135905,0.0,C,F,N,Y,1,171000.0,State servant,Higher education,Separated,House / apartment,-20581,-1751,IT staff,2,3,0
5135906,0.0,C,F,N,Y,1,171000.0,State servant,Higher education,Separated,House / apartment,-20581,-1751,IT staff,2,3,0
5135907,0.0,X,F,N,Y,1,171000.0,State servant,Higher education,Separated,House / apartment,-20581,-1751,IT staff,2,3,0
5135908,0.0,X,F,N,Y,0,135000.0,Working,Secondary / secondary special,Married,House / apartment,-11090,-321,Sales staff,2,4,0
5135910,0.0,0,F,N,Y,0,135000.0,Working,Secondary / secondary special,Married,House / apartment,-11090,-321,Sales staff,2,4,0
5135919,0.0,0,M,N,Y,2,90000.0,Commercial associate,Secondary / secondary special,Married,House / apartment,-15988,-566,Laborers,4,1,1
5135920,0.0,0,M,N,Y,2,90000.0,Commercial associate,Secondary / secondary special,Married,House / apartment,-15988,-566,Laborers,4,1,1
5135931,0.0,0,M,N,N,0,180000.0,Working,Secondary / secondary special,Single / not married,Rented apartment,-11742,-778,Drivers,1,4,0
5135936,0.0,C,F,N,Y,0,101250.0,Working,Secondary / secondary special,Single / not married,House / apartment,-10179,-1813,Sales staff,1,4,0
5135937,0.0,0,F,N,Y,0,101250.0,Working,Secondary / secondary special,Single / not married,House / apartment,-10179,-1813,Sales staff,1,4,0
5135940,0.0,1,F,Y,N,2,315000.0,Working,Secondary / secondary special,Married,House / apartment,-15621,-3792,Sales staff,4,1,0
5135944,0.0,C,F,N,Y,2,112500.0,Working,Secondary / secondary special,Civil marriage,House / apartment,-10882,-1692,Sales staff,4,4,1
5135946,0.0,C,M,N,Y,0,270000.0,Working,Higher education,Single / not married,House / apartment,-15222,-3153,Laborers,1,0,0
5135947,0.0,C,M,N,Y,0,270000.0,Working,Higher education,Single / not married,House / apartment,-15222,-3153,Laborers,1,0,0
5135948,0.0,C,M,N,Y,0,270000.0,Working,Higher education,Single / not married,House / apartment,-15222,-3153,Laborers,1,0,0
5135952,0.0,C,F,N,N,1,135000.0,Working,Secondary / secondary special,Single / not married,House / apartment,-15124,-717,Low-skill Laborers,2,4,0
5135953,0.0,X,F,N,N,1,135000.0,Working,Secondary / secondary special,Single / not married,House / apartment,-15124,-717,Low-skill Laborers,2,4,0
5135957,0.0,C,F,N,N,2,157500.0,Working,Higher education,Married,House / apartment,-11678,-2758,Sales staff,4,0,1
5135958,0.0,C,F,N,N,2,157500.0,Working,Higher education,Married,House / apartment,-11678,-2758,Sales staff,4,0,1
5135959,0.0,C,F,N,N,2,157500.0,Working,Higher education,Married,House / apartment,-11678,-2758,Sales staff,4,0,1
5135960,0.0,C,F,N,N,2,157500.0,Working,Higher education,Married,House / apartment,-11678,-2758,Sales staff,4,0,1
5135972,0.0,C,F,N,Y,0,423000.0,Commercial associate,Secondary / secondary special,Separated,House / apartment,-13480,-3153,Private service staff,1,1,2
5135975,0.0,0,F,N,Y,0,423000.0,Commercial associate,Secondary / secondary special,Separated,House / apartment,-13480,-3153,Private service staff,1,1,2
5135981,0.0,0,F,N,Y,0,423000.0,Commercial associate,Secondary / secondary special,Separated,House / apartment,-13480,-3153,Private service staff,1,1,2
5135982,0.0,C,F,N,Y,0,423000.0,Commercial associate,Secondary / secondary special,Separated,House / apartment,-13480,-3153,Private service staff,1,1,2
5135989,0.0,0,F,N,Y,1,585000.0,Commercial associate,Higher education,Single / not married,House / apartment,-10430,-900,Managers,2,3,2
5135996,0.0,0,F,Y,N,0,265500.0,Working,Secondary / secondary special,Married,House / apartment,-14709,-931,Sales staff,2,4,0
5136000,0.0,0,F,Y,N,0,265500.0,Working,Secondary / secondary special,Married,House / apartment,-14709,-931,Sales staff,2,4,0
5136012,0.0,0,F,N,N,3,180000.0,Working,Higher education,Married,House / apartment,-13678,-7018,Core staff,5,1,1
5136015,0.0,C,F,N,Y,0,216000.0,Working,Secondary / secondary special,Married,House / apartment,-21270,-3335,Private service staff,2,2,0
5136016,0.0,C,F,N,Y,0,216000.0,Working,Secondary / secondary special,Married,House / apartment,-21270,-3335,Private service staff,2,2,0
5136019,0.0,0,M,Y,N,1,351000.0,Commercial associate,Secondary / secondary special,Married,House / apartment,-16143,-8479,Private service staff,3,1,2
5136020,0.0,0,M,Y,N,1,351000.0,Commercial associate,Secondary / secondary special,Married,House / apartment,-16143,-8479,Private service staff,3,1,2
5136021,0.0,0,M,Y,N,1,351000.0,Commercial associate,Secondary / secondary special,Married,House / apartment,-16143,-8479,Private service staff,3,1,2
5136022,0.0,0,M,Y,N,1,351000.0,Commercial associate,Secondary / secondary special,Married,House / apartment,-16143,-8479,Private service staff,3,1,2
5136023,0.0,0,M,Y,N,1,351000.0,Commercial associate,Secondary / secondary special,Married,House / apartment,-16143,-8479,Private service staff,3,1,2
5136025,0.0,0,M,Y,N,1,351000.0,Commercial associate,Secondary / secondary special,Married,House / apartment,-16143,-8479,Private service staff,3,1,2
5136027,0.0,0,M,Y,N,0,112500.0,State servant,Secondary / secondary special,Married,House / apartment,-19532,-2331,Laborers,2,4,0
5136028,0.0,C,M,Y,N,0,112500.0,State servant,Secondary / secondary special,Married,House / apartment,-19532,-2331,Laborers,2,2,0
5136029,0.0,C,M,Y,N,0,112500.0,State servant,Secondary / secondary special,Married,House / apartment,-19532,-2331,Laborers,2,2,0
5136031,0.0,C,F,N,N,2,225000.0,State servant,Higher education,Married,With parents,-10596,-3365,Core staff,4,3,1
5136032,0.0,C,F,N,N,2,225000.0,State servant,Higher education,Married,With parents,-10596,-3365,Core staff,4,3,1
5136881,0.0,0,F,Y,N,0,360000.0,Working,Higher education,Married,House / apartment,-9909,-747,Managers,2,3,2
5136882,0.0,0,F,N,N,0,315000.0,Commercial associate,Higher education,Married,House / apartment,-14846,-1022,Accountants,2,3,2
5136883,0.0,0,F,N,N,0,315000.0,Commercial associate,Higher education,Married,House / apartment,-14846,-1022,Accountants,2,3,2
5136909,0.0,0,M,N,N,1,360000.0,Working,Secondary / secondary special,Married,House / apartment,-15244,-2908,Managers,3,4,2
5136915,0.0,C,M,N,N,1,360000.0,Working,Secondary / secondary special,Married,House / apartment,-15244,-2908,Managers,3,2,2
5136918,0.0,C,F,Y,N,0,180000.0,State servant,Secondary / secondary special,Married,House / apartment,-14732,-4491,Core staff,2,0,0
5136920,0.0,C,F,Y,N,0,180000.0,State servant,Secondary / secondary special,Married,House / apartment,-14732,-4491,Core staff,2,0,0
5136921,0.0,C,F,Y,N,0,180000.0,State servant,Secondary / secondary special,Married,House / apartment,-14732,-4491,Core staff,2,0,0
5136922,0.0,C,F,Y,N,0,180000.0,State servant,Secondary / secondary special,Married,House / apartment,-14732,-4491,Core staff,2,0,0
5136923,0.0,C,F,Y,N,0,270000.0,Working,Higher education,Married,House / apartment,-10569,-565,Sales staff,2,0,0
5136924,0.0,C,F,Y,N,0,270000.0,Working,Higher education,Married,House / apartment,-10569,-565,Sales staff,2,0,0
5136925,0.0,X,F,Y,N,0,270000.0,Working,Higher education,Married,House / apartment,-10569,-565,Sales staff,2,0,0
5136929,0.0,C,M,Y,N,0,166500.0,Working,Secondary / secondary special,Married,House / apartment,-18224,-4583,Core staff,2,2,0
5136933,0.0,C,F,Y,N,1,247500.0,Working,Secondary / secondary special,Married,House / apartment,-18434,-2483,Managers,3,2,1
5136934,0.0,C,F,Y,N,1,247500.0,Working,Secondary / secondary special,Married,House / apartment,-18434,-2483,Managers,3,2,1
5136935,0.0,0,F,Y,N,1,247500.0,Working,Secondary / secondary special,Married,House / apartment,-18434,-2483,Managers,3,4,1
5136939,0.0,C,F,N,N,1,202500.0,State servant,Secondary / secondary special,Married,House / apartment,-12910,-1661,High skill tech staff,3,1,1
5136941,0.0,C,F,N,N,1,202500.0,State servant,Secondary / secondary special,Married,House / apartment,-12910,-1661,High skill tech staff,3,1,1
5136943,0.0,C,F,N,N,1,202500.0,State servant,Secondary / secondary special,Married,House / apartment,-12910,-1661,High skill tech staff,3,1,1
5136944,0.0,X,F,N,N,1,202500.0,State servant,Secondary / secondary special,Married,House / apartment,-12910,-1661,High skill tech staff,3,1,1
5136958,0.0,0,F,N,N,2,225000.0,Working,Higher education,Single / not married,House / apartment,-12930,-5952,Medicine staff,3,1,1
5136959,0.0,X,F,N,N,2,225000.0,Working,Higher education,Single / not married,House / apartment,-12930,-5952,Medicine staff,3,1,1
5136960,0.0,C,F,N,N,2,225000.0,Working,Higher education,Single / not married,House / apartment,-12930,-5952,Medicine staff,3,0,1
5136961,0.0,0,F,N,N,2,225000.0,Working,Higher education,Single / not married,House / apartment,-12930,-5952,Medicine staff,3,1,1
5136963,0.0,X,F,N,N,0,153000.0,Working,Secondary / secondary special,Married,House / apartment,-15485,-900,Sales staff,2,4,0
5136964,0.0,0,F,N,N,0,153000.0,Working,Secondary / secondary special,Married,House / apartment,-15485,-900,Sales staff,2,4,0
5136967,0.0,0,M,N,N,0,135000.0,Working,Lower secondary,Civil marriage,House / apartment,-9996,-3395,Low-skill Laborers,2,1,0
5136968,0.0,0,M,N,N,0,135000.0,Working,Lower secondary,Civil marriage,House / apartment,-9996,-3395,Low-skill Laborers,2,1,0
5136969,0.0,C,M,N,N,0,135000.0,Working,Lower secondary,Civil marriage,House / apartment,-9996,-3395,Low-skill Laborers,2,2,0
5136975,0.0,X,F,N,N,0,306000.0,State servant,Higher education,Married,House / apartment,-12677,-5587,Medicine staff,2,3,2
5136977,0.0,C,F,N,N,0,306000.0,State servant,Higher education,Married,House / apartment,-12677,-5587,Medicine staff,2,3,2
5136978,0.0,C,F,N,N,0,306000.0,State servant,Higher education,Married,House / apartment,-12677,-5587,Medicine staff,2,3,2
5136979,0.0,C,F,N,N,0,306000.0,State servant,Higher education,Married,House / apartment,-12677,-5587,Medicine staff,2,3,2
5136984,0.0,C,M,Y,N,0,247500.0,Working,Secondary / secondary special,Single / not married,House / apartment,-12340,-3334,Managers,1,2,0
5136985,0.0,C,M,Y,N,0,247500.0,Working,Secondary / secondary special,Single / not married,House / apartment,-12340,-3334,Managers,1,2,0
5136987,0.0,0,M,N,N,0,225000.0,Working,Secondary / secondary special,Single / not married,House / apartment,-15168,-200,High skill tech staff,1,4,0
5136991,0.0,C,M,N,N,0,225000.0,Working,Secondary / secondary special,Single / not married,House / apartment,-15168,-200,High skill tech staff,1,2,0
5136993,0.0,X,M,N,N,0,225000.0,Working,Secondary / secondary special,Single / not married,House / apartment,-15168,-200,High skill tech staff,1,4,0
5136997,0.0,C,M,N,N,0,225000.0,Working,Secondary / secondary special,Single / not married,House / apartment,-15168,-200,High skill tech staff,1,2,0
5136998,0.0,C,M,Y,N,0,139500.0,Working,Secondary / secondary special,Married,House / apartment,-18333,-8143,Drivers,2,2,0
5137002,0.0,C,M,Y,N,0,139500.0,Working,Secondary / secondary special,Married,House / apartment,-18333,-8143,Drivers,2,2,0
5137003,0.0,1,M,Y,N,0,139500.0,Working,Secondary / secondary special,Married,House / apartment,-18333,-8143,Drivers,2,1,0
5137004,0.0,C,M,Y,N,0,139500.0,Working,Secondary / secondary special,Married,House / apartment,-18333,-8143,Drivers,2,2,0
5137005,0.0,0,M,Y,N,0,139500.0,Working,Secondary / secondary special,Married,House / apartment,-18333,-8143,Drivers,2,2,0
5137006,0.0,0,M,Y,N,0,139500.0,Working,Secondary / secondary special,Married,House / apartment,-18333,-8143,Drivers,2,2,0
5137007,0.0,C,M,Y,N,1,247500.0,Working,Secondary / secondary special,Married,House / apartment,-14547,-320,Security staff,3,2,1
5137011,0.0,0,M,N,N,0,225000.0,Working,Secondary / secondary special,Civil marriage,House / apartment,-21729,-4249,Laborers,2,4,0
5137012,0.0,C,M,N,N,0,225000.0,Working,Secondary / secondary special,Civil marriage,House / apartment,-21729,-4249,Laborers,2,2,0
5137013,0.0,C,M,N,N,0,225000.0,Working,Secondary / secondary special,Civil marriage,House / apartment,-21729,-4249,Laborers,2,2,0
5137014,0.0,C,M,Y,N,0,180000.0,Working,Secondary / secondary special,Single / not married,House / apartment,-11801,-2877,Drivers,1,2,0
5137016,0.0,C,M,Y,N,0,180000.0,Working,Secondary / secondary special,Single / not married,House / apartment,-11801,-2877,Drivers,1,2,0
5137017,0.0,C,M,Y,N,0,180000.0,Working,Secondary / secondary special,Single / not married,House / apartment,-11801,-2877,Drivers,1,2,0
5137018,0.0,C,M,Y,N,0,180000.0,Working,Secondary / secondary special,Single / not married,House / apartment,-11801,-2877,Drivers,1,2,0
5137021,0.0,0,F,N,N,0,180000.0,State servant,Secondary / secondary special,Widow,House / apartment,-18181,-351,Laborers,1,4,0
5137025,0.0,C,F,N,N,0,180000.0,State servant,Secondary / secondary special,Widow,House / apartment,-18181,-351,Laborers,1,4,0
5137026,0.0,0,F,N,N,0,180000.0,State servant,Secondary / secondary special,Widow,House / apartment,-18181,-351,Laborers,1,4,0
5137027,0.0,X,F,N,N,0,180000.0,State servant,Secondary / secondary special,Widow,House / apartment,-18181,-351,Laborers,1,4,0
5137031,0.0,C,M,Y,N,1,112500.0,Working,Secondary / secondary special,Married,House / apartment,-14301,-200,Laborers,3,2,1
5137034,0.0,X,M,Y,N,1,112500.0,Working,Secondary / secondary special,Married,House / apartment,-14301,-200,Laborers,3,2,1
5137061,0.0,C,F,Y,N,0,216000.0,State servant,Higher education,Married,House / apartment,-17764,-9574,Core staff,2,0,0
5137062,0.0,C,F,Y,N,0,216000.0,State servant,Higher education,Married,House / apartment,-17764,-9574,Core staff,2,0,0
5137063,0.0,C,F,Y,N,0,216000.0,State servant,Higher education,Married,House / apartment,-17764,-9574,Core staff,2,0,0
5137067,0.0,C,M,Y,N,1,315000.0,Commercial associate,Higher education,Married,With parents,-11689,-716,High skill tech staff,3,0,2
5137070,0.0,C,M,Y,N,1,315000.0,Commercial associate,Higher education,Married,With parents,-11689,-716,High skill tech staff,3,0,2
5137071,0.0,C,M,Y,N,1,315000.0,Commercial associate,Higher education,Married,With parents,-11689,-716,High skill tech staff,3,0,2
5137072,0.0,C,M,Y,N,1,315000.0,Commercial associate,Higher education,Married,With parents,-11689,-716,High skill tech staff,3,0,2
5137075,0.0,C,M,Y,N,1,315000.0,Commercial associate,Higher education,Married,With parents,-11689,-716,High skill tech staff,3,0,2
5137076,0.0,X,M,Y,N,1,315000.0,Commercial associate,Higher education,Married,With parents,-11689,-716,High skill tech staff,3,3,2
5137077,0.0,C,M,Y,N,1,315000.0,Commercial associate,Higher education,Married,With parents,-11689,-716,High skill tech staff,3,0,2
5137078,0.0,0,M,Y,N,1,315000.0,Commercial associate,Higher education,Married,With parents,-11689,-716,High skill tech staff,3,3,2
5137079,0.0,C,M,Y,N,1,315000.0,Commercial associate,Higher education,Married,With parents,-11689,-716,High skill tech staff,3,0,2
5137082,0.0,X,M,Y,N,0,247500.0,Commercial associate,Secondary / secondary special,Married,House / apartment,-14124,-231,Managers,2,1,0
5137084,0.0,C,M,Y,N,1,180000.0,Commercial associate,Secondary / secondary special,Married,House / apartment,-14566,-292,Laborers,3,0,1
5137085,0.0,X,M,Y,N,1,180000.0,Commercial associate,Secondary / secondary special,Married,House / apartment,-14566,-292,Laborers,3,2,1
5137086,0.0,C,M,Y,N,1,180000.0,Commercial associate,Secondary / secondary special,Married,House / apartment,-14566,-292,Laborers,3,0,1
5137087,0.0,C,M,Y,N,1,180000.0,Commercial associate,Secondary / secondary special,Married,House / apartment,-14566,-292,Laborers,3,0,1
5137088,0.0,0,F,N,N,1,90000.0,State servant,Secondary / secondary special,Separated,House / apartment,-10334,-1508,Medicine staff,2,1,0
5137089,0.0,0,F,N,N,1,90000.0,State servant,Secondary / secondary special,Separated,House / apartment,-10334,-1508,Medicine staff,2,1,0
5137090,0.0,0,F,N,N,1,90000.0,State servant,Secondary / secondary special,Separated,House / apartment,-10334,-1508,Medicine staff,2,1,0
5137103,0.0,C,F,Y,N,0,360000.0,State servant,Secondary / secondary special,Married,House / apartment,-18577,-108,Medicine staff,2,0,2
5137104,0.0,C,F,Y,N,0,360000.0,State servant,Secondary / secondary special,Married,House / apartment,-18577,-108,Medicine staff,2,0,2
5137105,0.0,C,F,Y,N,0,360000.0,State servant,Secondary / secondary special,Married,House / apartment,-18577,-108,Medicine staff,2,0,2
5137117,0.0,0,M,Y,N,0,81000.0,Working,Secondary / secondary special,Married,Municipal apartment,-20770,-1051,Drivers,2,2,0
5137125,0.0,C,F,N,N,0,90000.0,Commercial associate,Secondary / secondary special,Single / not married,With parents,-7757,-900,Sales staff,1,1,0
5137126,0.0,C,F,N,N,0,90000.0,Commercial associate,Secondary / secondary special,Single / not married,With parents,-7757,-900,Sales staff,1,1,0
5137127,0.0,C,F,N,N,0,90000.0,Commercial associate,Secondary / secondary special,Single / not married,With parents,-7757,-900,Sales staff,1,1,0
5137128,0.0,X,F,N,N,0,90000.0,Commercial associate,Secondary / secondary special,Single / not married,With parents,-7757,-900,Sales staff,1,1,0
5137131,0.0,X,M,Y,N,0,326250.0,Commercial associate,Higher education,Married,House / apartment,-11770,-108,Managers,2,3,2
5137132,0.0,C,M,Y,N,0,326250.0,Commercial associate,Higher education,Married,House / apartment,-11770,-108,Managers,2,0,2
5137133,0.0,C,M,Y,N,0,326250.0,Commercial associate,Higher education,Married,House / apartment,-11770,-108,Managers,2,0,2
5137134,0.0,C,M,Y,N,0,326250.0,Commercial associate,Higher education,Married,House / apartment,-11770,-108,Managers,2,0,2
5137135,0.0,C,M,Y,N,0,326250.0,Commercial associate,Higher education,Married,House / apartment,-11770,-108,Managers,2,0,2
5137169,0.0,C,M,Y,N,1,459000.0,State servant,Higher education,Married,Municipal apartment,-15839,-1904,Managers,3,0,2
5137171,0.0,C,M,Y,N,1,459000.0,State servant,Higher education,Married,Municipal apartment,-15839,-1904,Managers,3,0,2
5137172,0.0,0,F,N,N,0,225000.0,Working,Secondary / secondary special,Married,House / apartment,-20142,-3760,Sales staff,2,4,0
5137173,0.0,C,F,N,N,0,225000.0,Working,Secondary / secondary special,Married,House / apartment,-20142,-3760,Sales staff,2,2,0
5137175,0.0,0,F,N,N,0,225000.0,Working,Secondary / secondary special,Married,House / apartment,-20142,-3760,Sales staff,2,4,0
5137177,0.0,0,F,N,N,1,153000.0,Working,Incomplete higher,Married,House / apartment,-11881,-716,Sales staff,3,1,1
5137203,0.0,4,M,N,N,0,90000.0,Working,Secondary / secondary special,Single / not married,With parents,-9900,-170,Drivers,1,1,0
5137204,0.0,C,M,N,N,0,90000.0,Working,Secondary / secondary special,Single / not married,With parents,-9900,-170,Drivers,1,2,0
5137206,0.0,0,M,N,N,0,90000.0,Working,Secondary / secondary special,Single / not married,With parents,-9900,-170,Drivers,1,4,0
5137207,0.0,X,M,Y,N,0,90000.0,Working,Secondary / secondary special,Married,House / apartment,-18472,-1661,Drivers,2,2,0
5137208,0.0,X,M,Y,N,0,90000.0,Working,Secondary / secondary special,Married,House / apartment,-18472,-1661,Drivers,2,2,0
5137209,0.0,C,M,Y,N,0,90000.0,Working,Secondary / secondary special,Married,House / apartment,-18472,-1661,Drivers,2,2,0
5137210,0.0,X,M,Y,N,0,90000.0,Working,Secondary / secondary special,Married,House / apartment,-18472,-1661,Drivers,2,2,0
5137211,0.0,X,M,Y,N,0,90000.0,Working,Secondary / secondary special,Married,House / apartment,-18472,-1661,Drivers,2,2,0
5137214,0.0,X,M,Y,N,0,90000.0,Working,Secondary / secondary special,Married,House / apartment,-18472,-1661,Drivers,2,2,0
5137215,0.0,X,M,Y,N,0,90000.0,Working,Secondary / secondary special,Married,House / apartment,-18472,-1661,Drivers,2,2,0
5137217,0.0,X,M,Y,N,0,90000.0,Working,Secondary / secondary special,Married,House / apartment,-18472,-1661,Drivers,2,2,0
5137218,0.0,X,M,Y,N,0,90000.0,Working,Secondary / secondary special,Married,House / apartment,-18472,-1661,Drivers,2,2,0
5137219,0.0,X,M,Y,N,0,90000.0,Working,Secondary / secondary special,Married,House / apartment,-18472,-1661,Drivers,2,2,0
5137223,0.0,0,F,N,N,0,180000.0,Working,Higher education,Married,House / apartment,-10868,-1266,Accountants,2,1,0
5137225,0.0,1,F,N,N,0,180000.0,Working,Higher education,Married,House / apartment,-10868,-1266,Accountants,2,1,0
5137226,0.0,0,F,N,N,0,180000.0,Working,Higher education,Married,House / apartment,-10868,-1266,Accountants,2,1,0
5137227,0.0,X,F,N,N,0,180000.0,Working,Higher education,Married,House / apartment,-10868,-1266,Accountants,2,1,0
5137228,0.0,C,F,N,N,0,180000.0,Working,Higher education,Married,House / apartment,-10868,-1266,Accountants,2,0,0
5137229,0.0,C,M,Y,N,0,180000.0,Commercial associate,Secondary / secondary special,Married,Municipal apartment,-14084,-2696,Drivers,2,0,0
5137231,0.0,C,M,Y,N,0,180000.0,Commercial associate,Secondary / secondary special,Married,Municipal apartment,-14084,-2696,Drivers,2,0,0
5137232,0.0,C,M,Y,N,0,180000.0,Commercial associate,Secondary / secondary special,Married,Municipal apartment,-14084,-2696,Drivers,2,0,0
5137233,0.0,C,M,Y,N,0,180000.0,Commercial associate,Secondary / secondary special,Married,Municipal apartment,-14084,-2696,Drivers,2,0,0
5137235,0.0,X,M,Y,N,0,180000.0,Commercial associate,Secondary / secondary special,Married,Municipal apartment,-14084,-2696,Drivers,2,1,0
5137236,0.0,0,F,N,N,1,225000.0,Working,Higher education,Married,House / apartment,-10508,-1631,Core staff,3,1,1
5137240,0.0,C,F,N,N,0,90000.0,Working,Secondary / secondary special,Married,House / apartment,-17355,-3273,Secretaries,2,2,0
5137245,0.0,C,F,N,N,0,90000.0,Working,Secondary / secondary special,Married,House / apartment,-17355,-3273,Secretaries,2,2,0
5137248,0.0,0,F,N,N,0,90000.0,Working,Secondary / secondary special,Married,House / apartment,-17355,-3273,Secretaries,2,4,0
5137250,0.0,C,M,Y,N,0,135000.0,Working,Secondary / secondary special,Single / not married,House / apartment,-18529,-1204,Drivers,1,2,0
5137251,0.0,C,M,Y,N,0,135000.0,Working,Secondary / secondary special,Single / not married,House / apartment,-18529,-1204,Drivers,1,2,0
5137252,0.0,C,M,Y,N,0,135000.0,Working,Secondary / secondary special,Single / not married,House / apartment,-18529,-1204,Drivers,1,2,0
5137253,0.0,0,M,Y,N,0,135000.0,Working,Secondary / secondary special,Single / not married,House / apartment,-18529,-1204,Drivers,1,4,0
5137255,0.0,0,M,Y,N,0,135000.0,Working,Secondary / secondary special,Single / not married,House / apartment,-18529,-1204,Drivers,1,4,0
5137256,0.0,C,M,Y,N,0,166500.0,Commercial associate,Incomplete higher,Single / not married,House / apartment,-10568,-2026,Laborers,1,0,0
5137257,0.0,C,M,Y,N,0,166500.0,Commercial associate,Incomplete higher,Single / not married,House / apartment,-10568,-2026,Laborers,1,0,0
5137258,0.0,0,M,Y,N,0,166500.0,Commercial associate,Incomplete higher,Single / not married,House / apartment,-10568,-2026,Laborers,1,1,0
5137259,0.0,C,M,Y,N,0,166500.0,Commercial associate,Incomplete higher,Single / not married,House / apartment,-10568,-2026,Laborers,1,0,0
5137260,0.0,C,M,Y,N,0,166500.0,Commercial associate,Incomplete higher,Single / not married,House / apartment,-10568,-2026,Laborers,1,0,0
5137261,0.0,C,M,Y,N,0,166500.0,Commercial associate,Incomplete higher,Single / not married,House / apartment,-10568,-2026,Laborers,1,0,0
5137262,0.0,C,M,Y,N,0,166500.0,Commercial associate,Incomplete higher,Single / not married,House / apartment,-10568,-2026,Laborers,1,0,0
5137269,0.0,X,F,N,N,0,135000.0,Working,Secondary / secondary special,Single / not married,House / apartment,-15932,-3579,Laborers,1,4,0
5137270,0.0,C,F,N,N,0,135000.0,Working,Secondary / secondary special,Single / not married,House / apartment,-15932,-3579,Laborers,1,4,0
5137272,0.0,C,M,Y,N,1,234000.0,Working,Secondary / secondary special,Married,House / apartment,-12836,-4856,Laborers,3,2,1
5137275,0.0,C,M,Y,N,1,234000.0,Working,Secondary / secondary special,Married,House / apartment,-12836,-4856,Laborers,3,2,1
5137278,0.0,C,M,Y,N,1,234000.0,Working,Secondary / secondary special,Married,House / apartment,-12836,-4856,Laborers,3,2,1
5137280,0.0,C,F,N,N,0,405000.0,Commercial associate,Higher education,Married,House / apartment,-13692,-200,Managers,2,3,2
5137281,0.0,X,F,N,N,0,405000.0,Commercial associate,Higher education,Married,House / apartment,-13692,-200,Managers,2,3,2
5137284,0.0,C,F,N,N,0,405000.0,Commercial associate,Higher education,Married,House / apartment,-13692,-200,Managers,2,3,2
5137285,0.0,X,F,N,N,0,405000.0,Commercial associate,Higher education,Married,House / apartment,-13692,-200,Managers,2,3,2
5137286,0.0,X,F,N,N,0,405000.0,Commercial associate,Higher education,Married,House / apartment,-13692,-200,Managers,2,3,2
5137287,0.0,X,F,N,N,0,405000.0,Commercial associate,Higher education,Married,House / apartment,-13692,-200,Managers,2,3,2
5137290,0.0,X,M,Y,N,1,225000.0,Working,Secondary / secondary special,Married,House / apartment,-15243,-7260,High skill tech staff,3,2,1
5137293,0.0,C,M,Y,N,1,225000.0,Working,Secondary / secondary special,Married,House / apartment,-15243,-7260,High skill tech staff,3,2,1
5137294,0.0,X,M,Y,N,1,225000.0,Working,Secondary / secondary special,Married,House / apartment,-15243,-7260,High skill tech staff,3,2,1
5137301,0.0,0,M,Y,N,2,157500.0,Commercial associate,Higher education,Separated,Office apartment,-13514,-1357,Managers,3,3,1
5137302,0.0,X,M,Y,N,2,157500.0,Commercial associate,Higher education,Separated,Office apartment,-13514,-1357,Managers,3,3,1
5137303,0.0,0,M,Y,N,2,157500.0,Commercial associate,Higher education,Separated,Office apartment,-13514,-1357,Managers,3,3,1
5137306,0.0,0,M,Y,N,2,157500.0,Commercial associate,Higher education,Separated,Office apartment,-13514,-1357,Managers,3,3,1
5137310,0.0,C,M,Y,N,2,157500.0,Commercial associate,Higher education,Separated,Office apartment,-13514,-1357,Managers,3,3,1
5137311,0.0,X,M,Y,N,2,157500.0,Commercial associate,Higher education,Separated,Office apartment,-13514,-1357,Managers,3,3,1
5137312,0.0,X,M,Y,N,2,157500.0,Commercial associate,Higher education,Separated,Office apartment,-13514,-1357,Managers,3,3,1
5137313,0.0,C,F,N,N,1,135000.0,State servant,Higher education,Married,House / apartment,-9454,-1022,Managers,3,3,1
5137314,0.0,C,F,N,N,1,135000.0,State servant,Higher education,Married,House / apartment,-9454,-1022,Managers,3,3,1
5137315,0.0,X,F,N,N,1,135000.0,State servant,Higher education,Married,House / apartment,-9454,-1022,Managers,3,3,1
5137318,0.0,0,F,N,N,0,135000.0,Commercial associate,Secondary / secondary special,Married,House / apartment,-13277,-1022,Sales staff,2,1,0
5137319,0.0,0,F,N,N,0,135000.0,Commercial associate,Secondary / secondary special,Married,House / apartment,-13277,-1022,Sales staff,2,1,0
5137320,0.0,0,F,N,N,0,135000.0,Commercial associate,Secondary / secondary special,Married,House / apartment,-13277,-1022,Sales staff,2,1,0
5137329,0.0,C,F,N,N,1,157500.0,Working,Secondary / secondary special,Married,House / apartment,-10087,-2908,Sales staff,3,2,1
5137333,0.0,C,F,N,N,1,157500.0,Working,Secondary / secondary special,Married,House / apartment,-10087,-2908,Sales staff,3,2,1
5137334,0.0,0,F,N,N,1,157500.0,Working,Secondary / secondary special,Married,House / apartment,-10087,-2908,Sales staff,3,4,1
5137339,0.0,C,M,N,N,0,225000.0,Commercial associate,Secondary / secondary special,Married,House / apartment,-10583,-1296,Laborers,2,2,0
5137342,0.0,C,M,Y,N,0,315000.0,Working,Secondary / secondary special,Married,Rented apartment,-10831,-808,Drivers,2,2,2
5137348,0.0,X,M,Y,N,0,81000.0,Working,Secondary / secondary special,Married,House / apartment,-15763,-8601,Drivers,2,2,0
5137349,0.0,0,M,Y,N,0,81000.0,Working,Secondary / secondary special,Married,House / apartment,-15763,-8601,Drivers,2,2,0
5137353,0.0,C,M,Y,N,2,72000.0,Working,Secondary / secondary special,Married,House / apartment,-12330,-2177,Drivers,4,2,1
5137354,0.0,X,M,Y,N,0,135000.0,Working,Secondary / secondary special,Married,House / apartment,-17452,-3913,Drivers,2,2,0
5137355,0.0,C,M,Y,N,0,135000.0,Working,Secondary / secondary special,Married,House / apartment,-17452,-3913,Drivers,2,2,0
5137357,0.0,X,M,Y,N,0,135000.0,Working,Secondary / secondary special,Married,House / apartment,-17452,-3913,Drivers,2,2,0
5137358,0.0,0,M,Y,N,0,135000.0,Working,Secondary / secondary special,Married,House / apartment,-17452,-3913,Drivers,2,2,0
5137359,0.0,C,M,Y,N,0,135000.0,Working,Secondary / secondary special,Married,House / apartment,-17452,-3913,Drivers,2,2,0
5137361,0.0,X,M,Y,N,0,135000.0,Working,Secondary / secondary special,Married,House / apartment,-17452,-3913,Drivers,2,2,0
5137362,0.0,X,M,Y,N,0,135000.0,Working,Secondary / secondary special,Married,House / apartment,-17452,-3913,Drivers,2,2,0
5137363,0.0,X,M,Y,N,0,135000.0,Working,Secondary / secondary special,Married,House / apartment,-17452,-3913,Drivers,2,2,0
5137365,0.0,0,M,Y,N,0,337500.0,Working,Secondary / secondary special,Married,House / apartment,-14479,-1022,Drivers,2,2,2
5137366,0.0,X,M,Y,N,0,337500.0,Working,Secondary / secondary special,Married,House / apartment,-14479,-1022,Drivers,2,2,2
5137367,0.0,0,M,Y,N,0,337500.0,Working,Secondary / secondary special,Married,House / apartment,-14479,-1022,Drivers,2,2,2
5137368,0.0,C,M,Y,N,1,202500.0,Working,Incomplete higher,Married,House / apartment,-11745,-231,Drivers,3,0,1
5137373,0.0,0,M,Y,N,1,202500.0,Working,Incomplete higher,Married,House / apartment,-11745,-231,Drivers,3,2,1
5137374,0.0,C,M,Y,N,1,202500.0,Working,Incomplete higher,Married,House / apartment,-11745,-231,Drivers,3,0,1
5137377,0.0,C,M,Y,N,1,202500.0,Working,Incomplete higher,Married,House / apartment,-11745,-231,Drivers,3,0,1
5137378,0.0,X,M,Y,N,1,202500.0,Working,Incomplete higher,Married,House / apartment,-11745,-231,Drivers,3,2,1
5137379,0.0,X,M,Y,N,1,202500.0,Working,Incomplete higher,Married,House / apartment,-11745,-231,Drivers,3,2,1
5137388,0.0,X,M,N,N,1,180000.0,Commercial associate,Lower secondary,Married,House / apartment,-10940,-2483,Laborers,3,1,1
5137389,0.0,X,M,N,N,1,180000.0,Commercial associate,Lower secondary,Married,House / apartment,-10940,-2483,Laborers,3,1,1
5137390,0.0,C,M,N,N,1,180000.0,Commercial associate,Lower secondary,Married,House / apartment,-10940,-2483,Laborers,3,0,1
5137392,0.0,C,M,N,N,1,180000.0,Commercial associate,Lower secondary,Married,House / apartment,-10940,-2483,Laborers,3,0,1
5137397,0.0,X,M,N,N,1,180000.0,Commercial associate,Lower secondary,Married,House / apartment,-10940,-2483,Laborers,3,1,1
5137398,0.0,C,M,N,N,1,180000.0,Commercial associate,Lower secondary,Married,House / apartment,-10940,-2483,Laborers,3,0,1
5137399,0.0,C,F,N,N,0,157500.0,Working,Higher education,Separated,House / apartment,-17237,-3000,Medicine staff,1,0,0
5137401,0.0,C,F,N,N,0,157500.0,Working,Higher education,Separated,House / apartment,-17237,-3000,Medicine staff,1,0,0
5137402,0.0,C,F,N,N,0,157500.0,Working,Higher education,Separated,House / apartment,-17237,-3000,Medicine staff,1,0,0
5137404,0.0,C,F,N,N,0,157500.0,Working,Higher education,Separated,House / apartment,-17237,-3000,Medicine staff,1,0,0
5137407,0.0,C,F,N,N,0,157500.0,Working,Higher education,Separated,House / apartment,-17237,-3000,Medicine staff,1,0,0
5137408,0.0,C,F,Y,N,0,225000.0,Working,Higher education,Single / not married,House / apartment,-20200,-1022,Accountants,1,0,0
5137410,0.0,0,F,Y,N,0,225000.0,Working,Higher education,Single / not married,House / apartment,-20200,-1022,Accountants,1,1,0
5137411,0.0,X,F,Y,N,0,225000.0,Working,Higher education,Single / not married,House / apartment,-20200,-1022,Accountants,1,1,0
5137412,0.0,X,F,Y,N,0,225000.0,Working,Higher education,Single / not married,House / apartment,-20200,-1022,Accountants,1,1,0
5137421,0.0,C,M,Y,N,1,157500.0,Working,Secondary / secondary special,Married,House / apartment,-11288,-1904,Drivers,3,2,1
5137425,0.0,X,M,Y,N,1,157500.0,Working,Secondary / secondary special,Married,House / apartment,-11288,-1904,Drivers,3,2,1
5137426,0.0,C,M,Y,N,1,157500.0,Working,Secondary / secondary special,Married,House / apartment,-11288,-1904,Drivers,3,2,1
5137435,0.0,C,F,N,N,1,157500.0,Commercial associate,Higher education,Married,House / apartment,-12071,-930,Laborers,3,3,1
5137436,0.0,0,F,N,N,1,157500.0,Commercial associate,Higher education,Married,House / apartment,-12071,-930,Laborers,3,3,1
5137437,0.0,0,F,N,N,1,157500.0,Commercial associate,Higher education,Married,House / apartment,-12071,-930,Laborers,3,3,1
5137438,0.0,C,F,N,N,1,157500.0,Commercial associate,Higher education,Married,House / apartment,-12071,-930,Laborers,3,3,1
5137439,0.0,C,M,N,N,0,225000.0,Working,Secondary / secondary special,Married,House / apartment,-9154,-1051,Laborers,2,2,0
5137441,0.0,0,M,N,N,0,225000.0,Working,Secondary / secondary special,Married,House / apartment,-9154,-1051,Laborers,2,4,0
5137442,0.0,X,M,N,N,0,225000.0,Working,Secondary / secondary special,Married,House / apartment,-9154,-1051,Laborers,2,2,0
5137448,0.0,0,F,N,N,0,315000.0,Working,Higher education,Separated,House / apartment,-13708,-1934,Private service staff,1,1,2
5137449,0.0,X,F,N,N,0,315000.0,Working,Higher education,Separated,House / apartment,-13708,-1934,Private service staff,1,1,2
5137450,0.0,C,M,Y,N,0,180000.0,Working,Secondary / secondary special,Married,House / apartment,-9973,-1174,Core staff,2,2,0
5137451,0.0,0,M,Y,N,0,180000.0,Working,Secondary / secondary special,Married,House / apartment,-9973,-1174,Core staff,2,4,0
5137453,0.0,C,M,Y,N,2,292500.0,Commercial associate,Higher education,Married,House / apartment,-12892,-1722,Managers,4,0,1
5137459,0.0,C,F,N,N,0,180000.0,Working,Higher education,Married,House / apartment,-17819,-2452,Managers,2,0,0
5137460,0.0,C,F,N,N,0,180000.0,Working,Higher education,Married,House / apartment,-17819,-2452,Managers,2,0,0
5137461,0.0,C,F,N,N,0,180000.0,Working,Higher education,Married,House / apartment,-17819,-2452,Managers,2,0,0
5137464,0.0,X,F,N,N,0,135000.0,Working,Secondary / secondary special,Married,House / apartment,-15499,-869,Private service staff,2,4,0
5137465,0.0,X,F,N,N,0,135000.0,Working,Secondary / secondary special,Married,House / apartment,-15499,-869,Private service staff,2,4,0
5137467,0.0,X,F,N,N,0,135000.0,Working,Secondary / secondary special,Married,House / apartment,-15499,-869,Private service staff,2,4,0
5137470,0.0,C,F,N,N,1,157500.0,Working,Higher education,Married,House / apartment,-13549,-2877,Accountants,3,0,1
5137471,0.0,C,F,N,N,1,157500.0,Working,Higher education,Married,House / apartment,-13549,-2877,Accountants,3,0,1
5137473,0.0,0,F,N,N,1,157500.0,Working,Higher education,Married,House / apartment,-13549,-2877,Accountants,3,1,1
5137474,0.0,0,F,N,N,1,157500.0,Working,Higher education,Married,House / apartment,-13549,-2877,Accountants,3,1,1
5137477,0.0,C,F,N,N,1,157500.0,Working,Higher education,Married,House / apartment,-13549,-2877,Accountants,3,0,1
5137478,0.0,C,F,N,N,1,157500.0,Working,Higher education,Married,House / apartment,-13549,-2877,Accountants,3,0,1
5137479,0.0,C,F,N,N,1,157500.0,Working,Higher education,Married,House / apartment,-13549,-2877,Accountants,3,0,1
5137481,0.0,C,F,N,N,1,157500.0,Working,Higher education,Married,House / apartment,-13549,-2877,Accountants,3,0,1
5137483,0.0,C,M,Y,N,0,360000.0,Working,Higher education,Civil marriage,House / apartment,-11841,-3092,Managers,2,0,2
5137484,0.0,C,M,Y,N,0,360000.0,Working,Higher education,Civil marriage,House / apartment,-11841,-3092,Managers,2,0,2
5137485,0.0,C,M,Y,N,0,360000.0,Working,Higher education,Civil marriage,House / apartment,-11841,-3092,Managers,2,0,2
5137487,0.0,C,M,Y,N,0,360000.0,Working,Higher education,Civil marriage,House / apartment,-11841,-3092,Managers,2,0,2
5137492,0.0,C,M,Y,N,0,360000.0,Working,Higher education,Civil marriage,House / apartment,-11841,-3092,Managers,2,0,2
5137493,0.0,0,M,Y,N,0,360000.0,Working,Higher education,Civil marriage,House / apartment,-11841,-3092,Managers,2,1,2
5137495,0.0,C,M,Y,N,2,135000.0,Working,Secondary / secondary special,Married,House / apartment,-11008,-108,Drivers,4,2,1
5137497,0.0,C,M,Y,N,2,135000.0,Working,Secondary / secondary special,Married,House / apartment,-11008,-108,Drivers,4,2,1
5137508,0.0,C,M,Y,N,1,225000.0,Commercial associate,Higher education,Married,With parents,-12537,-3760,High skill tech staff,3,0,1
5137509,0.0,0,M,Y,N,1,225000.0,Commercial associate,Higher education,Married,With parents,-12537,-3760,High skill tech staff,3,3,1
5137510,0.0,C,M,Y,N,1,225000.0,Commercial associate,Higher education,Married,With parents,-12537,-3760,High skill tech staff,3,0,1
5137512,0.0,C,M,Y,N,0,180000.0,Working,Secondary / secondary special,Married,House / apartment,-21823,-5099,Laborers,2,2,0
5137513,0.0,0,M,N,N,1,135000.0,Working,Secondary / secondary special,Married,House / apartment,-10089,-2757,Laborers,3,4,1
5137514,0.0,C,M,N,N,1,135000.0,Working,Secondary / secondary special,Married,House / apartment,-10089,-2757,Laborers,3,2,1
5137515,0.0,C,M,N,N,1,135000.0,Working,Secondary / secondary special,Married,House / apartment,-10089,-2757,Laborers,3,2,1
5137516,0.0,C,M,N,N,1,135000.0,Working,Secondary / secondary special,Married,House / apartment,-10089,-2757,Laborers,3,2,1
5137519,0.0,X,F,Y,N,0,126000.0,Working,Secondary / secondary special,Separated,House / apartment,-20750,-443,Accountants,1,4,0
5137521,0.0,X,F,Y,N,0,126000.0,Working,Secondary / secondary special,Separated,House / apartment,-20750,-443,Accountants,1,4,0
5137524,0.0,C,M,N,N,0,135000.0,Working,Secondary / secondary special,Married,House / apartment,-14854,-3518,Drivers,2,2,0
5137525,0.0,C,M,N,N,0,135000.0,Working,Secondary / secondary special,Married,House / apartment,-14854,-3518,Drivers,2,2,0
5137527,0.0,C,M,N,N,0,135000.0,Working,Secondary / secondary special,Married,House / apartment,-14854,-3518,Drivers,2,2,0
5137528,0.0,C,M,N,N,0,135000.0,Working,Secondary / secondary special,Married,House / apartment,-14854,-3518,Drivers,2,2,0
5137532,0.0,C,M,N,N,0,135000.0,Working,Secondary / secondary special,Married,House / apartment,-14854,-3518,Drivers,2,2,0
5137534,0.0,C,M,N,N,0,135000.0,Working,Secondary / secondary special,Married,House / apartment,-14854,-3518,Drivers,2,2,0
5137537,0.0,0,M,N,N,0,135000.0,Working,Secondary / secondary special,Married,House / apartment,-14854,-3518,Drivers,2,4,0
5137539,0.0,C,F,N,N,0,157500.0,Working,Secondary / secondary special,Married,House / apartment,-18881,-3153,Cooking staff,2,2,0
5137540,0.0,C,F,N,N,0,157500.0,Working,Secondary / secondary special,Married,House / apartment,-18881,-3153,Cooking staff,2,2,0
5137541,0.0,C,F,N,N,0,157500.0,Working,Secondary / secondary special,Married,House / apartment,-18881,-3153,Cooking staff,2,2,0
5137542,0.0,0,F,N,N,0,157500.0,Working,Secondary / secondary special,Married,House / apartment,-18881,-3153,Cooking staff,2,4,0
5137543,0.0,C,F,N,N,0,108000.0,Working,Secondary / secondary special,Single / not married,House / apartment,-20330,-8601,Laborers,1,4,0
5139308,0.0,C,M,Y,Y,0,180000.0,State servant,Higher education,Married,House / apartment,-10091,-643,High skill tech staff,2,0,0
5139309,0.0,C,M,Y,Y,0,180000.0,State servant,Higher education,Married,House / apartment,-10091,-643,High skill tech staff,2,0,0
5139310,0.0,C,M,Y,Y,0,180000.0,State servant,Higher education,Married,House / apartment,-10091,-643,High skill tech staff,2,0,0
5139313,0.0,X,M,Y,Y,0,180000.0,State servant,Higher education,Married,House / apartment,-10091,-643,High skill tech staff,2,3,0
5139316,0.0,0,M,Y,Y,0,180000.0,State servant,Higher education,Married,House / apartment,-10091,-643,High skill tech staff,2,3,0
5139352,0.0,C,F,N,N,1,112500.0,Working,Secondary / secondary special,Separated,With parents,-8983,-1405,Waiters/barmen staff,2,4,0
5139374,0.0,0,F,N,Y,0,135000.0,Working,Secondary / secondary special,Widow,House / apartment,-15292,-3323,Laborers,1,4,0
5139388,0.0,C,M,N,Y,0,247500.0,Commercial associate,Higher education,Civil marriage,House / apartment,-15995,-401,Core staff,2,3,0
5139389,0.0,C,M,N,Y,0,247500.0,Commercial associate,Higher education,Civil marriage,House / apartment,-15995,-401,Core staff,2,3,0
5139390,0.0,0,M,N,Y,0,247500.0,Commercial associate,Higher education,Civil marriage,House / apartment,-15995,-401,Core staff,2,3,0
5139392,0.0,C,M,N,Y,0,247500.0,Commercial associate,Higher education,Civil marriage,House / apartment,-15995,-401,Core staff,2,3,0
5139393,0.0,C,M,N,Y,0,247500.0,Commercial associate,Higher education,Civil marriage,House / apartment,-15995,-401,Core staff,2,3,0
5139394,0.0,X,M,N,Y,0,247500.0,Commercial associate,Higher education,Civil marriage,House / apartment,-15995,-401,Core staff,2,3,0
5139419,0.0,C,F,Y,Y,2,94500.0,State servant,Secondary / secondary special,Married,House / apartment,-14154,-6610,Laborers,4,2,1
5139467,0.0,C,M,Y,Y,0,135000.0,Working,Incomplete higher,Married,House / apartment,-9746,-250,Sales staff,2,0,0
5139468,0.0,C,M,Y,Y,0,135000.0,Working,Incomplete higher,Married,House / apartment,-9746,-250,Sales staff,2,0,0
5139469,0.0,C,M,Y,Y,0,135000.0,Working,Incomplete higher,Married,House / apartment,-9746,-250,Sales staff,2,0,0
5139470,0.0,C,M,Y,Y,0,135000.0,Working,Incomplete higher,Married,House / apartment,-9746,-250,Sales staff,2,0,0
5139478,0.0,C,F,Y,Y,0,166500.0,Working,Secondary / secondary special,Civil marriage,House / apartment,-14649,-3141,Sales staff,2,2,0
5139479,0.0,C,F,Y,Y,0,166500.0,Working,Secondary / secondary special,Civil marriage,House / apartment,-14649,-3141,Sales staff,2,2,0
5139488,0.0,0,F,N,Y,0,225000.0,Working,Secondary / secondary special,Married,With parents,-16110,-401,Cooking staff,2,4,0
5139489,0.0,C,F,N,Y,0,225000.0,Working,Secondary / secondary special,Married,With parents,-16110,-401,Cooking staff,2,2,0
5139490,0.0,0,F,N,Y,0,225000.0,Working,Secondary / secondary special,Married,With parents,-16110,-401,Cooking staff,2,4,0
5139492,0.0,C,F,N,Y,0,225000.0,Working,Secondary / secondary special,Married,With parents,-16110,-401,Cooking staff,2,2,0
5139494,0.0,C,F,N,Y,0,225000.0,Working,Secondary / secondary special,Married,With parents,-16110,-401,Cooking staff,2,2,0
5139495,0.0,0,F,N,Y,0,225000.0,Working,Secondary / secondary special,Married,With parents,-16110,-401,Cooking staff,2,4,0
5139496,0.0,X,F,N,Y,0,225000.0,Working,Secondary / secondary special,Married,With parents,-16110,-401,Cooking staff,2,4,0
5139548,0.0,C,F,Y,Y,2,157500.0,Commercial associate,Higher education,Married,House / apartment,-13584,-6337,Medicine staff,4,3,1
5139549,0.0,C,F,Y,Y,2,157500.0,Commercial associate,Higher education,Married,House / apartment,-13584,-6337,Medicine staff,4,3,1
5139551,0.0,C,F,Y,Y,2,157500.0,Commercial associate,Higher education,Married,House / apartment,-13584,-6337,Medicine staff,4,3,1
5139553,0.0,0,F,Y,Y,2,157500.0,Commercial associate,Higher education,Married,House / apartment,-13584,-6337,Medicine staff,4,3,1
5139555,0.0,C,F,Y,Y,2,157500.0,Commercial associate,Higher education,Married,House / apartment,-13584,-6337,Medicine staff,4,3,1
5139577,0.0,C,F,N,Y,0,225000.0,Commercial associate,Secondary / secondary special,Single / not married,House / apartment,-10924,-97,Cleaning staff,1,1,0
5139675,0.0,C,F,N,Y,0,99000.0,Commercial associate,Higher education,Single / not married,House / apartment,-10252,-1374,Sales staff,1,3,0
5139676,0.0,C,F,N,Y,0,99000.0,Commercial associate,Higher education,Single / not married,House / apartment,-10252,-1374,Sales staff,1,3,0
5139677,0.0,C,F,N,Y,0,99000.0,Commercial associate,Higher education,Single / not married,House / apartment,-10252,-1374,Sales staff,1,3,0
5139678,0.0,C,F,N,Y,0,99000.0,Commercial associate,Higher education,Single / not married,House / apartment,-10252,-1374,Sales staff,1,3,0
5139683,0.0,C,F,Y,N,1,166500.0,Commercial associate,Secondary / secondary special,Civil marriage,House / apartment,-14019,-3902,Sales staff,3,1,1
5139684,0.0,C,F,Y,N,1,166500.0,Commercial associate,Secondary / secondary special,Civil marriage,House / apartment,-14019,-3902,Sales staff,3,1,1
5139685,0.0,0,F,Y,N,1,166500.0,Commercial associate,Secondary / secondary special,Civil marriage,House / apartment,-14019,-3902,Sales staff,3,1,1
5139730,0.0,X,F,N,Y,0,135000.0,Working,Secondary / secondary special,Married,House / apartment,-20463,-2319,Cleaning staff,2,4,0
5139731,0.0,X,F,N,Y,0,135000.0,Working,Secondary / secondary special,Married,House / apartment,-20463,-2319,Cleaning staff,2,4,0
5139752,0.0,C,F,N,Y,0,105750.0,Working,Secondary / secondary special,Married,House / apartment,-16539,-250,Accountants,2,2,0
5139757,0.0,0,M,Y,Y,0,337500.0,Working,Higher education,Married,House / apartment,-23711,-7494,Laborers,2,0,2
5139758,0.0,C,M,Y,Y,0,337500.0,Working,Higher education,Married,House / apartment,-23711,-7494,Laborers,2,0,2
5139760,0.0,C,M,Y,Y,0,337500.0,Working,Higher education,Married,House / apartment,-23711,-7494,Laborers,2,0,2
5139762,0.0,C,M,Y,Y,0,337500.0,Working,Higher education,Married,House / apartment,-23711,-7494,Laborers,2,0,2
5139764,0.0,C,M,Y,Y,0,337500.0,Working,Higher education,Married,House / apartment,-23711,-7494,Laborers,2,0,2
5139765,0.0,0,M,Y,Y,0,337500.0,Working,Higher education,Married,House / apartment,-23711,-7494,Laborers,2,0,2
5139804,0.0,C,M,Y,Y,2,112500.0,Commercial associate,Secondary / secondary special,Married,House / apartment,-13463,-1193,Drivers,4,0,1
5139806,0.0,C,F,N,N,0,90000.0,Working,Higher education,Married,House / apartment,-12406,-1497,Managers,2,0,0
5139811,0.0,C,M,N,Y,0,108000.0,Working,Secondary / secondary special,Married,House / apartment,-15997,-7341,Laborers,2,2,0
5139812,0.0,C,M,N,Y,0,108000.0,Working,Secondary / secondary special,Married,House / apartment,-15997,-7341,Laborers,2,2,0
5139817,0.0,C,M,N,Y,0,108000.0,Working,Secondary / secondary special,Married,House / apartment,-15997,-7341,Laborers,2,2,0
5139818,0.0,C,M,N,Y,0,108000.0,Working,Secondary / secondary special,Married,House / apartment,-15997,-7341,Laborers,2,2,0
5139820,0.0,C,M,N,Y,0,108000.0,Working,Secondary / secondary special,Married,House / apartment,-15997,-7341,Laborers,2,2,0
5139821,0.0,C,M,N,Y,0,108000.0,Working,Secondary / secondary special,Married,House / apartment,-15997,-7341,Laborers,2,2,0
5139822,0.0,C,M,N,Y,0,108000.0,Working,Secondary / secondary special,Married,House / apartment,-15997,-7341,Laborers,2,2,0
5139823,0.0,0,M,N,Y,0,108000.0,Working,Secondary / secondary special,Married,House / apartment,-15997,-7341,Laborers,2,4,0
5139856,0.0,0,F,N,Y,0,157500.0,Working,Secondary / secondary special,Separated,House / apartment,-19097,-674,Core staff,1,4,0
5139857,0.0,C,F,N,Y,0,157500.0,Working,Secondary / secondary special,Separated,House / apartment,-19097,-674,Core staff,1,4,0
5139873,0.0,0,F,Y,Y,0,720000.0,Commercial associate,Higher education,Separated,House / apartment,-20791,-4814,Managers,1,3,2
5139874,0.0,0,F,Y,Y,0,720000.0,Commercial associate,Higher education,Separated,House / apartment,-20791,-4814,Managers,1,3,2
5139877,0.0,C,F,Y,Y,0,720000.0,Commercial associate,Higher education,Separated,House / apartment,-20791,-4814,Managers,1,3,2
5139879,0.0,C,F,Y,Y,0,720000.0,Commercial associate,Higher education,Separated,House / apartment,-20791,-4814,Managers,1,3,2
5139880,0.0,C,F,Y,Y,0,720000.0,Commercial associate,Higher education,Separated,House / apartment,-20791,-4814,Managers,1,3,2
5139882,0.0,0,F,Y,Y,0,720000.0,Commercial associate,Higher education,Separated,House / apartment,-20791,-4814,Managers,1,3,2
5139883,0.0,X,F,Y,Y,0,720000.0,Commercial associate,Higher education,Separated,House / apartment,-20791,-4814,Managers,1,3,2
5139897,0.0,C,F,Y,N,1,166500.0,State servant,Higher education,Married,House / apartment,-14489,-5819,Medicine staff,3,0,1
5139898,0.0,C,F,Y,N,1,166500.0,State servant,Higher education,Married,House / apartment,-14489,-5819,Medicine staff,3,0,1
5139899,0.0,C,F,Y,N,1,166500.0,State servant,Higher education,Married,House / apartment,-14489,-5819,Medicine staff,3,0,1
5139900,0.0,C,F,Y,N,1,166500.0,State servant,Higher education,Married,House / apartment,-14489,-5819,Medicine staff,3,0,1
5139901,0.0,C,F,Y,N,1,166500.0,State servant,Higher education,Married,House / apartment,-14489,-5819,Medicine staff,3,0,1
5139911,0.0,C,F,Y,N,1,166500.0,State servant,Higher education,Married,House / apartment,-14489,-5819,Medicine staff,3,0,1
5139912,0.0,C,F,Y,N,1,166500.0,State servant,Higher education,Married,House / apartment,-14489,-5819,Medicine staff,3,0,1
5139913,0.0,C,F,Y,N,1,166500.0,State servant,Higher education,Married,House / apartment,-14489,-5819,Medicine staff,3,0,1
5139914,0.0,C,F,N,N,2,112500.0,Commercial associate,Secondary / secondary special,Married,House / apartment,-12189,-309,Sales staff,4,1,1
5139916,0.0,C,F,N,N,2,112500.0,Commercial associate,Secondary / secondary special,Married,House / apartment,-12189,-309,Sales staff,4,1,1
5139917,0.0,C,F,N,N,2,112500.0,Commercial associate,Secondary / secondary special,Married,House / apartment,-12189,-309,Sales staff,4,1,1
5139954,0.0,C,M,Y,Y,0,135000.0,Working,Higher education,Married,House / apartment,-11746,-401,Managers,2,0,0
5139956,0.0,X,M,Y,Y,0,135000.0,Working,Higher education,Married,House / apartment,-11746,-401,Managers,2,0,0
5139958,0.0,X,M,Y,Y,0,135000.0,Working,Higher education,Married,House / apartment,-11746,-401,Managers,2,0,0
5139959,0.0,0,M,Y,Y,0,135000.0,Working,Higher education,Married,House / apartment,-11746,-401,Managers,2,0,0
5139962,0.0,X,M,Y,Y,0,135000.0,Working,Higher education,Married,House / apartment,-11746,-401,Managers,2,0,0
5139987,0.0,X,F,Y,N,0,135000.0,Commercial associate,Secondary / secondary special,Single / not married,House / apartment,-9332,-1497,Sales staff,1,1,0
5139988,0.0,X,F,Y,N,0,135000.0,Commercial associate,Secondary / secondary special,Single / not married,House / apartment,-9332,-1497,Sales staff,1,1,0
5140013,0.0,X,F,Y,Y,1,180000.0,Commercial associate,Secondary / secondary special,Single / not married,House / apartment,-11348,-1436,Private service staff,2,1,0
5140014,0.0,C,F,Y,Y,1,180000.0,Commercial associate,Secondary / secondary special,Single / not married,House / apartment,-11348,-1436,Private service staff,2,1,0
5140016,0.0,C,F,Y,Y,1,180000.0,Commercial associate,Secondary / secondary special,Single / not married,House / apartment,-11348,-1436,Private service staff,2,1,0
5140019,0.0,C,F,Y,Y,1,180000.0,Commercial associate,Secondary / secondary special,Single / not married,House / apartment,-11348,-1436,Private service staff,2,1,0
5140021,0.0,C,F,Y,Y,1,180000.0,Commercial associate,Secondary / secondary special,Single / not married,House / apartment,-11348,-1436,Private service staff,2,1,0
5140022,0.0,C,F,Y,Y,1,180000.0,Commercial associate,Secondary / secondary special,Single / not married,House / apartment,-11348,-1436,Private service staff,2,1,0
5140057,0.0,C,M,Y,Y,0,157500.0,Working,Secondary / secondary special,Single / not married,House / apartment,-10716,-1254,Laborers,1,2,0
5140074,0.0,C,F,N,Y,0,90000.0,Commercial associate,Secondary / secondary special,Married,House / apartment,-15124,-431,Core staff,2,1,0
5140077,0.0,C,F,N,Y,0,90000.0,Commercial associate,Secondary / secondary special,Married,House / apartment,-15124,-431,Core staff,2,1,0
5140078,0.0,0,F,N,Y,0,90000.0,Commercial associate,Secondary / secondary special,Married,House / apartment,-15124,-431,Core staff,2,1,0
5140079,0.0,0,F,N,Y,0,90000.0,Commercial associate,Secondary / secondary special,Married,House / apartment,-15124,-431,Core staff,2,1,0
5140096,0.0,C,F,Y,Y,0,225000.0,Working,Higher education,Married,House / apartment,-16589,-1497,Core staff,2,0,0
5140097,0.0,C,F,Y,Y,0,225000.0,Working,Higher education,Married,House / apartment,-16589,-1497,Core staff,2,0,0
5140099,0.0,0,F,Y,Y,0,225000.0,Working,Higher education,Married,House / apartment,-16589,-1497,Core staff,2,1,0
5140100,0.0,0,F,Y,Y,0,225000.0,Working,Higher education,Married,House / apartment,-16589,-1497,Core staff,2,1,0
5140101,0.0,X,F,N,N,0,135000.0,State servant,Secondary / secondary special,Single / not married,House / apartment,-20627,-1285,Core staff,1,1,0
5140102,0.0,0,F,N,N,0,135000.0,State servant,Secondary / secondary special,Single / not married,House / apartment,-20627,-1285,Core staff,1,1,0
5140103,0.0,0,F,N,N,0,135000.0,State servant,Secondary / secondary special,Single / not married,House / apartment,-20627,-1285,Core staff,1,1,0
5140104,0.0,C,F,N,N,0,135000.0,State servant,Secondary / secondary special,Single / not married,House / apartment,-20627,-1285,Core staff,1,1,0
5140105,0.0,X,F,N,N,0,135000.0,State servant,Secondary / secondary special,Single / not married,House / apartment,-20627,-1285,Core staff,1,1,0
5140106,0.0,C,M,Y,Y,0,360000.0,Working,Secondary / secondary special,Married,House / apartment,-20186,-827,Laborers,2,2,2
5140107,0.0,C,M,Y,Y,0,360000.0,Working,Secondary / secondary special,Married,House / apartment,-20186,-827,Laborers,2,2,2
5140108,0.0,C,M,Y,Y,0,360000.0,Working,Secondary / secondary special,Married,House / apartment,-20186,-827,Laborers,2,2,2
5140109,0.0,C,M,Y,Y,0,360000.0,Working,Secondary / secondary special,Married,House / apartment,-20186,-827,Laborers,2,2,2
5140110,0.0,0,M,N,Y,0,193500.0,Commercial associate,Incomplete higher,Single / not married,House / apartment,-9070,-401,Sales staff,1,1,0
5140113,0.0,C,F,N,Y,1,81000.0,Working,Secondary / secondary special,Civil marriage,House / apartment,-16591,-8254,Core staff,3,4,0
5140115,0.0,0,F,N,Y,1,81000.0,Working,Secondary / secondary special,Civil marriage,House / apartment,-16591,-8254,Core staff,3,4,0
5140116,0.0,0,M,Y,Y,0,247500.0,Working,Secondary / secondary special,Married,House / apartment,-23215,-523,High skill tech staff,2,2,0
5140131,0.0,C,M,N,Y,1,225000.0,Working,Secondary / secondary special,Married,House / apartment,-16244,-1254,Cleaning staff,3,2,1
5140135,0.0,X,M,N,Y,1,225000.0,Working,Secondary / secondary special,Married,House / apartment,-16244,-1254,Cleaning staff,3,4,1
5140139,0.0,0,M,Y,N,1,135000.0,Working,Secondary / secondary special,Married,House / apartment,-8750,-1589,Laborers,3,2,1
5140141,0.0,X,M,N,N,0,450000.0,Working,Secondary / secondary special,Married,House / apartment,-18326,-2897,Managers,2,2,2
5140168,0.0,C,F,Y,Y,1,270000.0,Commercial associate,Higher education,Civil marriage,House / apartment,-11978,-1558,Managers,3,3,1
5140169,0.0,X,F,Y,Y,1,270000.0,Commercial associate,Higher education,Civil marriage,House / apartment,-11978,-1558,Managers,3,3,1
5140191,0.0,C,M,N,N,0,157500.0,Working,Secondary / secondary special,Single / not married,Rented apartment,-9991,-766,Laborers,1,2,0
5140192,0.0,C,M,N,N,0,157500.0,Working,Secondary / secondary special,Single / not married,Rented apartment,-9991,-766,Laborers,1,2,0
5142085,0.0,X,F,Y,Y,0,112500.0,Commercial associate,Secondary / secondary special,Married,House / apartment,-20018,-1732,Laborers,2,1,0
5142086,0.0,C,F,Y,Y,0,112500.0,Commercial associate,Secondary / secondary special,Married,House / apartment,-20018,-1732,Laborers,2,0,0
5142087,0.0,X,F,Y,Y,0,112500.0,Commercial associate,Secondary / secondary special,Married,House / apartment,-20018,-1732,Laborers,2,1,0
5142090,0.0,X,M,N,N,0,315000.0,Working,Secondary / secondary special,Married,House / apartment,-10860,-1001,Security staff,2,4,2
5142091,0.0,X,M,N,N,0,315000.0,Working,Secondary / secondary special,Married,House / apartment,-10860,-1001,Security staff,2,4,2
5142092,0.0,C,M,N,N,0,315000.0,Working,Secondary / secondary special,Married,House / apartment,-10860,-1001,Security staff,2,2,2
5142093,0.0,X,M,N,N,0,315000.0,Working,Secondary / secondary special,Married,House / apartment,-10860,-1001,Security staff,2,4,2
5142094,0.0,0,M,N,N,0,315000.0,Working,Secondary / secondary special,Married,House / apartment,-10860,-1001,Security staff,2,4,2
5142095,0.0,X,M,N,N,0,315000.0,Working,Secondary / secondary special,Married,House / apartment,-10860,-1001,Security staff,2,4,2
5142103,0.0,C,F,N,N,0,180000.0,Working,Secondary / secondary special,Married,House / apartment,-10309,-1610,Laborers,2,2,0
5142105,0.0,0,F,N,N,0,180000.0,Working,Secondary / secondary special,Married,House / apartment,-10309,-1610,Laborers,2,4,0
5142107,0.0,C,F,N,N,0,180000.0,Working,Secondary / secondary special,Married,House / apartment,-10309,-1610,Laborers,2,2,0
5142112,0.0,C,M,Y,Y,1,225000.0,Commercial associate,Secondary / secondary special,Single / not married,House / apartment,-14939,-5384,Laborers,2,0,0
5142114,0.0,X,M,Y,Y,1,225000.0,Commercial associate,Secondary / secondary special,Single / not married,House / apartment,-14939,-5384,Laborers,2,1,0
5142117,0.0,C,M,N,N,1,225000.0,Working,Higher education,Married,House / apartment,-18093,-2493,Managers,3,0,1
5142119,0.0,C,M,N,Y,0,157500.0,Working,Secondary / secondary special,Married,House / apartment,-13525,-986,Laborers,2,2,0
5142126,0.0,X,F,N,N,0,283500.0,Commercial associate,Secondary / secondary special,Married,Municipal apartment,-17630,-5080,Cooking staff,2,1,2
5142129,0.0,0,F,N,N,0,283500.0,Commercial associate,Secondary / secondary special,Married,Municipal apartment,-17630,-5080,Cooking staff,2,1,2
5142137,0.0,C,F,N,N,2,144000.0,Working,Secondary / secondary special,Married,House / apartment,-17001,-5004,Medicine staff,4,2,1
5142138,0.0,0,F,N,N,2,144000.0,Working,Secondary / secondary special,Married,House / apartment,-17001,-5004,Medicine staff,4,4,1
5142139,0.0,0,F,N,N,2,144000.0,Working,Secondary / secondary special,Married,House / apartment,-17001,-5004,Medicine staff,4,4,1
5142141,0.0,C,F,N,N,2,144000.0,Working,Secondary / secondary special,Married,House / apartment,-17001,-5004,Medicine staff,4,2,1
5142143,0.0,0,F,N,N,2,144000.0,Working,Secondary / secondary special,Married,House / apartment,-17001,-5004,Medicine staff,4,4,1
5142144,0.0,0,F,N,N,2,144000.0,Working,Secondary / secondary special,Married,House / apartment,-17001,-5004,Medicine staff,4,4,1
5142147,0.0,C,F,N,N,0,90000.0,Working,Secondary / secondary special,Married,House / apartment,-14046,-1306,Sales staff,2,2,0
5142148,0.0,0,F,N,N,0,90000.0,Working,Secondary / secondary special,Married,House / apartment,-14046,-1306,Sales staff,2,4,0
5142149,0.0,0,M,Y,Y,0,450000.0,Working,Secondary / secondary special,Single / not married,House / apartment,-15960,-3574,High skill tech staff,1,4,2
5142150,0.0,0,M,Y,Y,0,450000.0,Working,Secondary / secondary special,Single / not married,House / apartment,-15960,-3574,High skill tech staff,1,4,2
5142152,0.0,0,M,Y,Y,0,450000.0,Working,Secondary / secondary special,Single / not married,House / apartment,-15960,-3574,High skill tech staff,1,4,2
5142153,0.0,1,M,Y,Y,0,450000.0,Working,Secondary / secondary special,Single / not married,House / apartment,-15960,-3574,High skill tech staff,1,1,0
5142154,0.0,0,M,Y,Y,0,450000.0,Working,Secondary / secondary special,Single / not married,House / apartment,-15960,-3574,High skill tech staff,1,4,2
5142155,0.0,0,M,Y,Y,0,450000.0,Working,Secondary / secondary special,Single / not married,House / apartment,-15960,-3574,High skill tech staff,1,4,2
5142156,0.0,X,M,Y,Y,0,450000.0,Working,Secondary / secondary special,Single / not married,House / apartment,-15960,-3574,High skill tech staff,1,4,2
5142158,0.0,0,M,N,Y,1,360000.0,Working,Secondary / secondary special,Civil marriage,House / apartment,-11524,-2554,Sales staff,3,4,2
5142159,0.0,C,M,N,Y,1,360000.0,Working,Secondary / secondary special,Civil marriage,House / apartment,-11524,-2554,Sales staff,3,2,2
5142160,0.0,C,M,N,Y,1,360000.0,Working,Secondary / secondary special,Civil marriage,House / apartment,-11524,-2554,Sales staff,3,2,2
5142161,0.0,C,M,N,Y,1,360000.0,Working,Secondary / secondary special,Civil marriage,House / apartment,-11524,-2554,Sales staff,3,2,2
5142163,0.0,C,M,N,Y,1,360000.0,Working,Secondary / secondary special,Civil marriage,House / apartment,-11524,-2554,Sales staff,3,2,2
5142164,0.0,C,M,N,Y,1,360000.0,Working,Secondary / secondary special,Civil marriage,House / apartment,-11524,-2554,Sales staff,3,2,2
5142165,0.0,C,M,N,Y,1,360000.0,Working,Secondary / secondary special,Civil marriage,House / apartment,-11524,-2554,Sales staff,3,2,2
5142166,0.0,C,M,N,Y,1,360000.0,Working,Secondary / secondary special,Civil marriage,House / apartment,-11524,-2554,Sales staff,3,2,2
5142168,0.0,C,M,N,Y,0,315000.0,Working,Secondary / secondary special,Married,House / apartment,-12943,-4029,Laborers,2,2,2
5142170,0.0,C,M,N,Y,0,315000.0,Working,Secondary / secondary special,Married,House / apartment,-12943,-4029,Laborers,2,2,2
5142171,0.0,C,M,N,Y,0,315000.0,Working,Secondary / secondary special,Married,House / apartment,-12943,-4029,Laborers,2,2,2
5142172,0.0,0,M,Y,Y,0,247500.0,Working,Secondary / secondary special,Married,Co-op apartment,-11085,-2783,Sales staff,2,4,0
5142174,0.0,C,M,Y,Y,0,247500.0,Working,Secondary / secondary special,Married,Co-op apartment,-11085,-2783,Sales staff,2,2,0
5142179,0.0,C,M,N,Y,2,337500.0,Commercial associate,Secondary / secondary special,Married,House / apartment,-9732,-134,Low-skill Laborers,4,0,1
5142180,0.0,0,M,N,Y,2,337500.0,Commercial associate,Secondary / secondary special,Married,House / apartment,-9732,-134,Low-skill Laborers,4,1,1
5142183,0.0,C,M,Y,Y,2,450000.0,Commercial associate,Higher education,Married,House / apartment,-17841,-4305,Managers,4,0,2
5142184,0.0,C,M,Y,Y,2,450000.0,Commercial associate,Higher education,Married,House / apartment,-17841,-4305,Managers,4,0,2
5142186,0.0,C,F,N,Y,0,180000.0,Working,Secondary / secondary special,Married,House / apartment,-18492,-9479,High skill tech staff,2,2,0
5142188,0.0,X,F,N,Y,0,180000.0,Working,Secondary / secondary special,Married,House / apartment,-18492,-9479,High skill tech staff,2,4,0
5142189,0.0,X,M,Y,Y,0,225000.0,Commercial associate,Secondary / secondary special,Separated,House / apartment,-9383,-407,Managers,1,1,0
5142193,0.0,X,F,N,N,0,90000.0,Working,Secondary / secondary special,Married,House / apartment,-10957,-1214,Cooking staff,2,4,0
5142194,0.0,X,F,N,N,0,90000.0,Working,Secondary / secondary special,Married,House / apartment,-10957,-1214,Cooking staff,2,4,0
5142195,0.0,0,F,N,N,0,90000.0,Working,Secondary / secondary special,Married,House / apartment,-10957,-1214,Cooking staff,2,4,0
5142196,0.0,C,F,N,N,0,90000.0,Working,Secondary / secondary special,Married,House / apartment,-10957,-1214,Cooking staff,2,2,0
5142197,0.0,C,F,N,N,0,90000.0,Working,Secondary / secondary special,Married,House / apartment,-10957,-1214,Cooking staff,2,2,0
5142200,0.0,0,F,N,Y,0,360000.0,Commercial associate,Higher education,Civil marriage,House / apartment,-17797,-3558,Sales staff,2,3,2
5142203,0.0,C,M,Y,Y,0,468000.0,State servant,Secondary / secondary special,Married,House / apartment,-14887,-3117,Laborers,2,2,2
5142207,0.0,C,M,Y,Y,0,468000.0,State servant,Secondary / secondary special,Married,House / apartment,-14887,-3117,Laborers,2,2,2
5142210,0.0,C,F,Y,Y,0,112500.0,Commercial associate,Secondary / secondary special,Single / not married,House / apartment,-19304,-1367,Medicine staff,1,1,0
5142211,0.0,C,F,Y,Y,0,112500.0,Commercial associate,Secondary / secondary special,Single / not married,House / apartment,-19304,-1367,Medicine staff,1,1,0
5142212,0.0,X,M,Y,Y,0,202500.0,Commercial associate,Secondary / secondary special,Married,House / apartment,-12557,-210,Laborers,2,2,0
5142213,0.0,C,M,Y,Y,0,202500.0,Commercial associate,Secondary / secondary special,Married,House / apartment,-12557,-210,Laborers,2,0,0
5142218,0.0,C,M,Y,Y,0,157500.0,State servant,Secondary / secondary special,Married,House / apartment,-15942,-1748,Managers,2,0,0
5142219,0.0,C,F,N,Y,1,112500.0,Working,Secondary / secondary special,Married,House / apartment,-9811,-864,Core staff,3,2,1
5142220,0.0,C,F,N,Y,1,112500.0,Working,Secondary / secondary special,Married,House / apartment,-9811,-864,Core staff,3,2,1
5142221,0.0,C,F,N,Y,1,112500.0,Working,Secondary / secondary special,Married,House / apartment,-9811,-864,Core staff,3,2,1
5142224,0.0,C,F,N,Y,1,112500.0,Working,Secondary / secondary special,Married,House / apartment,-9811,-864,Core staff,3,2,1
5142239,0.0,0,F,Y,Y,0,270000.0,State servant,Higher education,Married,House / apartment,-16421,-8230,Managers,2,3,2
5142240,0.0,0,F,Y,Y,0,270000.0,State servant,Higher education,Married,House / apartment,-16421,-8230,Managers,2,3,2
5142241,0.0,C,F,Y,Y,0,270000.0,State servant,Higher education,Married,House / apartment,-16421,-8230,Managers,2,0,2
5142242,0.0,C,F,Y,Y,0,270000.0,State servant,Higher education,Married,House / apartment,-16421,-8230,Managers,2,0,2
5142243,0.0,0,F,Y,Y,0,270000.0,State servant,Higher education,Married,House / apartment,-16421,-8230,Managers,2,3,2
5142244,0.0,C,M,Y,Y,2,180000.0,Working,Higher education,Married,House / apartment,-19580,-1230,Laborers,4,0,1
5142245,0.0,C,M,Y,Y,2,180000.0,Working,Higher education,Married,House / apartment,-19580,-1230,Laborers,4,0,1
5142247,0.0,C,F,N,Y,0,225000.0,State servant,Secondary / secondary special,Married,House / apartment,-19826,-2340,Private service staff,2,1,0
5142248,0.0,C,F,N,Y,0,225000.0,State servant,Secondary / secondary special,Married,House / apartment,-19826,-2340,Private service staff,2,1,0
5142254,0.0,X,F,N,N,0,171000.0,State servant,Secondary / secondary special,Single / not married,House / apartment,-19570,-1625,Laborers,1,4,0
5142256,0.0,0,F,N,N,0,171000.0,State servant,Secondary / secondary special,Single / not married,House / apartment,-19570,-1625,Laborers,1,4,0
5142259,0.0,X,F,N,N,0,171000.0,State servant,Secondary / secondary special,Single / not married,House / apartment,-19570,-1625,Laborers,1,4,0
5142283,0.0,C,M,Y,N,1,360000.0,Working,Secondary / secondary special,Married,House / apartment,-12052,-4624,Managers,3,2,2
5142287,0.0,X,M,Y,N,1,360000.0,Working,Secondary / secondary special,Married,House / apartment,-12052,-4624,Managers,3,2,2
5142290,0.0,0,F,N,Y,1,162000.0,State servant,Higher education,Civil marriage,House / apartment,-15027,-88,Accountants,3,3,1
5142292,0.0,C,M,N,Y,2,135000.0,Commercial associate,Secondary / secondary special,Married,House / apartment,-15339,-164,Laborers,4,2,1
5142293,0.0,C,M,Y,Y,0,261000.0,Working,Higher education,Single / not married,With parents,-8156,-302,Laborers,1,0,0
5142303,0.0,X,M,Y,Y,0,360000.0,Commercial associate,Higher education,Married,House / apartment,-17389,-2113,Drivers,2,3,2
5142304,0.0,0,M,Y,Y,0,360000.0,Commercial associate,Higher education,Married,House / apartment,-17389,-2113,Drivers,2,3,2
5142305,0.0,C,M,Y,Y,0,360000.0,Commercial associate,Higher education,Married,House / apartment,-17389,-2113,Drivers,2,0,2
5142298,0.0,C,F,N,Y,0,81000.0,Commercial associate,Secondary / secondary special,Single / not married,House / apartment,-9866,-2583,Medicine staff,1,1,0
5142300,0.0,C,F,N,Y,0,81000.0,Commercial associate,Secondary / secondary special,Single / not married,House / apartment,-9866,-2583,Medicine staff,1,1,0
5142307,0.0,X,F,N,Y,0,135000.0,Commercial associate,Secondary / secondary special,Married,House / apartment,-18886,-2523,Sales staff,2,1,0
5142309,0.0,C,F,N,Y,0,135000.0,Commercial associate,Secondary / secondary special,Married,House / apartment,-18886,-2523,Sales staff,2,1,0
5142310,0.0,X,F,N,Y,0,135000.0,Commercial associate,Secondary / secondary special,Married,House / apartment,-18886,-2523,Sales staff,2,1,0
5142314,0.0,C,M,N,Y,2,225000.0,Working,Secondary / secondary special,Married,House / apartment,-16778,-332,Core staff,4,2,1
5142320,0.0,0,M,Y,Y,0,157500.0,Commercial associate,Secondary / secondary special,Civil marriage,House / apartment,-9941,-1990,Drivers,2,1,0
5142321,0.0,0,M,Y,Y,0,157500.0,Commercial associate,Secondary / secondary special,Civil marriage,House / apartment,-9941,-1990,Drivers,2,1,0
5142322,0.0,0,M,Y,Y,0,157500.0,Commercial associate,Secondary / secondary special,Civil marriage,House / apartment,-9941,-1990,Drivers,2,1,0
5142323,0.0,C,M,Y,Y,0,157500.0,Commercial associate,Secondary / secondary special,Civil marriage,House / apartment,-9941,-1990,Drivers,2,0,0
5142325,0.0,0,M,Y,Y,1,202500.0,Commercial associate,Higher education,Married,House / apartment,-8814,-818,Drivers,3,3,1
5142326,0.0,C,M,Y,Y,1,202500.0,Commercial associate,Higher education,Married,House / apartment,-8814,-818,Drivers,3,0,1
5142332,0.0,C,F,Y,N,2,180000.0,Working,Higher education,Married,House / apartment,-12709,-3193,Managers,4,0,1
5142337,0.0,X,F,Y,N,2,180000.0,Working,Higher education,Married,House / apartment,-12709,-3193,Managers,4,0,1
5142338,0.0,X,F,Y,N,2,180000.0,Working,Higher education,Married,House / apartment,-12709,-3193,Managers,4,0,1
5142339,0.0,X,F,Y,N,2,180000.0,Working,Higher education,Married,House / apartment,-12709,-3193,Managers,4,0,1
5142340,0.0,C,F,Y,N,2,180000.0,Working,Higher education,Married,House / apartment,-12709,-3193,Managers,4,0,1
5142341,0.0,X,F,Y,N,2,180000.0,Working,Higher education,Married,House / apartment,-12709,-3193,Managers,4,0,1
5142342,0.0,C,F,Y,N,2,180000.0,Working,Higher education,Married,House / apartment,-12709,-3193,Managers,4,0,1
5142350,0.0,C,M,Y,Y,1,202500.0,Commercial associate,Secondary / secondary special,Civil marriage,House / apartment,-11890,-741,Sales staff,3,0,1
5142353,0.0,X,M,N,Y,1,202500.0,Working,Secondary / secondary special,Married,House / apartment,-13426,-6753,Laborers,3,2,1
5142355,0.0,X,M,N,Y,1,202500.0,Working,Secondary / secondary special,Married,House / apartment,-13426,-6753,Laborers,3,2,1
5142356,0.0,X,M,N,Y,1,202500.0,Working,Secondary / secondary special,Married,House / apartment,-13426,-6753,Laborers,3,2,1
5142363,0.0,1,M,Y,Y,1,112500.0,Working,Secondary / secondary special,Married,House / apartment,-16204,-925,Drivers,3,1,0
5142364,0.0,C,M,Y,Y,1,112500.0,Working,Secondary / secondary special,Married,House / apartment,-16204,-925,Drivers,3,2,1
5142365,0.0,C,M,Y,Y,1,112500.0,Working,Secondary / secondary special,Married,House / apartment,-16204,-925,Drivers,3,2,1
5142367,0.0,C,M,Y,Y,1,112500.0,Working,Secondary / secondary special,Married,House / apartment,-16204,-925,Drivers,3,2,1
5142369,0.0,C,M,Y,Y,1,112500.0,Working,Secondary / secondary special,Married,House / apartment,-16204,-925,Drivers,3,2,1
5142371,0.0,C,M,Y,Y,1,112500.0,Working,Secondary / secondary special,Married,House / apartment,-16204,-925,Drivers,3,2,1
5142373,0.0,0,M,Y,Y,1,112500.0,Working,Secondary / secondary special,Married,House / apartment,-16204,-925,Drivers,3,2,1
5142375,0.0,0,M,Y,N,0,180000.0,Commercial associate,Incomplete higher,Single / not married,With parents,-9538,-195,Laborers,1,1,0
5142376,0.0,X,M,Y,N,0,180000.0,Commercial associate,Incomplete higher,Single / not married,With parents,-9538,-195,Laborers,1,1,0
5142377,0.0,0,M,Y,Y,0,157500.0,Working,Secondary / secondary special,Single / not married,House / apartment,-16182,-1564,Laborers,1,4,0
5142378,0.0,C,F,N,Y,1,135000.0,Working,Secondary / secondary special,Single / not married,House / apartment,-17315,-2128,Sales staff,2,4,0
5142379,0.0,C,M,Y,N,0,112500.0,Working,Secondary / secondary special,Civil marriage,With parents,-8466,-483,Core staff,2,2,0
5142380,0.0,0,M,Y,N,0,112500.0,Working,Secondary / secondary special,Civil marriage,With parents,-8466,-483,Core staff,2,4,0
5142381,0.0,C,M,Y,N,0,112500.0,Working,Secondary / secondary special,Civil marriage,With parents,-8466,-483,Core staff,2,2,0
5142382,0.0,C,M,Y,N,0,112500.0,Working,Secondary / secondary special,Civil marriage,With parents,-8466,-483,Core staff,2,2,0
5142384,0.0,C,M,Y,Y,2,225000.0,Working,Higher education,Single / not married,House / apartment,-17476,-697,Managers,3,0,1
5142392,0.0,X,F,N,Y,0,90000.0,State servant,Secondary / secondary special,Married,House / apartment,-19461,-5124,Core staff,2,1,0
5142417,0.0,X,M,N,Y,1,270000.0,Commercial associate,Incomplete higher,Married,House / apartment,-12443,-1169,Drivers,3,1,1
5142419,0.0,C,M,N,Y,1,270000.0,Commercial associate,Incomplete higher,Married,House / apartment,-12443,-1169,Drivers,3,0,1
5142420,0.0,X,M,N,Y,1,270000.0,Commercial associate,Incomplete higher,Married,House / apartment,-12443,-1169,Drivers,3,1,1
5142421,0.0,C,M,N,Y,1,270000.0,Commercial associate,Incomplete higher,Married,House / apartment,-12443,-1169,Drivers,3,0,1
5142422,0.0,C,M,N,Y,1,270000.0,Commercial associate,Incomplete higher,Married,House / apartment,-12443,-1169,Drivers,3,0,1
5142426,0.0,X,F,N,Y,0,157500.0,State servant,Higher education,Married,House / apartment,-22179,-7622,Managers,2,3,0
5142429,0.0,X,F,N,Y,0,157500.0,State servant,Higher education,Married,House / apartment,-22179,-7622,Managers,2,3,0
5142430,0.0,C,F,N,Y,0,157500.0,State servant,Higher education,Married,House / apartment,-22179,-7622,Managers,2,3,0
5142434,0.0,X,F,N,Y,0,157500.0,State servant,Higher education,Married,House / apartment,-22179,-7622,Managers,2,3,0
5142435,0.0,X,F,N,Y,0,157500.0,State servant,Higher education,Married,House / apartment,-22179,-7622,Managers,2,3,0
5142437,0.0,X,M,Y,Y,1,225000.0,Working,Higher education,Married,House / apartment,-16783,-3451,Managers,3,0,1
5142439,0.0,C,M,Y,Y,1,225000.0,Working,Higher education,Married,House / apartment,-16783,-3451,Managers,3,0,1
5142441,0.0,0,M,Y,Y,1,225000.0,Working,Higher education,Married,House / apartment,-16783,-3451,Managers,3,0,1
5142445,0.0,X,M,N,Y,0,315000.0,Commercial associate,Secondary / secondary special,Single / not married,House / apartment,-12727,-2478,Security staff,1,1,2
5142446,0.0,C,M,Y,Y,0,315000.0,Working,Incomplete higher,Married,House / apartment,-10655,-1444,Managers,2,0,2
5142449,0.0,0,M,Y,Y,0,315000.0,Working,Incomplete higher,Married,House / apartment,-10655,-1444,Managers,2,0,2
5142450,0.0,X,M,Y,Y,0,315000.0,Working,Incomplete higher,Married,House / apartment,-10655,-1444,Managers,2,0,2
5142451,0.0,0,M,Y,Y,0,315000.0,Working,Incomplete higher,Married,House / apartment,-10655,-1444,Managers,2,0,2
5142454,0.0,X,M,Y,Y,0,315000.0,Working,Incomplete higher,Married,House / apartment,-10655,-1444,Managers,2,0,2
5142467,0.0,C,M,N,Y,1,117000.0,Commercial associate,Secondary / secondary special,Civil marriage,House / apartment,-16809,-5247,Laborers,3,1,1
5142470,0.0,0,M,N,Y,1,117000.0,Commercial associate,Secondary / secondary special,Civil marriage,House / apartment,-16809,-5247,Laborers,3,1,1
5142471,0.0,C,M,N,Y,1,117000.0,Commercial associate,Secondary / secondary special,Civil marriage,House / apartment,-16809,-5247,Laborers,3,1,1
5142473,0.0,C,M,Y,Y,2,112500.0,Working,Secondary / secondary special,Married,House / apartment,-12998,-925,Laborers,4,2,1
5142474,0.0,C,M,Y,Y,2,112500.0,Working,Secondary / secondary special,Married,House / apartment,-12998,-925,Laborers,4,2,1
5142476,0.0,X,F,N,Y,2,76500.0,Working,Higher education,Married,House / apartment,-11191,-741,Managers,4,1,1
5142477,0.0,X,F,N,Y,2,76500.0,Working,Higher education,Married,House / apartment,-11191,-741,Managers,4,1,1
5142478,0.0,0,F,N,Y,2,76500.0,Working,Higher education,Married,House / apartment,-11191,-741,Managers,4,1,1
5142479,0.0,X,F,N,Y,2,76500.0,Working,Higher education,Married,House / apartment,-11191,-741,Managers,4,1,1
5142480,0.0,C,M,Y,N,2,166500.0,Commercial associate,Higher education,Married,House / apartment,-12312,-1199,Core staff,4,0,1
5142482,0.0,0,M,Y,N,2,166500.0,Commercial associate,Higher education,Married,House / apartment,-12312,-1199,Core staff,4,3,1
5142484,0.0,C,M,Y,N,2,166500.0,Commercial associate,Higher education,Married,House / apartment,-12312,-1199,Core staff,4,0,1
5142485,0.0,X,M,Y,N,2,166500.0,Commercial associate,Higher education,Married,House / apartment,-12312,-1199,Core staff,4,3,1
5142488,0.0,C,F,N,Y,0,135000.0,Working,Secondary / secondary special,Civil marriage,House / apartment,-15920,-6861,Core staff,2,4,0
5142489,0.0,0,F,N,Y,0,135000.0,Working,Secondary / secondary special,Civil marriage,House / apartment,-15920,-6861,Core staff,2,4,0
5142490,0.0,C,F,N,Y,0,135000.0,Working,Secondary / secondary special,Civil marriage,House / apartment,-15920,-6861,Core staff,2,4,0
5142491,0.0,X,F,N,Y,0,135000.0,Working,Secondary / secondary special,Civil marriage,House / apartment,-15920,-6861,Core staff,2,4,0
5142493,0.0,C,F,N,Y,0,135000.0,Working,Secondary / secondary special,Civil marriage,House / apartment,-15920,-6861,Core staff,2,4,0
5142494,0.0,C,F,Y,Y,1,135000.0,Commercial associate,Higher education,Married,House / apartment,-15481,-2874,Private service staff,3,3,1
5142495,0.0,C,F,Y,Y,1,135000.0,Commercial associate,Higher education,Married,House / apartment,-15481,-2874,Private service staff,3,3,1
5142496,0.0,C,F,Y,Y,1,135000.0,Commercial associate,Higher education,Married,House / apartment,-15481,-2874,Private service staff,3,3,1
5142497,0.0,C,F,Y,Y,1,135000.0,Commercial associate,Higher education,Married,House / apartment,-15481,-2874,Private service staff,3,3,1
5142498,0.0,C,F,Y,Y,1,135000.0,Commercial associate,Higher education,Married,House / apartment,-15481,-2874,Private service staff,3,3,1
5142499,0.0,C,F,Y,Y,1,135000.0,Commercial associate,Higher education,Married,House / apartment,-15481,-2874,Private service staff,3,3,1
5142500,0.0,0,F,Y,Y,1,135000.0,Commercial associate,Higher education,Married,House / apartment,-15481,-2874,Private service staff,3,3,1
5142505,0.0,C,M,N,Y,2,135000.0,Commercial associate,Secondary / secondary special,Married,House / apartment,-17299,-376,Security staff,4,0,1
5142506,0.0,1,M,N,Y,2,135000.0,Commercial associate,Secondary / secondary special,Married,House / apartment,-17299,-376,Security staff,4,1,0
5142507,0.0,0,F,N,Y,0,189000.0,Working,Secondary / secondary special,Married,House / apartment,-14555,-256,Cleaning staff,2,4,0
5142508,0.0,0,F,N,Y,0,189000.0,Working,Secondary / secondary special,Married,House / apartment,-14555,-256,Cleaning staff,2,4,0
5142512,0.0,X,M,N,Y,1,202500.0,Working,Secondary / secondary special,Single / not married,House / apartment,-12152,-1230,Laborers,2,4,0
5142513,0.0,C,M,N,Y,1,202500.0,Working,Secondary / secondary special,Single / not married,House / apartment,-12152,-1230,Laborers,2,2,0
5142517,0.0,0,F,N,Y,1,157500.0,Working,Secondary / secondary special,Married,House / apartment,-16806,-468,Cooking staff,3,4,1
5142518,0.0,0,F,N,Y,1,157500.0,Working,Secondary / secondary special,Married,House / apartment,-16806,-468,Cooking staff,3,4,1
5142526,0.0,C,M,Y,N,0,90000.0,Working,Secondary / secondary special,Single / not married,House / apartment,-19377,-103,Laborers,1,2,0
5142527,0.0,X,M,Y,N,0,90000.0,Working,Secondary / secondary special,Single / not married,House / apartment,-19377,-103,Laborers,1,2,0
5142530,0.0,C,F,N,N,0,157500.0,Working,Secondary / secondary special,Married,Municipal apartment,-18246,-2417,Core staff,2,2,0
5142532,0.0,C,F,N,N,0,157500.0,Working,Secondary / secondary special,Married,Municipal apartment,-18246,-2417,Core staff,2,2,0
5142534,0.0,0,F,N,N,0,157500.0,Working,Secondary / secondary special,Married,Municipal apartment,-18246,-2417,Core staff,2,4,0
5142538,0.0,C,F,Y,Y,0,157500.0,Commercial associate,Higher education,Single / not married,House / apartment,-15849,-1138,Private service staff,1,3,0
5142543,0.0,C,F,Y,Y,0,157500.0,Commercial associate,Higher education,Single / not married,House / apartment,-15849,-1138,Private service staff,1,3,0
5142547,0.0,C,F,Y,Y,0,157500.0,Commercial associate,Higher education,Single / not married,House / apartment,-15849,-1138,Private service staff,1,3,0
5142548,0.0,C,F,Y,Y,0,157500.0,Commercial associate,Higher education,Single / not married,House / apartment,-15849,-1138,Private service staff,1,3,0
5142549,0.0,0,F,Y,Y,0,157500.0,Commercial associate,Higher education,Single / not married,House / apartment,-15849,-1138,Private service staff,1,3,0
5142554,0.0,C,F,Y,Y,0,216000.0,Working,Higher education,Married,House / apartment,-18529,-1809,Secretaries,2,0,0
5142557,0.0,X,F,N,Y,0,114750.0,Working,Secondary / secondary special,Widow,House / apartment,-20325,-4213,Security staff,1,4,0
5142558,0.0,C,F,N,Y,0,114750.0,Working,Secondary / secondary special,Widow,House / apartment,-20325,-4213,Security staff,1,4,0
5142559,0.0,C,M,N,Y,0,225000.0,Commercial associate,Secondary / secondary special,Married,House / apartment,-18610,-134,Laborers,2,2,0
5142561,0.0,0,M,N,N,0,225000.0,Working,Secondary / secondary special,Married,House / apartment,-18186,-376,Laborers,2,4,0
5142562,0.0,0,M,N,N,0,225000.0,Working,Secondary / secondary special,Married,House / apartment,-18186,-376,Laborers,2,4,0
5142563,0.0,C,M,N,N,0,225000.0,Working,Secondary / secondary special,Married,House / apartment,-18186,-376,Laborers,2,2,0
5142564,0.0,0,M,N,N,0,225000.0,Working,Secondary / secondary special,Married,House / apartment,-18186,-376,Laborers,2,4,0
5142573,0.0,C,F,N,Y,0,126000.0,Working,Higher education,Single / not married,House / apartment,-19728,-2905,Laborers,1,0,0
5142581,0.0,C,M,Y,Y,0,301500.0,Working,Secondary / secondary special,Married,Rented apartment,-9009,-864,Laborers,2,2,2
5142584,0.0,0,M,Y,Y,0,301500.0,Working,Secondary / secondary special,Married,Rented apartment,-9009,-864,Laborers,2,2,2
5142585,0.0,0,M,Y,Y,0,301500.0,Working,Secondary / secondary special,Married,Rented apartment,-9009,-864,Laborers,2,2,2
5142586,0.0,X,M,Y,Y,0,301500.0,Working,Secondary / secondary special,Married,Rented apartment,-9009,-864,Laborers,2,2,2
5142587,0.0,0,M,Y,Y,0,301500.0,Working,Secondary / secondary special,Married,Rented apartment,-9009,-864,Laborers,2,2,2
5142588,0.0,0,M,Y,Y,0,301500.0,Working,Secondary / secondary special,Married,Rented apartment,-9009,-864,Laborers,2,2,2
5142589,0.0,X,M,Y,Y,0,301500.0,Working,Secondary / secondary special,Married,Rented apartment,-9009,-864,Laborers,2,2,2
5142590,0.0,C,F,N,Y,0,180000.0,State servant,Higher education,Single / not married,House / apartment,-12410,-3270,Core staff,1,3,0
5142592,0.0,C,F,N,Y,0,180000.0,State servant,Higher education,Single / not married,House / apartment,-12410,-3270,Core staff,1,3,0
5142596,0.0,X,F,N,Y,0,315000.0,Commercial associate,Higher education,Married,House / apartment,-17837,-468,Secretaries,2,3,2
5142597,0.0,X,F,N,Y,0,315000.0,Commercial associate,Higher education,Married,House / apartment,-17837,-468,Secretaries,2,3,2
5142612,0.0,C,M,N,N,2,216000.0,Working,Higher education,Married,House / apartment,-12559,-4275,Core staff,4,0,1
5142614,0.0,C,M,N,N,2,216000.0,Working,Higher education,Married,House / apartment,-12559,-4275,Core staff,4,0,1
5142615,0.0,C,F,Y,N,1,180000.0,Commercial associate,Secondary / secondary special,Married,House / apartment,-10492,-1079,Core staff,3,0,1
5142617,0.0,C,F,Y,N,1,180000.0,Commercial associate,Secondary / secondary special,Married,House / apartment,-10492,-1079,Core staff,3,0,1
5142618,0.0,0,F,Y,N,1,180000.0,Commercial associate,Secondary / secondary special,Married,House / apartment,-10492,-1079,Core staff,3,1,1
5142620,0.0,C,F,N,N,1,270000.0,Working,Secondary / secondary special,Separated,House / apartment,-14846,-1292,High skill tech staff,2,4,0
5142621,0.0,C,F,N,N,1,270000.0,Working,Secondary / secondary special,Separated,House / apartment,-14846,-1292,High skill tech staff,2,4,0
5142622,0.0,C,F,N,N,1,270000.0,Working,Secondary / secondary special,Separated,House / apartment,-14846,-1292,High skill tech staff,2,4,0
5142624,0.0,0,F,N,N,1,225000.0,Working,Incomplete higher,Married,With parents,-15817,-7379,Accountants,3,1,1
5142625,0.0,0,F,N,N,1,225000.0,Working,Incomplete higher,Married,With parents,-15817,-7379,Accountants,3,1,1
5142630,0.0,0,F,N,N,1,225000.0,Working,Incomplete higher,Married,With parents,-15817,-7379,Accountants,3,1,1
5142632,0.0,C,F,N,N,1,225000.0,Working,Incomplete higher,Married,With parents,-15817,-7379,Accountants,3,0,1
5142633,0.0,C,M,Y,N,2,180000.0,Commercial associate,Secondary / secondary special,Married,House / apartment,-12341,-3483,Laborers,4,0,1
5142634,0.0,0,M,Y,N,2,180000.0,Commercial associate,Secondary / secondary special,Married,House / apartment,-12341,-3483,Laborers,4,1,1
5142635,0.0,0,F,N,N,0,180000.0,Working,Secondary / secondary special,Married,House / apartment,-18234,-2965,Core staff,2,4,0
5142638,0.0,C,F,N,N,0,180000.0,Working,Secondary / secondary special,Married,House / apartment,-18234,-2965,Core staff,2,2,0
5142639,0.0,C,F,N,N,0,180000.0,Working,Secondary / secondary special,Married,House / apartment,-18234,-2965,Core staff,2,2,0
5142640,0.0,0,F,N,N,0,180000.0,Working,Secondary / secondary special,Married,House / apartment,-18234,-2965,Core staff,2,4,0
5142641,0.0,C,F,N,N,0,180000.0,Working,Secondary / secondary special,Married,House / apartment,-18234,-2965,Core staff,2,2,0
5142642,0.0,X,F,N,N,0,180000.0,Working,Secondary / secondary special,Married,House / apartment,-18234,-2965,Core staff,2,4,0
5142659,0.0,X,M,Y,N,2,180000.0,Commercial associate,Secondary / secondary special,Married,House / apartment,-14781,-2934,Managers,4,1,1
5142661,0.0,C,F,N,N,0,117000.0,Working,Secondary / secondary special,Civil marriage,House / apartment,-15424,-6801,Managers,2,2,0
5142663,0.0,0,F,N,N,0,117000.0,Working,Secondary / secondary special,Civil marriage,House / apartment,-15424,-6801,Managers,2,4,0
5142665,0.0,C,F,N,N,0,117000.0,Working,Secondary / secondary special,Civil marriage,House / apartment,-15424,-6801,Managers,2,2,0
5142666,0.0,X,F,N,N,0,90000.0,Working,Secondary / secondary special,Single / not married,House / apartment,-15382,-288,Laborers,1,4,0
5142667,0.0,1,F,N,N,0,90000.0,Working,Secondary / secondary special,Single / not married,House / apartment,-15382,-288,Laborers,1,1,0
5142681,0.0,C,F,N,N,2,157500.0,Working,Secondary / secondary special,Married,House / apartment,-13266,-3271,Laborers,4,2,1
5142682,0.0,0,F,N,N,2,157500.0,Working,Secondary / secondary special,Married,House / apartment,-13266,-3271,Laborers,4,4,1
5142683,0.0,0,M,N,N,2,157500.0,Commercial associate,Secondary / secondary special,Married,House / apartment,-14994,-926,Managers,4,1,1
5142684,0.0,0,M,N,N,2,157500.0,Commercial associate,Secondary / secondary special,Married,House / apartment,-14994,-926,Managers,4,1,1
5142686,0.0,C,F,N,N,0,207000.0,Commercial associate,Higher education,Married,House / apartment,-10673,-469,Managers,2,3,0
5142688,0.0,C,M,Y,N,2,135000.0,State servant,Secondary / secondary special,Married,House / apartment,-14038,-6558,Core staff,4,0,1
5142690,0.0,C,M,Y,N,2,135000.0,State servant,Secondary / secondary special,Married,House / apartment,-14038,-6558,Core staff,4,0,1
5142691,0.0,0,M,Y,N,2,135000.0,State servant,Secondary / secondary special,Married,House / apartment,-14038,-6558,Core staff,4,1,1
5142698,0.0,C,F,Y,N,0,95850.0,Commercial associate,Secondary / secondary special,Married,House / apartment,-18931,-6678,Laborers,2,0,0
5142699,0.0,0,F,Y,N,0,95850.0,Commercial associate,Secondary / secondary special,Married,House / apartment,-18931,-6678,Laborers,2,1,0
5142701,0.0,0,F,Y,N,0,95850.0,Commercial associate,Secondary / secondary special,Married,House / apartment,-18931,-6678,Laborers,2,1,0
5142702,0.0,0,M,Y,N,1,121500.0,Working,Secondary / secondary special,Separated,House / apartment,-14372,-349,Drivers,2,4,0
5142703,0.0,0,M,Y,N,0,207000.0,Working,Secondary / secondary special,Civil marriage,House / apartment,-11657,-653,Laborers,2,4,0
5142704,0.0,0,M,Y,N,0,207000.0,Working,Secondary / secondary special,Civil marriage,House / apartment,-11657,-653,Laborers,2,4,0
5142712,0.0,C,F,N,N,0,202500.0,Working,Secondary / secondary special,Single / not married,House / apartment,-20669,-13102,Medicine staff,1,4,0
5142713,0.0,C,F,N,N,0,202500.0,Working,Secondary / secondary special,Single / not married,House / apartment,-20669,-13102,Medicine staff,1,4,0
5142714,0.0,C,F,N,N,0,202500.0,Working,Secondary / secondary special,Single / not married,House / apartment,-20669,-13102,Medicine staff,1,4,0
5142718,0.0,C,F,N,N,0,202500.0,Working,Secondary / secondary special,Single / not married,House / apartment,-20669,-13102,Medicine staff,1,4,0
5142719,0.0,C,F,N,N,0,202500.0,Working,Secondary / secondary special,Single / not married,House / apartment,-20669,-13102,Medicine staff,1,4,0
5142720,0.0,C,F,N,N,0,202500.0,Working,Secondary / secondary special,Single / not married,House / apartment,-20669,-13102,Medicine staff,1,4,0
5142721,0.0,C,F,N,N,0,202500.0,Working,Secondary / secondary special,Single / not married,House / apartment,-20669,-13102,Medicine staff,1,4,0
5142723,0.0,C,F,N,N,2,135000.0,Working,Higher education,Civil marriage,House / apartment,-13634,-6344,Accountants,4,0,1
5142727,0.0,C,F,N,N,2,135000.0,Working,Higher education,Civil marriage,House / apartment,-13634,-6344,Accountants,4,0,1
5142730,0.0,C,M,Y,N,1,144000.0,Working,Secondary / secondary special,Married,House / apartment,-12116,-196,Drivers,3,2,1
5142731,0.0,C,M,Y,N,1,144000.0,Working,Secondary / secondary special,Married,House / apartment,-12116,-196,Drivers,3,2,1
5142732,0.0,C,M,Y,N,1,144000.0,Working,Secondary / secondary special,Married,House / apartment,-12116,-196,Drivers,3,2,1
5142733,0.0,C,M,N,N,1,360000.0,Working,Higher education,Married,House / apartment,-11112,-469,Managers,3,0,2
5142734,0.0,C,M,N,N,1,360000.0,Working,Higher education,Married,House / apartment,-11112,-469,Managers,3,0,2
5142736,0.0,X,M,N,N,1,360000.0,Working,Higher education,Married,House / apartment,-11112,-469,Managers,3,0,2
5142738,0.0,C,M,N,N,1,360000.0,Working,Higher education,Married,House / apartment,-11112,-469,Managers,3,0,2
5142740,0.0,C,M,N,N,1,360000.0,Working,Higher education,Married,House / apartment,-11112,-469,Managers,3,0,2
5142743,0.0,C,F,N,N,0,81000.0,Working,Secondary / secondary special,Single / not married,House / apartment,-17876,-377,Private service staff,1,4,0
5142744,0.0,C,F,N,N,0,81000.0,Working,Secondary / secondary special,Single / not married,House / apartment,-17876,-377,Private service staff,1,4,0
5142745,0.0,C,F,N,N,0,81000.0,Working,Secondary / secondary special,Single / not married,House / apartment,-17876,-377,Private service staff,1,4,0
5142746,0.0,C,F,N,N,0,81000.0,Working,Secondary / secondary special,Single / not married,House / apartment,-17876,-377,Private service staff,1,4,0
5142747,0.0,C,F,N,N,0,81000.0,Working,Secondary / secondary special,Single / not married,House / apartment,-17876,-377,Private service staff,1,4,0
5142749,0.0,C,F,N,N,0,81000.0,Working,Secondary / secondary special,Single / not married,House / apartment,-17876,-377,Private service staff,1,4,0
5142751,0.0,C,F,N,N,0,81000.0,Working,Secondary / secondary special,Single / not married,House / apartment,-17876,-377,Private service staff,1,4,0
5142752,0.0,0,F,N,N,0,81000.0,Working,Secondary / secondary special,Single / not married,House / apartment,-17876,-377,Private service staff,1,4,0
5142753,0.0,0,F,N,N,0,81000.0,Working,Secondary / secondary special,Single / not married,House / apartment,-17876,-377,Private service staff,1,4,0
5142756,0.0,0,F,N,N,0,67500.0,Working,Secondary / secondary special,Married,House / apartment,-11997,-3118,Sales staff,2,4,0
5142758,0.0,C,M,Y,N,1,337500.0,Commercial associate,Higher education,Separated,House / apartment,-15333,-196,Managers,2,3,2
5142760,0.0,C,M,Y,N,1,337500.0,Commercial associate,Higher education,Separated,House / apartment,-15333,-196,Managers,2,3,2
5142761,0.0,C,M,Y,N,1,337500.0,Commercial associate,Higher education,Separated,House / apartment,-15333,-196,Managers,2,3,2
5142763,0.0,0,F,N,N,0,117000.0,Commercial associate,Secondary / secondary special,Single / not married,With parents,-10021,-530,Sales staff,1,1,0
5142764,0.0,0,F,N,N,0,117000.0,Commercial associate,Secondary / secondary special,Single / not married,With parents,-10021,-530,Sales staff,1,1,0
5142765,0.0,C,F,Y,N,4,202500.0,Working,Incomplete higher,Married,House / apartment,-12448,-4395,Core staff,6,0,1
5142766,0.0,0,F,Y,N,4,202500.0,Working,Incomplete higher,Married,House / apartment,-12448,-4395,Core staff,6,1,1
5142769,0.0,1,F,Y,N,4,202500.0,Working,Incomplete higher,Married,House / apartment,-12448,-4395,Core staff,6,1,0
5142770,0.0,C,F,Y,N,4,202500.0,Working,Incomplete higher,Married,House / apartment,-12448,-4395,Core staff,6,0,1
5142771,0.0,C,M,Y,N,2,184500.0,Working,Higher education,Married,House / apartment,-12518,-926,Drivers,4,0,1
5142773,0.0,C,M,Y,N,2,184500.0,Working,Higher education,Married,House / apartment,-12518,-926,Drivers,4,0,1
5142775,0.0,0,M,Y,N,2,184500.0,Working,Higher education,Married,House / apartment,-12518,-926,Drivers,4,0,1
5142777,0.0,C,M,Y,N,2,157500.0,Working,Secondary / secondary special,Separated,With parents,-13979,-1626,Laborers,3,2,1
5142779,0.0,C,M,Y,N,2,157500.0,Working,Secondary / secondary special,Separated,With parents,-13979,-1626,Laborers,3,2,1
5142784,0.0,0,M,Y,N,2,157500.0,Working,Secondary / secondary special,Separated,With parents,-13979,-1626,Laborers,3,4,1
5142790,0.0,0,F,N,N,1,189000.0,Working,Secondary / secondary special,Married,House / apartment,-18979,-4487,Core staff,3,4,1
5142791,0.0,0,F,N,N,1,189000.0,Working,Secondary / secondary special,Married,House / apartment,-18979,-4487,Core staff,3,4,1
5142792,0.0,0,F,N,N,1,189000.0,Working,Secondary / secondary special,Married,House / apartment,-18979,-4487,Core staff,3,4,1
5142793,0.0,C,M,N,N,2,90000.0,Working,Secondary / secondary special,Married,With parents,-11100,-1838,Low-skill Laborers,4,2,1
5142794,0.0,C,M,N,N,2,90000.0,Working,Secondary / secondary special,Married,With parents,-11100,-1838,Low-skill Laborers,4,2,1
5142796,0.0,X,M,Y,N,1,202500.0,Working,Secondary / secondary special,Separated,With parents,-13745,-622,Laborers,2,2,0
5142800,0.0,C,F,N,N,0,180000.0,Working,Secondary / secondary special,Married,House / apartment,-18382,-4548,Accountants,2,2,0
5142801,0.0,C,F,N,N,0,180000.0,Working,Secondary / secondary special,Married,House / apartment,-18382,-4548,Accountants,2,2,0
5142802,0.0,C,F,N,N,0,180000.0,Working,Secondary / secondary special,Married,House / apartment,-18382,-4548,Accountants,2,2,0
5142803,0.0,C,F,N,N,0,180000.0,Working,Secondary / secondary special,Married,House / apartment,-18382,-4548,Accountants,2,2,0
5142804,0.0,C,F,N,N,0,180000.0,Working,Secondary / secondary special,Married,House / apartment,-18382,-4548,Accountants,2,2,0
5142805,0.0,C,F,N,N,0,180000.0,Working,Secondary / secondary special,Married,House / apartment,-18382,-4548,Accountants,2,2,0
5142806,0.0,X,F,N,N,0,180000.0,Working,Secondary / secondary special,Married,House / apartment,-18382,-4548,Accountants,2,4,0
5142807,0.0,X,F,N,N,0,180000.0,Working,Secondary / secondary special,Married,House / apartment,-18382,-4548,Accountants,2,4,0
5142808,0.0,X,F,N,N,0,180000.0,Working,Secondary / secondary special,Married,House / apartment,-18382,-4548,Accountants,2,4,0
5142809,0.0,X,F,N,N,0,180000.0,Working,Secondary / secondary special,Married,House / apartment,-18382,-4548,Accountants,2,4,0
5142810,0.0,X,F,N,N,0,180000.0,Working,Secondary / secondary special,Married,House / apartment,-18382,-4548,Accountants,2,4,0
5142811,0.0,C,M,Y,N,0,202500.0,State servant,Secondary / secondary special,Married,House / apartment,-11648,-4275,Core staff,2,0,0
5142812,0.0,C,M,Y,N,0,202500.0,State servant,Secondary / secondary special,Married,House / apartment,-11648,-4275,Core staff,2,0,0
5142813,0.0,0,M,Y,N,0,202500.0,State servant,Secondary / secondary special,Married,House / apartment,-11648,-4275,Core staff,2,1,0
5142814,0.0,0,M,Y,N,0,126000.0,Commercial associate,Incomplete higher,Married,House / apartment,-10359,-2906,Laborers,2,1,0
5142815,0.0,C,M,Y,N,0,126000.0,Commercial associate,Incomplete higher,Married,House / apartment,-10359,-2906,Laborers,2,0,0
5142817,0.0,X,M,N,N,1,315000.0,Working,Secondary / secondary special,Married,House / apartment,-17537,-1749,Laborers,3,2,2
5142820,0.0,X,M,N,N,1,315000.0,Working,Secondary / secondary special,Married,House / apartment,-17537,-1749,Laborers,3,2,2
5142821,0.0,C,M,Y,N,1,180000.0,Working,Higher education,Single / not married,House / apartment,-14883,-6221,Managers,2,0,0
5142822,0.0,0,M,Y,N,1,180000.0,Working,Higher education,Single / not married,House / apartment,-14883,-6221,Managers,2,1,0
5142823,0.0,X,M,Y,N,1,180000.0,Working,Higher education,Single / not married,House / apartment,-14883,-6221,Managers,2,0,0
5142824,0.0,C,M,Y,N,1,180000.0,Working,Higher education,Single / not married,House / apartment,-14883,-6221,Managers,2,0,0
5142825,0.0,C,M,Y,N,1,180000.0,Working,Higher education,Single / not married,House / apartment,-14883,-6221,Managers,2,0,0
5142826,0.0,0,M,Y,N,1,180000.0,Working,Higher education,Single / not married,House / apartment,-14883,-6221,Managers,2,1,0
5142829,0.0,C,F,N,N,0,157500.0,Commercial associate,Secondary / secondary special,Married,House / apartment,-16908,-2934,Cooking staff,2,1,0
5142831,0.0,0,F,N,N,0,157500.0,Commercial associate,Secondary / secondary special,Married,House / apartment,-16908,-2934,Cooking staff,2,1,0
5142832,0.0,X,F,N,N,0,121500.0,Commercial associate,Secondary / secondary special,Single / not married,House / apartment,-12176,-1292,Cooking staff,1,1,0
5142836,0.0,0,M,Y,N,0,225000.0,Working,Secondary / secondary special,Single / not married,Rented apartment,-9488,-1810,Laborers,1,4,0
5142838,0.0,C,M,Y,N,0,225000.0,Working,Secondary / secondary special,Single / not married,Rented apartment,-9488,-1810,Laborers,1,2,0
5142863,0.0,0,F,Y,N,4,202500.0,State servant,Secondary / secondary special,Married,House / apartment,-14555,-1838,Core staff,6,1,1
5142864,0.0,0,F,Y,N,4,202500.0,State servant,Secondary / secondary special,Married,House / apartment,-14555,-1838,Core staff,6,1,1
5142867,0.0,0,F,Y,N,4,202500.0,State servant,Secondary / secondary special,Married,House / apartment,-14555,-1838,Core staff,6,1,1
5142881,0.0,X,F,Y,N,0,247500.0,Working,Secondary / secondary special,Single / not married,House / apartment,-10129,-1108,Medicine staff,1,4,0
5142885,0.0,C,F,N,N,0,81000.0,Working,Secondary / secondary special,Married,House / apartment,-9172,-2175,Laborers,2,2,0
5142886,0.0,0,F,N,N,0,81000.0,Working,Secondary / secondary special,Married,House / apartment,-9172,-2175,Laborers,2,4,0
5142887,0.0,0,F,N,N,0,81000.0,Working,Secondary / secondary special,Married,House / apartment,-9172,-2175,Laborers,2,4,0
5142888,0.0,0,F,N,N,0,81000.0,Working,Secondary / secondary special,Married,House / apartment,-9172,-2175,Laborers,2,4,0
5142889,0.0,0,F,N,N,0,81000.0,Working,Secondary / secondary special,Married,House / apartment,-9172,-2175,Laborers,2,4,0
5142891,0.0,C,F,N,N,0,247500.0,Working,Secondary / secondary special,Married,House / apartment,-15260,-622,Laborers,2,2,0
5142892,0.0,C,F,N,N,0,247500.0,Working,Secondary / secondary special,Married,House / apartment,-15260,-622,Laborers,2,2,0
5142893,0.0,C,F,N,N,0,247500.0,Working,Secondary / secondary special,Married,House / apartment,-15260,-622,Laborers,2,2,0
5142894,0.0,0,F,N,N,0,247500.0,Working,Secondary / secondary special,Married,House / apartment,-15260,-622,Laborers,2,4,0
5142895,0.0,C,F,N,N,0,247500.0,Working,Secondary / secondary special,Married,House / apartment,-15260,-622,Laborers,2,2,0
5142897,0.0,C,F,N,N,0,247500.0,Working,Secondary / secondary special,Married,House / apartment,-15260,-622,Laborers,2,2,0
5142899,0.0,C,F,N,N,0,112500.0,Commercial associate,Higher education,Single / not married,With parents,-9052,-227,Laborers,1,3,0
5142900,0.0,C,F,N,N,0,112500.0,Commercial associate,Higher education,Single / not married,With parents,-9052,-227,Laborers,1,3,0
5142908,0.0,C,F,N,N,1,292500.0,Working,Incomplete higher,Married,House / apartment,-12454,-4030,Sales staff,3,0,1
5142911,0.0,X,F,N,N,1,292500.0,Working,Incomplete higher,Married,House / apartment,-12454,-4030,Sales staff,3,1,1
5142914,0.0,X,F,N,N,1,292500.0,Working,Incomplete higher,Married,House / apartment,-12454,-4030,Sales staff,3,1,1
5142915,0.0,X,F,N,N,1,292500.0,Working,Incomplete higher,Married,House / apartment,-12454,-4030,Sales staff,3,1,1
5142916,0.0,0,F,N,N,1,292500.0,Working,Incomplete higher,Married,House / apartment,-12454,-4030,Sales staff,3,1,1
5142921,0.0,C,F,N,N,1,292500.0,Working,Incomplete higher,Married,House / apartment,-12454,-4030,Sales staff,3,0,1
5142925,0.0,C,F,N,N,1,292500.0,Working,Incomplete higher,Married,House / apartment,-12454,-4030,Sales staff,3,0,1
5142926,0.0,C,F,N,N,1,292500.0,Working,Incomplete higher,Married,House / apartment,-12454,-4030,Sales staff,3,0,1
5142927,0.0,X,F,N,N,1,292500.0,Working,Incomplete higher,Married,House / apartment,-12454,-4030,Sales staff,3,1,1
5142953,0.0,0,M,N,N,1,202500.0,Working,Secondary / secondary special,Separated,House / apartment,-8274,-742,Laborers,2,4,0
5142954,0.0,C,M,N,N,1,202500.0,Working,Secondary / secondary special,Separated,House / apartment,-8274,-742,Laborers,2,2,0
5142958,0.0,0,M,Y,N,1,225000.0,Working,Secondary / secondary special,Married,House / apartment,-12239,-2600,Managers,3,2,1
5142962,0.0,0,M,Y,N,1,225000.0,Working,Secondary / secondary special,Married,House / apartment,-12239,-2600,Managers,3,2,1
5142963,0.0,X,M,N,N,1,180000.0,Working,Secondary / secondary special,Married,House / apartment,-10656,-926,Laborers,3,2,1
5142966,0.0,X,M,N,N,1,180000.0,Working,Secondary / secondary special,Married,House / apartment,-10656,-926,Laborers,3,2,1
5142968,0.0,C,M,N,N,1,180000.0,Working,Secondary / secondary special,Married,House / apartment,-10656,-926,Laborers,3,2,1
5142969,0.0,C,M,N,N,1,180000.0,Working,Secondary / secondary special,Married,House / apartment,-10656,-926,Laborers,3,2,1
5142971,0.0,C,M,N,N,1,180000.0,Working,Secondary / secondary special,Married,House / apartment,-10656,-926,Laborers,3,2,1
5142974,0.0,0,M,N,N,1,180000.0,Working,Secondary / secondary special,Married,House / apartment,-10656,-926,Laborers,3,4,1
5142975,0.0,C,F,N,N,0,67500.0,Working,Secondary / secondary special,Single / not married,House / apartment,-8661,-500,Sales staff,1,4,0
5142976,0.0,C,F,N,N,0,67500.0,Working,Secondary / secondary special,Single / not married,House / apartment,-8661,-500,Sales staff,1,4,0
5142977,0.0,C,F,N,N,0,67500.0,Working,Secondary / secondary special,Single / not married,House / apartment,-8661,-500,Sales staff,1,4,0
5142978,0.0,0,M,N,N,0,261000.0,Commercial associate,Secondary / secondary special,Married,House / apartment,-11108,-2600,Sales staff,2,1,0
5142979,0.0,C,M,N,N,0,261000.0,Commercial associate,Secondary / secondary special,Married,House / apartment,-11108,-2600,Sales staff,2,0,0
5142983,0.0,0,M,N,N,0,261000.0,Commercial associate,Secondary / secondary special,Married,House / apartment,-11108,-2600,Sales staff,2,1,0
5142984,0.0,C,F,N,N,1,135000.0,Working,Higher education,Married,House / apartment,-10567,-1504,Core staff,3,0,1
5142987,0.0,C,F,N,N,1,135000.0,Working,Higher education,Married,House / apartment,-10567,-1504,Core staff,3,0,1
5142988,0.0,C,F,N,N,1,135000.0,Working,Higher education,Married,House / apartment,-10567,-1504,Core staff,3,0,1
5142989,0.0,X,F,N,N,1,135000.0,Working,Higher education,Married,House / apartment,-10567,-1504,Core staff,3,1,1
5142991,0.0,C,M,Y,N,0,76500.0,Working,Higher education,Married,House / apartment,-9628,-2356,High skill tech staff,2,0,0
5142993,0.0,X,F,Y,N,0,180000.0,Commercial associate,Higher education,Single / not married,House / apartment,-10132,-1108,Core staff,1,3,0
5142994,0.0,X,F,Y,N,0,180000.0,Commercial associate,Higher education,Single / not married,House / apartment,-10132,-1108,Core staff,1,3,0
5142996,0.0,X,F,Y,N,0,180000.0,Commercial associate,Higher education,Single / not married,House / apartment,-10132,-1108,Core staff,1,3,0
5142997,0.0,X,M,Y,N,1,166500.0,State servant,Secondary / secondary special,Married,With parents,-12372,-5401,Core staff,3,1,1
5142998,0.0,X,M,Y,N,1,166500.0,State servant,Secondary / secondary special,Married,With parents,-12372,-5401,Core staff,3,1,1
5142999,0.0,X,M,Y,N,1,166500.0,State servant,Secondary / secondary special,Married,With parents,-12372,-5401,Core staff,3,1,1
5143000,0.0,X,M,Y,N,1,166500.0,State servant,Secondary / secondary special,Married,With parents,-12372,-5401,Core staff,3,1,1
5143015,0.0,C,M,N,N,0,180000.0,Commercial associate,Secondary / secondary special,Civil marriage,Rented apartment,-14542,-3179,Laborers,2,1,0
5143016,0.0,0,M,N,N,0,180000.0,Commercial associate,Secondary / secondary special,Civil marriage,Rented apartment,-14542,-3179,Laborers,2,1,0
5143017,0.0,C,M,N,N,0,180000.0,Commercial associate,Secondary / secondary special,Civil marriage,Rented apartment,-14542,-3179,Laborers,2,1,0
5143018,0.0,C,M,N,N,0,270000.0,Working,Secondary / secondary special,Married,With parents,-11768,-622,Laborers,2,2,0
5143019,0.0,C,M,N,N,0,270000.0,Working,Secondary / secondary special,Married,With parents,-11768,-622,Laborers,2,2,0
5143020,0.0,C,M,N,N,0,270000.0,Working,Secondary / secondary special,Married,With parents,-11768,-622,Laborers,2,2,0
5143022,0.0,C,M,N,N,0,270000.0,Working,Secondary / secondary special,Married,With parents,-11768,-622,Laborers,2,2,0
5143023,0.0,C,M,N,N,0,270000.0,Working,Secondary / secondary special,Married,With parents,-11768,-622,Laborers,2,2,0
5143024,0.0,C,M,N,N,0,270000.0,Working,Secondary / secondary special,Married,With parents,-11768,-622,Laborers,2,2,0
5143025,0.0,0,M,N,N,0,270000.0,Working,Secondary / secondary special,Married,With parents,-11768,-622,Laborers,2,4,0
5143027,0.0,0,M,Y,N,0,225000.0,Commercial associate,Secondary / secondary special,Married,House / apartment,-13188,-227,Managers,2,1,0
5143028,0.0,X,M,Y,N,0,225000.0,Commercial associate,Secondary / secondary special,Married,House / apartment,-13188,-227,Managers,2,1,0
5143029,0.0,C,M,Y,N,0,225000.0,Commercial associate,Secondary / secondary special,Married,House / apartment,-13188,-227,Managers,2,0,0
5143032,0.0,X,M,Y,N,0,225000.0,Commercial associate,Secondary / secondary special,Married,House / apartment,-13188,-227,Managers,2,1,0
5143033,0.0,C,M,N,N,0,225000.0,Commercial associate,Secondary / secondary special,Single / not married,House / apartment,-19000,-1170,Drivers,1,1,0
5143034,0.0,C,M,N,N,1,270000.0,Working,Higher education,Married,House / apartment,-10108,-1473,High skill tech staff,3,0,1
5143035,0.0,C,M,N,N,1,270000.0,Working,Higher education,Married,House / apartment,-10108,-1473,High skill tech staff,3,0,1
5143039,0.0,X,M,N,N,1,270000.0,Working,Higher education,Married,House / apartment,-10108,-1473,High skill tech staff,3,0,1
5143040,0.0,C,F,N,N,0,135000.0,State servant,Higher education,Single / not married,House / apartment,-10370,-1384,Accountants,1,3,0
5143041,0.0,X,F,N,N,0,135000.0,State servant,Higher education,Single / not married,House / apartment,-10370,-1384,Accountants,1,3,0
5143042,0.0,X,F,N,N,0,135000.0,State servant,Higher education,Single / not married,House / apartment,-10370,-1384,Accountants,1,3,0
5143043,0.0,0,F,N,N,0,135000.0,State servant,Higher education,Single / not married,House / apartment,-10370,-1384,Accountants,1,1,0
5143045,0.0,C,M,Y,N,2,360000.0,Working,Secondary / secondary special,Married,House / apartment,-16030,-2540,Drivers,4,2,1
5143047,0.0,C,M,Y,N,2,360000.0,Working,Secondary / secondary special,Married,House / apartment,-16030,-2540,Drivers,4,2,1
5143048,0.0,C,M,Y,N,2,360000.0,Working,Secondary / secondary special,Married,House / apartment,-16030,-2540,Drivers,4,2,1
5143049,0.0,C,M,Y,N,2,360000.0,Working,Secondary / secondary special,Married,House / apartment,-16030,-2540,Drivers,4,2,1
5143050,0.0,C,M,Y,N,2,360000.0,Working,Secondary / secondary special,Married,House / apartment,-16030,-2540,Drivers,4,2,1
5143051,0.0,C,M,N,N,0,180000.0,Commercial associate,Secondary / secondary special,Married,House / apartment,-14070,-1565,Laborers,2,2,0
5143052,0.0,C,M,N,N,0,180000.0,Commercial associate,Secondary / secondary special,Married,House / apartment,-14070,-1565,Laborers,2,2,0
5143054,0.0,C,M,N,N,0,180000.0,Commercial associate,Secondary / secondary special,Married,House / apartment,-14070,-1565,Laborers,2,2,0
5143056,0.0,C,M,N,N,0,180000.0,Commercial associate,Secondary / secondary special,Married,House / apartment,-14070,-1565,Laborers,2,2,0
5143057,0.0,C,M,N,N,0,180000.0,Commercial associate,Secondary / secondary special,Married,House / apartment,-14070,-1565,Laborers,2,2,0
5143058,0.0,0,F,N,N,0,135000.0,Working,Secondary / secondary special,Married,With parents,-10014,-592,Core staff,2,4,0
5143061,0.0,0,F,N,N,0,135000.0,Working,Secondary / secondary special,Married,With parents,-10014,-592,Core staff,2,4,0
5143065,0.0,X,F,Y,N,1,157500.0,Working,Higher education,Married,House / apartment,-9697,-257,Sales staff,3,0,1
5143066,0.0,X,F,Y,N,1,157500.0,Working,Higher education,Married,House / apartment,-9697,-257,Sales staff,3,0,1
5143068,0.0,X,F,Y,N,1,157500.0,Working,Higher education,Married,House / apartment,-9697,-257,Sales staff,3,0,1
5143069,0.0,X,F,Y,N,1,157500.0,Working,Higher education,Married,House / apartment,-9697,-257,Sales staff,3,0,1
5143070,0.0,X,F,Y,N,1,157500.0,Working,Higher education,Married,House / apartment,-9697,-257,Sales staff,3,0,1
5143072,0.0,X,F,Y,N,1,157500.0,Working,Higher education,Married,House / apartment,-9697,-257,Sales staff,3,0,1
5143073,0.0,X,F,Y,N,1,157500.0,Working,Higher education,Married,House / apartment,-9697,-257,Sales staff,3,0,1
5143074,0.0,X,F,Y,N,1,157500.0,Working,Higher education,Married,House / apartment,-9697,-257,Sales staff,3,0,1
5143075,0.0,X,F,Y,N,1,157500.0,Working,Higher education,Married,House / apartment,-9697,-257,Sales staff,3,0,1
5143077,0.0,0,M,N,N,0,90000.0,Working,Secondary / secondary special,Married,House / apartment,-14546,-349,Drivers,2,4,0
5143078,0.0,0,M,N,N,0,90000.0,Working,Secondary / secondary special,Married,House / apartment,-14546,-349,Drivers,2,4,0
5143079,0.0,0,F,Y,N,0,225000.0,Commercial associate,Secondary / secondary special,Married,House / apartment,-13926,-500,Sales staff,2,1,0
5143081,0.0,0,F,Y,N,0,225000.0,Commercial associate,Secondary / secondary special,Married,House / apartment,-13926,-500,Sales staff,2,1,0
5143084,0.0,0,F,Y,N,0,225000.0,Commercial associate,Secondary / secondary special,Married,House / apartment,-13926,-500,Sales staff,2,1,0
5143085,0.0,0,F,Y,N,0,225000.0,Commercial associate,Secondary / secondary special,Married,House / apartment,-13926,-500,Sales staff,2,1,0
5143091,0.0,0,F,N,N,0,225000.0,Working,Secondary / secondary special,Married,House / apartment,-18480,-987,Accountants,2,4,0
5143100,0.0,0,F,N,N,2,47250.0,Working,Secondary / secondary special,Married,With parents,-11651,-318,Laborers,4,4,1
5143101,0.0,C,F,N,N,0,112500.0,Working,Secondary / secondary special,Married,House / apartment,-9865,-196,Laborers,2,2,0
5143102,0.0,C,F,N,N,0,112500.0,Working,Secondary / secondary special,Married,House / apartment,-9865,-196,Laborers,2,2,0
5143105,0.0,C,M,Y,N,0,135000.0,Working,Secondary / secondary special,Married,House / apartment,-8899,-2326,Waiters/barmen staff,2,2,0
5143106,0.0,C,M,Y,N,0,135000.0,Working,Secondary / secondary special,Married,House / apartment,-8899,-2326,Waiters/barmen staff,2,2,0
5143107,0.0,C,M,Y,N,0,135000.0,Working,Secondary / secondary special,Married,House / apartment,-8899,-2326,Waiters/barmen staff,2,2,0
5143108,0.0,C,M,Y,N,0,135000.0,Working,Secondary / secondary special,Married,House / apartment,-8899,-2326,Waiters/barmen staff,2,2,0
5143110,0.0,C,M,Y,N,0,135000.0,Working,Secondary / secondary special,Married,House / apartment,-8899,-2326,Waiters/barmen staff,2,2,0
5143111,0.0,X,M,Y,N,0,135000.0,Working,Secondary / secondary special,Married,House / apartment,-8899,-2326,Waiters/barmen staff,2,2,0
5143123,0.0,C,F,Y,N,0,112500.0,Working,Secondary / secondary special,Married,House / apartment,-14000,-2387,Sales staff,2,2,0
5143124,0.0,0,F,Y,N,0,112500.0,Working,Secondary / secondary special,Married,House / apartment,-14000,-2387,Sales staff,2,4,0
5143127,0.0,C,F,Y,N,0,112500.0,Working,Secondary / secondary special,Married,House / apartment,-14000,-2387,Sales staff,2,2,0
5143128,0.0,C,F,Y,N,0,112500.0,Working,Secondary / secondary special,Married,House / apartment,-14000,-2387,Sales staff,2,2,0
5143129,0.0,C,M,N,N,0,135000.0,Working,Secondary / secondary special,Married,House / apartment,-9770,-104,Laborers,2,2,0
5143132,0.0,C,F,N,N,0,135000.0,Working,Higher education,Single / not married,House / apartment,-13785,-318,Cooking staff,1,0,0
5143135,0.0,C,F,N,N,0,135000.0,Working,Higher education,Single / not married,House / apartment,-13785,-318,Cooking staff,1,0,0
5143136,0.0,C,F,N,N,0,180000.0,Working,Secondary / secondary special,Single / not married,With parents,-10274,-1170,Sales staff,1,4,0
5143137,0.0,C,M,N,N,0,112500.0,Commercial associate,Secondary / secondary special,Married,House / apartment,-20154,-5706,Drivers,2,0,0
5143138,0.0,C,M,N,N,0,112500.0,Commercial associate,Secondary / secondary special,Married,House / apartment,-20154,-5706,Drivers,2,0,0
5143140,0.0,0,M,N,N,0,112500.0,Commercial associate,Secondary / secondary special,Married,House / apartment,-20154,-5706,Drivers,2,1,0
5143141,0.0,0,M,N,N,0,112500.0,Commercial associate,Secondary / secondary special,Married,House / apartment,-20154,-5706,Drivers,2,1,0
5143152,0.0,X,F,N,N,0,90000.0,Working,Secondary / secondary special,Married,House / apartment,-10437,-1596,Laborers,2,4,0
5143153,0.0,X,F,N,N,0,90000.0,Working,Secondary / secondary special,Married,House / apartment,-10437,-1596,Laborers,2,4,0
5143154,0.0,X,F,N,N,0,90000.0,Working,Secondary / secondary special,Married,House / apartment,-10437,-1596,Laborers,2,4,0
5143155,0.0,X,F,N,N,0,90000.0,Working,Secondary / secondary special,Married,House / apartment,-10437,-1596,Laborers,2,4,0
5143156,0.0,0,F,Y,N,0,652500.0,Working,Higher education,Single / not married,House / apartment,-19137,-349,Managers,1,1,2
5143159,0.0,0,F,Y,N,0,652500.0,Working,Higher education,Single / not married,House / apartment,-19137,-349,Managers,1,1,2
5143160,0.0,0,F,Y,N,0,652500.0,Working,Higher education,Single / not married,House / apartment,-19137,-349,Managers,1,1,2
5143162,0.0,C,F,Y,N,0,652500.0,Working,Higher education,Single / not married,House / apartment,-19137,-349,Managers,1,0,2
5143164,0.0,C,F,N,N,2,180000.0,Commercial associate,Secondary / secondary special,Married,House / apartment,-13791,-1353,Accountants,4,1,1
5143165,0.0,0,F,N,N,2,180000.0,Commercial associate,Secondary / secondary special,Married,House / apartment,-13791,-1353,Accountants,4,1,1
5143166,0.0,0,F,N,N,2,180000.0,Commercial associate,Secondary / secondary special,Married,House / apartment,-13791,-1353,Accountants,4,1,1
5143167,0.0,C,M,Y,N,0,225000.0,Commercial associate,Secondary / secondary special,Single / not married,House / apartment,-17473,-2631,Managers,1,0,0
5143168,0.0,C,M,Y,N,0,225000.0,Commercial associate,Secondary / secondary special,Single / not married,House / apartment,-17473,-2631,Managers,1,0,0
5143169,0.0,C,M,Y,N,0,225000.0,Commercial associate,Secondary / secondary special,Single / not married,House / apartment,-17473,-2631,Managers,1,0,0
5143172,0.0,C,M,Y,N,0,225000.0,Commercial associate,Secondary / secondary special,Single / not married,House / apartment,-17473,-2631,Managers,1,0,0
5143173,0.0,C,M,Y,N,0,225000.0,Commercial associate,Secondary / secondary special,Single / not married,House / apartment,-17473,-2631,Managers,1,0,0
5143174,0.0,C,M,Y,N,0,225000.0,Commercial associate,Secondary / secondary special,Single / not married,House / apartment,-17473,-2631,Managers,1,0,0
5143179,0.0,C,M,Y,N,0,225000.0,Commercial associate,Secondary / secondary special,Single / not married,House / apartment,-17473,-2631,Managers,1,0,0
5143180,0.0,C,M,Y,N,0,225000.0,Commercial associate,Secondary / secondary special,Single / not married,House / apartment,-17473,-2631,Managers,1,0,0
5143181,0.0,C,M,Y,N,0,225000.0,Commercial associate,Secondary / secondary special,Single / not married,House / apartment,-17473,-2631,Managers,1,0,0
5143182,0.0,C,M,Y,N,0,225000.0,Commercial associate,Secondary / secondary special,Single / not married,House / apartment,-17473,-2631,Managers,1,0,0
5143183,0.0,C,M,Y,N,0,225000.0,Commercial associate,Secondary / secondary special,Single / not married,House / apartment,-17473,-2631,Managers,1,0,0
5143184,0.0,C,F,N,Y,1,157500.0,Commercial associate,Secondary / secondary special,Civil marriage,House / apartment,-12991,-1596,Core staff,3,1,1
5143185,0.0,C,F,N,Y,1,157500.0,Commercial associate,Secondary / secondary special,Civil marriage,House / apartment,-12991,-1596,Core staff,3,1,1
5143187,0.0,C,F,N,Y,1,157500.0,Commercial associate,Secondary / secondary special,Civil marriage,House / apartment,-12991,-1596,Core staff,3,1,1
5143188,0.0,0,F,N,Y,1,157500.0,Commercial associate,Secondary / secondary special,Civil marriage,House / apartment,-12991,-1596,Core staff,3,1,1
5143189,0.0,0,F,N,Y,1,157500.0,Commercial associate,Secondary / secondary special,Civil marriage,House / apartment,-12991,-1596,Core staff,3,1,1
5143203,0.0,0,F,N,Y,1,157500.0,Commercial associate,Secondary / secondary special,Married,House / apartment,-9923,-1900,Core staff,3,1,1
5143206,0.0,X,F,N,Y,1,166500.0,Working,Secondary / secondary special,Married,House / apartment,-14775,-7866,Secretaries,3,4,1
5143210,0.0,C,F,Y,Y,2,157500.0,Working,Higher education,Married,House / apartment,-11814,-1535,Core staff,4,0,1
5143211,0.0,0,F,Y,Y,2,157500.0,Working,Higher education,Married,House / apartment,-11814,-1535,Core staff,4,1,1
5143212,0.0,0,F,Y,Y,2,157500.0,Working,Higher education,Married,House / apartment,-11814,-1535,Core staff,4,1,1
5143213,0.0,C,F,Y,Y,2,157500.0,Working,Higher education,Married,House / apartment,-11814,-1535,Core staff,4,0,1
5143214,0.0,C,F,Y,Y,2,157500.0,Working,Higher education,Married,House / apartment,-11814,-1535,Core staff,4,0,1
5143216,0.0,0,F,N,Y,1,247500.0,Working,Secondary / secondary special,Married,House / apartment,-17211,-408,Security staff,3,4,1
5143233,0.0,0,F,Y,Y,1,1575000.0,Commercial associate,Higher education,Single / not married,House / apartment,-10142,-2479,Managers,2,3,2
5143234,0.0,0,F,Y,Y,1,1575000.0,Commercial associate,Higher education,Single / not married,House / apartment,-10142,-2479,Managers,2,3,2
5143235,0.0,0,F,Y,Y,1,1575000.0,Commercial associate,Higher education,Single / not married,House / apartment,-10142,-2479,Managers,2,3,2
5143236,0.0,0,F,Y,Y,1,1575000.0,Commercial associate,Higher education,Single / not married,House / apartment,-10142,-2479,Managers,2,3,2
5143237,0.0,C,F,Y,Y,1,1575000.0,Commercial associate,Higher education,Single / not married,House / apartment,-10142,-2479,Managers,2,3,2
5143239,0.0,0,M,Y,Y,0,180000.0,Commercial associate,Higher education,Civil marriage,With parents,-9859,-773,Sales staff,2,3,0
5143240,0.0,0,M,Y,Y,0,180000.0,Commercial associate,Higher education,Civil marriage,With parents,-9859,-773,Sales staff,2,3,0
5143243,0.0,C,F,N,N,0,135000.0,State servant,Higher education,Separated,With parents,-19514,-1991,IT staff,1,3,0
5143245,0.0,0,F,N,N,0,135000.0,State servant,Higher education,Separated,With parents,-19514,-1991,IT staff,1,1,0
5143246,0.0,0,F,N,N,0,135000.0,State servant,Higher education,Separated,With parents,-19514,-1991,IT staff,1,1,0
5143247,0.0,C,F,N,N,2,108000.0,Commercial associate,Secondary / secondary special,Married,House / apartment,-13596,-1323,Core staff,4,1,1
5143248,0.0,C,F,N,N,2,108000.0,Commercial associate,Secondary / secondary special,Married,House / apartment,-13596,-1323,Core staff,4,1,1
5143251,0.0,C,F,N,N,2,108000.0,Commercial associate,Secondary / secondary special,Married,House / apartment,-13596,-1323,Core staff,4,1,1
5143274,0.0,0,M,Y,Y,0,405000.0,Working,Secondary / secondary special,Married,House / apartment,-17991,-683,Sales staff,2,4,2
5143275,0.0,X,M,Y,Y,0,405000.0,Working,Secondary / secondary special,Married,House / apartment,-17991,-683,Sales staff,2,2,2
5143276,0.0,X,M,Y,Y,0,405000.0,Working,Secondary / secondary special,Married,House / apartment,-17991,-683,Sales staff,2,2,2
5143278,0.0,X,M,Y,Y,0,405000.0,Working,Secondary / secondary special,Married,House / apartment,-17991,-683,Sales staff,2,2,2
5143279,0.0,X,M,Y,Y,0,405000.0,Working,Secondary / secondary special,Married,House / apartment,-17991,-683,Sales staff,2,2,2
5143282,0.0,X,M,Y,Y,0,405000.0,Working,Secondary / secondary special,Married,House / apartment,-17991,-683,Sales staff,2,2,2
5143300,0.0,0,F,N,Y,0,247500.0,Commercial associate,Higher education,Single / not married,Office apartment,-9717,-1384,Sales staff,1,3,0
5143303,0.0,C,F,N,Y,0,382500.0,Commercial associate,Secondary / secondary special,Single / not married,House / apartment,-16514,-5187,Managers,1,1,2
5143305,0.0,C,F,N,Y,0,382500.0,Commercial associate,Secondary / secondary special,Single / not married,House / apartment,-16514,-5187,Managers,1,1,2
5143306,0.0,C,F,N,Y,0,382500.0,Commercial associate,Secondary / secondary special,Single / not married,House / apartment,-16514,-5187,Managers,1,1,2
5143308,0.0,X,F,N,Y,0,382500.0,Commercial associate,Secondary / secondary special,Single / not married,House / apartment,-16514,-5187,Managers,1,1,2
5143309,0.0,C,F,N,Y,0,382500.0,Commercial associate,Secondary / secondary special,Single / not married,House / apartment,-16514,-5187,Managers,1,1,2
5143317,0.0,X,F,N,N,1,67500.0,Commercial associate,Secondary / secondary special,Married,House / apartment,-11306,-2053,Sales staff,3,1,1
5143323,0.0,C,F,N,Y,1,225000.0,Working,Secondary / secondary special,Single / not married,House / apartment,-12293,-1779,Cleaning staff,2,4,0
5143324,0.0,0,F,N,Y,0,135000.0,Commercial associate,Higher education,Civil marriage,House / apartment,-20596,-5156,High skill tech staff,2,3,0
5143325,0.0,C,F,N,Y,0,135000.0,Commercial associate,Higher education,Civil marriage,House / apartment,-20596,-5156,High skill tech staff,2,3,0
5143326,0.0,C,F,N,Y,0,135000.0,Commercial associate,Higher education,Civil marriage,House / apartment,-20596,-5156,High skill tech staff,2,3,0
5143327,0.0,C,F,N,Y,0,27000.0,Working,Secondary / secondary special,Married,House / apartment,-19128,-1323,Security staff,2,2,0
5143328,0.0,C,F,N,Y,0,157500.0,Working,Secondary / secondary special,Married,House / apartment,-19826,-1048,Cleaning staff,2,2,0
5143329,0.0,C,F,N,Y,0,157500.0,Working,Secondary / secondary special,Married,House / apartment,-19826,-1048,Cleaning staff,2,2,0
5143333,0.0,0,F,N,Y,0,157500.0,Working,Secondary / secondary special,Married,House / apartment,-19826,-1048,Cleaning staff,2,4,0
5143334,0.0,0,F,N,Y,0,157500.0,Working,Secondary / secondary special,Married,House / apartment,-19826,-1048,Cleaning staff,2,4,0
5143335,0.0,C,F,N,Y,1,198000.0,Working,Secondary / secondary special,Single / not married,House / apartment,-18530,-1596,Private service staff,2,4,0
5143336,0.0,0,F,N,Y,1,198000.0,Working,Secondary / secondary special,Single / not married,House / apartment,-18530,-1596,Private service staff,2,4,0
5143340,0.0,C,M,N,N,1,216000.0,Working,Secondary / secondary special,Married,Municipal apartment,-12946,-2418,Laborers,3,2,1
5143341,0.0,C,M,N,N,1,216000.0,Working,Secondary / secondary special,Married,Municipal apartment,-12946,-2418,Laborers,3,2,1
5143343,0.0,C,M,N,N,1,216000.0,Working,Secondary / secondary special,Married,Municipal apartment,-12946,-2418,Laborers,3,2,1
5143344,0.0,0,M,N,N,1,216000.0,Working,Secondary / secondary special,Married,Municipal apartment,-12946,-2418,Laborers,3,4,1
5143346,0.0,0,M,N,N,1,216000.0,Working,Secondary / secondary special,Married,Municipal apartment,-12946,-2418,Laborers,3,4,1
5143347,0.0,0,F,N,Y,1,54000.0,State servant,Secondary / secondary special,Married,House / apartment,-8556,-1108,Medicine staff,3,1,1
5143348,0.0,C,M,N,Y,0,153000.0,Working,Secondary / secondary special,Married,House / apartment,-13774,-1838,Laborers,2,2,0
5143350,0.0,0,M,Y,N,0,135000.0,Working,Secondary / secondary special,Married,House / apartment,-10578,-1384,Sales staff,2,4,0
5143351,0.0,0,M,Y,N,0,135000.0,Working,Secondary / secondary special,Married,House / apartment,-10578,-1384,Sales staff,2,4,0
5143354,0.0,0,M,Y,N,0,135000.0,Working,Secondary / secondary special,Married,House / apartment,-10578,-1384,Sales staff,2,4,0
5143356,0.0,C,F,N,Y,0,126000.0,Working,Secondary / secondary special,Married,House / apartment,-22811,-2234,High skill tech staff,2,2,0
5143357,0.0,C,F,N,Y,0,126000.0,Working,Secondary / secondary special,Married,House / apartment,-22811,-2234,High skill tech staff,2,2,0
5143358,0.0,0,F,N,Y,0,126000.0,Working,Secondary / secondary special,Married,House / apartment,-22811,-2234,High skill tech staff,2,4,0
5143359,0.0,0,F,N,Y,0,126000.0,Working,Secondary / secondary special,Married,House / apartment,-22811,-2234,High skill tech staff,2,4,0
5143360,0.0,C,F,N,Y,0,126000.0,Working,Secondary / secondary special,Married,House / apartment,-22811,-2234,High skill tech staff,2,2,0
5143362,0.0,C,F,N,Y,0,126000.0,Working,Secondary / secondary special,Married,House / apartment,-22811,-2234,High skill tech staff,2,2,0
5143363,0.0,0,F,N,Y,0,126000.0,Working,Secondary / secondary special,Married,House / apartment,-22811,-2234,High skill tech staff,2,4,0
5143365,0.0,C,F,N,Y,0,126000.0,Working,Secondary / secondary special,Married,House / apartment,-22811,-2234,High skill tech staff,2,2,0
5143389,0.0,C,F,N,Y,0,153000.0,Working,Higher education,Single / not married,House / apartment,-10762,-683,Core staff,1,0,0
5143390,0.0,C,F,N,Y,0,153000.0,Working,Higher education,Single / not married,House / apartment,-10762,-683,Core staff,1,0,0
5143391,0.0,0,F,N,Y,0,153000.0,Working,Higher education,Single / not married,House / apartment,-10762,-683,Core staff,1,1,0
5143392,0.0,C,F,N,Y,0,153000.0,Working,Higher education,Single / not married,House / apartment,-10762,-683,Core staff,1,0,0
5143393,0.0,0,F,N,Y,0,153000.0,Working,Higher education,Single / not married,House / apartment,-10762,-683,Core staff,1,1,0
5143394,0.0,C,F,N,Y,0,153000.0,Working,Higher education,Single / not married,House / apartment,-10762,-683,Core staff,1,0,0
5143395,0.0,C,F,N,Y,0,153000.0,Working,Higher education,Single / not married,House / apartment,-10762,-683,Core staff,1,0,0
5143397,0.0,C,F,N,Y,0,153000.0,Working,Higher education,Single / not married,House / apartment,-10762,-683,Core staff,1,0,0
5143398,0.0,0,F,N,Y,0,153000.0,Working,Higher education,Single / not married,House / apartment,-10762,-683,Core staff,1,1,0
5143402,0.0,C,M,Y,Y,0,144000.0,Commercial associate,Higher education,Married,House / apartment,-19270,-2356,Managers,2,0,0
5143403,0.0,C,M,Y,Y,0,144000.0,Commercial associate,Higher education,Married,House / apartment,-19270,-2356,Managers,2,0,0
5143405,0.0,0,M,Y,Y,0,144000.0,Commercial associate,Higher education,Married,House / apartment,-19270,-2356,Managers,2,3,0
5143406,0.0,0,M,Y,Y,0,144000.0,Commercial associate,Higher education,Married,House / apartment,-19270,-2356,Managers,2,3,0
5143412,0.0,C,F,N,N,1,162000.0,Commercial associate,Higher education,Married,House / apartment,-17175,-9508,Core staff,3,3,1
5143413,0.0,X,F,N,Y,2,135000.0,Working,Incomplete higher,Married,House / apartment,-10598,-2175,Sales staff,4,1,1
5143414,0.0,X,F,N,Y,2,135000.0,Working,Incomplete higher,Married,House / apartment,-10598,-2175,Sales staff,4,1,1
5143415,0.0,0,F,N,Y,2,135000.0,Working,Incomplete higher,Married,House / apartment,-10598,-2175,Sales staff,4,1,1
5143417,0.0,0,F,N,Y,2,135000.0,Working,Incomplete higher,Married,House / apartment,-10598,-2175,Sales staff,4,1,1
5143420,0.0,C,M,Y,N,1,315000.0,State servant,Higher education,Married,Municipal apartment,-9095,-926,Core staff,3,0,1
5143423,0.0,0,M,Y,N,1,315000.0,State servant,Higher education,Married,Municipal apartment,-9095,-926,Core staff,3,3,1
5143426,0.0,X,M,Y,N,1,315000.0,State servant,Higher education,Married,Municipal apartment,-9095,-926,Core staff,3,3,1
5143452,0.0,C,M,Y,Y,0,247500.0,State servant,Secondary / secondary special,Civil marriage,House / apartment,-11912,-1749,High skill tech staff,2,0,0
5143453,0.0,C,M,Y,Y,0,247500.0,State servant,Secondary / secondary special,Civil marriage,House / apartment,-11912,-1749,High skill tech staff,2,0,0
5143455,0.0,C,M,Y,Y,0,247500.0,State servant,Secondary / secondary special,Civil marriage,House / apartment,-11912,-1749,High skill tech staff,2,0,0
5143456,0.0,C,M,Y,Y,0,247500.0,State servant,Secondary / secondary special,Civil marriage,House / apartment,-11912,-1749,High skill tech staff,2,0,0
5143457,0.0,0,M,Y,Y,0,247500.0,State servant,Secondary / secondary special,Civil marriage,House / apartment,-11912,-1749,High skill tech staff,2,1,0
5143462,0.0,C,M,N,Y,0,202500.0,Commercial associate,Secondary / secondary special,Single / not married,House / apartment,-11631,-714,Managers,1,1,0
5143464,0.0,X,M,N,Y,0,202500.0,Commercial associate,Secondary / secondary special,Single / not married,House / apartment,-11631,-714,Managers,1,1,0
5143482,0.0,C,M,N,Y,1,157500.0,Commercial associate,Secondary / secondary special,Married,House / apartment,-11935,-1200,Drivers,3,0,1
5143483,0.0,0,M,N,Y,1,157500.0,Commercial associate,Secondary / secondary special,Married,House / apartment,-11935,-1200,Drivers,3,1,1
5143484,0.0,C,M,N,Y,1,157500.0,Commercial associate,Secondary / secondary special,Married,House / apartment,-11935,-1200,Drivers,3,0,1
5143487,0.0,C,M,N,Y,1,157500.0,Commercial associate,Secondary / secondary special,Married,House / apartment,-11935,-1200,Drivers,3,0,1
5143489,0.0,C,M,N,Y,1,157500.0,Commercial associate,Secondary / secondary special,Married,House / apartment,-11935,-1200,Drivers,3,0,1
5143500,0.0,C,F,N,Y,1,121500.0,Working,Higher education,Married,House / apartment,-11981,-2965,Accountants,3,0,1
5143502,0.0,C,F,N,Y,1,121500.0,Working,Higher education,Married,House / apartment,-11981,-2965,Accountants,3,0,1
5143503,0.0,X,F,N,Y,1,121500.0,Working,Higher education,Married,House / apartment,-11981,-2965,Accountants,3,1,1
5143504,0.0,X,F,N,Y,1,121500.0,Working,Higher education,Married,House / apartment,-11981,-2965,Accountants,3,1,1
5143505,0.0,X,F,N,Y,1,121500.0,Working,Higher education,Married,House / apartment,-11981,-2965,Accountants,3,1,1
5143508,0.0,0,F,N,Y,1,121500.0,Working,Higher education,Married,House / apartment,-11981,-2965,Accountants,3,1,1
5143509,0.0,X,F,N,Y,1,121500.0,Working,Higher education,Married,House / apartment,-11981,-2965,Accountants,3,1,1
5143510,0.0,0,M,N,Y,0,112500.0,Working,Secondary / secondary special,Married,House / apartment,-15555,-3514,Managers,2,4,0
5143512,0.0,0,M,N,Y,0,112500.0,Working,Secondary / secondary special,Married,House / apartment,-15555,-3514,Managers,2,4,0
5143524,0.0,C,F,Y,Y,0,81000.0,Working,Secondary / secondary special,Married,House / apartment,-20051,-7593,Private service staff,2,2,0
5143525,0.0,0,F,Y,Y,0,81000.0,Working,Secondary / secondary special,Married,House / apartment,-20051,-7593,Private service staff,2,4,0
5143533,0.0,0,F,N,Y,0,270000.0,Working,Higher education,Single / not married,House / apartment,-16668,-377,Sales staff,1,1,0
5143534,0.0,0,F,N,Y,0,270000.0,Working,Higher education,Single / not married,House / apartment,-16668,-377,Sales staff,1,1,0
5143535,0.0,0,F,N,Y,0,270000.0,Working,Higher education,Single / not married,House / apartment,-16668,-377,Sales staff,1,1,0
5143536,0.0,0,F,N,Y,0,270000.0,Working,Higher education,Single / not married,House / apartment,-16668,-377,Sales staff,1,1,0
5143539,0.0,0,F,N,Y,0,270000.0,Working,Higher education,Single / not married,House / apartment,-16668,-377,Sales staff,1,1,0
5143540,0.0,0,F,N,Y,0,270000.0,Working,Higher education,Single / not married,House / apartment,-16668,-377,Sales staff,1,1,0
5143544,0.0,C,F,N,Y,0,112500.0,Working,Secondary / secondary special,Married,House / apartment,-18435,-2175,Sales staff,2,2,0
5143547,0.0,C,F,N,Y,0,112500.0,Working,Secondary / secondary special,Married,House / apartment,-18435,-2175,Sales staff,2,2,0
5143548,0.0,C,F,N,Y,0,112500.0,Working,Secondary / secondary special,Married,House / apartment,-18435,-2175,Sales staff,2,2,0
5143549,0.0,C,F,N,Y,0,112500.0,Working,Secondary / secondary special,Married,House / apartment,-18435,-2175,Sales staff,2,2,0
5143555,0.0,C,M,N,N,2,202500.0,Working,Secondary / secondary special,Married,With parents,-10954,-745,Drivers,4,2,1
5143563,0.0,C,M,N,N,2,202500.0,Working,Secondary / secondary special,Married,With parents,-10954,-745,Drivers,4,2,1
5143565,0.0,C,M,N,N,2,202500.0,Working,Secondary / secondary special,Married,With parents,-10954,-745,Drivers,4,2,1
5143566,0.0,0,M,Y,Y,0,270000.0,Working,Secondary / secondary special,Married,House / apartment,-18879,-2025,Managers,2,2,2
5143569,0.0,X,F,N,Y,1,112500.0,Working,Secondary / secondary special,Married,House / apartment,-12675,-2178,Core staff,3,4,1
5143570,0.0,C,F,N,Y,1,112500.0,Working,Secondary / secondary special,Married,House / apartment,-12675,-2178,Core staff,3,2,1
5143571,0.0,X,F,N,Y,1,112500.0,Working,Secondary / secondary special,Married,House / apartment,-12675,-2178,Core staff,3,4,1
5143577,0.0,C,M,Y,N,0,157500.0,Working,Incomplete higher,Married,With parents,-9124,-960,Drivers,2,0,0
5143579,0.0,C,M,Y,N,0,157500.0,Working,Incomplete higher,Married,With parents,-9124,-960,Drivers,2,0,0
5143583,0.0,0,M,Y,N,0,157500.0,Working,Incomplete higher,Married,With parents,-9124,-960,Drivers,2,2,0
5143585,0.0,0,F,N,Y,1,234000.0,State servant,Secondary / secondary special,Civil marriage,With parents,-14824,-5831,Cooking staff,3,1,1
5143596,0.0,C,F,N,N,0,90000.0,Working,Secondary / secondary special,Civil marriage,House / apartment,-11639,-3333,Waiters/barmen staff,2,4,0
5143598,0.0,C,F,N,N,0,90000.0,Working,Secondary / secondary special,Civil marriage,House / apartment,-11639,-3333,Waiters/barmen staff,2,4,0
5143601,0.0,C,F,N,N,0,90000.0,Working,Secondary / secondary special,Civil marriage,House / apartment,-11639,-3333,Waiters/barmen staff,2,4,0
5143602,0.0,0,F,N,N,0,90000.0,Working,Secondary / secondary special,Civil marriage,House / apartment,-11639,-3333,Waiters/barmen staff,2,4,0
5143603,0.0,C,F,N,N,0,90000.0,Working,Secondary / secondary special,Civil marriage,House / apartment,-11639,-3333,Waiters/barmen staff,2,4,0
5143604,0.0,0,F,N,N,0,90000.0,Working,Secondary / secondary special,Civil marriage,House / apartment,-11639,-3333,Waiters/barmen staff,2,4,0
5143610,0.0,1,M,Y,Y,0,157500.0,Commercial associate,Secondary / secondary special,Married,House / apartment,-8948,-230,Sales staff,2,1,0
5143612,0.0,0,M,Y,Y,0,157500.0,Commercial associate,Secondary / secondary special,Married,House / apartment,-8948,-230,Sales staff,2,1,0
5143613,0.0,0,M,Y,Y,0,157500.0,Commercial associate,Secondary / secondary special,Married,House / apartment,-8948,-230,Sales staff,2,1,0
5143621,0.0,C,F,N,N,0,135000.0,Working,Secondary / secondary special,Married,House / apartment,-15922,-2086,Sales staff,2,2,0
5143624,0.0,C,F,N,N,0,135000.0,Working,Secondary / secondary special,Married,House / apartment,-15922,-2086,Sales staff,2,2,0
5143629,0.0,C,M,N,N,0,247500.0,Working,Higher education,Civil marriage,House / apartment,-15125,-199,Drivers,2,0,0
5143630,0.0,0,M,N,N,0,247500.0,Working,Higher education,Civil marriage,House / apartment,-15125,-199,Drivers,2,1,0
5143631,0.0,0,M,N,N,0,247500.0,Working,Higher education,Civil marriage,House / apartment,-15125,-199,Drivers,2,1,0
5143632,0.0,0,M,N,N,0,247500.0,Working,Higher education,Civil marriage,House / apartment,-15125,-199,Drivers,2,1,0
5143635,0.0,0,F,Y,Y,0,81000.0,Working,Secondary / secondary special,Married,House / apartment,-18381,-2451,Security staff,2,4,0
5143636,0.0,0,F,Y,Y,0,81000.0,Working,Secondary / secondary special,Married,House / apartment,-18381,-2451,Security staff,2,4,0
5143637,0.0,0,F,Y,Y,0,81000.0,Working,Secondary / secondary special,Married,House / apartment,-18381,-2451,Security staff,2,4,0
5143638,0.0,C,F,N,Y,0,144000.0,State servant,Secondary / secondary special,Civil marriage,House / apartment,-16311,-7504,Accountants,2,1,0
5143639,0.0,X,F,N,Y,0,144000.0,State servant,Secondary / secondary special,Civil marriage,House / apartment,-16311,-7504,Accountants,2,1,0
5145704,0.0,X,F,N,Y,2,135000.0,Working,Secondary / secondary special,Married,House / apartment,-12903,-4439,Security staff,4,4,1
5145705,0.0,C,F,N,Y,2,135000.0,Working,Secondary / secondary special,Married,House / apartment,-12903,-4439,Security staff,4,2,1
5145707,0.0,X,F,N,Y,2,135000.0,Working,Secondary / secondary special,Married,House / apartment,-12903,-4439,Security staff,4,4,1
5145713,0.0,C,F,N,Y,2,135000.0,Working,Secondary / secondary special,Married,House / apartment,-12903,-4439,Security staff,4,2,1
5145717,0.0,C,F,N,Y,2,135000.0,Working,Secondary / secondary special,Married,House / apartment,-12903,-4439,Security staff,4,2,1
5145718,0.0,C,F,N,Y,3,157500.0,Working,Secondary / secondary special,Married,House / apartment,-11446,-924,Laborers,5,2,1
5145719,0.0,C,F,N,Y,0,90000.0,Working,Higher education,Single / not married,House / apartment,-11848,-467,Laborers,1,0,0
5145720,0.0,C,F,N,N,1,202500.0,Working,Secondary / secondary special,Married,House / apartment,-14451,-1989,Sales staff,3,2,1
5145722,0.0,0,M,Y,Y,0,315000.0,Working,Higher education,Single / not married,House / apartment,-10328,-543,High skill tech staff,1,1,2
5145723,0.0,0,M,Y,Y,0,315000.0,Working,Higher education,Single / not married,House / apartment,-10328,-543,High skill tech staff,1,1,2
5145724,0.0,C,F,N,N,0,202500.0,Working,Secondary / secondary special,Single / not married,House / apartment,-15864,-1532,Laborers,1,4,0
5145725,0.0,0,F,N,N,0,202500.0,Working,Secondary / secondary special,Single / not married,House / apartment,-15864,-1532,Laborers,1,4,0
5145730,0.0,C,M,Y,N,1,157500.0,Working,Secondary / secondary special,Married,House / apartment,-14053,-1624,Security staff,3,2,1
5145731,0.0,C,M,Y,N,1,292500.0,Commercial associate,Secondary / secondary special,Married,House / apartment,-9328,-1000,Drivers,3,0,1
5145732,0.0,0,M,Y,N,1,292500.0,Commercial associate,Secondary / secondary special,Married,House / apartment,-9328,-1000,Drivers,3,1,1
5145733,0.0,C,M,Y,N,1,292500.0,Commercial associate,Secondary / secondary special,Married,House / apartment,-9328,-1000,Drivers,3,0,1
5145734,0.0,X,M,Y,N,1,292500.0,Commercial associate,Secondary / secondary special,Married,House / apartment,-9328,-1000,Drivers,3,1,1
5145736,0.0,C,M,Y,Y,1,270000.0,Working,Higher education,Married,House / apartment,-20739,-117,Laborers,3,0,1
5145737,0.0,0,M,Y,Y,1,270000.0,Working,Higher education,Married,House / apartment,-20739,-117,Laborers,3,0,1
5145738,0.0,C,M,Y,Y,1,270000.0,Working,Higher education,Married,House / apartment,-20739,-117,Laborers,3,0,1
5145743,0.0,X,F,Y,Y,0,157500.0,Working,Higher education,Married,House / apartment,-10029,-878,Accountants,2,0,0
5145744,0.0,X,F,Y,Y,0,157500.0,Working,Higher education,Married,House / apartment,-10029,-878,Accountants,2,0,0
5145769,0.0,X,F,Y,Y,0,315000.0,Commercial associate,Secondary / secondary special,Married,House / apartment,-16829,-2537,High skill tech staff,2,1,2
5145771,0.0,X,F,Y,Y,4,112500.0,Working,Higher education,Married,House / apartment,-13671,-1974,Core staff,6,0,1
5145778,0.0,X,F,Y,Y,4,112500.0,Working,Higher education,Married,House / apartment,-13671,-1974,Core staff,6,0,1
5145782,0.0,C,F,Y,Y,4,112500.0,Working,Higher education,Married,House / apartment,-13671,-1974,Core staff,6,0,1
5145783,0.0,X,F,Y,Y,4,112500.0,Working,Higher education,Married,House / apartment,-13671,-1974,Core staff,6,0,1
5145790,0.0,C,F,Y,N,1,180000.0,Commercial associate,Secondary / secondary special,Married,Municipal apartment,-15934,-3328,Cleaning staff,3,0,1
5145791,0.0,C,F,Y,N,1,180000.0,Commercial associate,Secondary / secondary special,Married,Municipal apartment,-15934,-3328,Cleaning staff,3,0,1
5145796,0.0,0,M,N,Y,0,315000.0,Working,Higher education,Married,House / apartment,-13324,-1655,Laborers,2,1,2
5145797,0.0,C,M,N,Y,0,315000.0,Working,Higher education,Married,House / apartment,-13324,-1655,Laborers,2,0,2
5145798,0.0,0,F,N,Y,0,315000.0,Commercial associate,Secondary / secondary special,Married,House / apartment,-23174,-2354,Sales staff,2,1,2
5145803,0.0,0,F,N,N,1,180000.0,Commercial associate,Higher education,Single / not married,House / apartment,-18519,-2506,Accountants,2,3,0
5145804,0.0,C,M,N,Y,0,180000.0,Commercial associate,Secondary / secondary special,Single / not married,House / apartment,-10019,-740,High skill tech staff,1,1,0
5145805,0.0,C,F,N,Y,0,202500.0,Working,Secondary / secondary special,Separated,House / apartment,-15333,-1106,Laborers,1,2,0
5145809,0.0,X,F,N,Y,0,157500.0,Working,Higher education,Married,House / apartment,-10336,-985,Core staff,2,1,0
5145810,0.0,C,F,N,Y,0,157500.0,Working,Higher education,Married,House / apartment,-10336,-985,Core staff,2,0,0
5145816,0.0,C,M,N,Y,1,225000.0,Commercial associate,Secondary / secondary special,Married,House / apartment,-16226,-1744,Laborers,3,2,1
5145819,0.0,C,F,N,Y,0,247500.0,Working,Secondary / secondary special,Separated,House / apartment,-17214,-5184,Laborers,1,2,0
5145821,0.0,X,F,N,N,0,202500.0,Working,Secondary / secondary special,Separated,House / apartment,-14562,-4653,High skill tech staff,1,4,0
5145823,0.0,C,M,Y,N,0,135000.0,Working,Secondary / secondary special,Married,With parents,-9158,-735,Laborers,2,2,0
5145828,0.0,C,F,N,Y,0,67500.0,Working,Secondary / secondary special,Married,House / apartment,-19620,-2196,Core staff,2,2,0
5145830,0.0,X,F,N,Y,0,67500.0,Working,Secondary / secondary special,Married,House / apartment,-19620,-2196,Core staff,2,4,0
5145831,0.0,X,F,N,Y,0,67500.0,Working,Secondary / secondary special,Married,House / apartment,-19620,-2196,Core staff,2,4,0
5145832,0.0,C,F,N,Y,0,67500.0,Working,Secondary / secondary special,Married,House / apartment,-19620,-2196,Core staff,2,2,0
5145833,0.0,0,F,N,Y,0,67500.0,Working,Secondary / secondary special,Married,House / apartment,-19620,-2196,Core staff,2,4,0
5145835,0.0,X,F,N,Y,0,67500.0,Working,Secondary / secondary special,Married,House / apartment,-19620,-2196,Core staff,2,4,0
5145857,0.0,X,F,N,N,1,180000.0,Commercial associate,Secondary / secondary special,Married,House / apartment,-14122,-796,Laborers,3,1,1
5145859,0.0,C,F,N,N,1,180000.0,Commercial associate,Secondary / secondary special,Married,House / apartment,-14122,-796,Laborers,3,1,1
5145861,0.0,C,F,N,N,1,180000.0,Commercial associate,Secondary / secondary special,Married,House / apartment,-14122,-796,Laborers,3,1,1
5145862,0.0,C,F,N,N,1,180000.0,Commercial associate,Secondary / secondary special,Married,House / apartment,-14122,-796,Laborers,3,1,1
5145863,0.0,C,F,N,N,1,180000.0,Commercial associate,Secondary / secondary special,Married,House / apartment,-14122,-796,Laborers,3,1,1
5145866,0.0,C,F,N,N,1,180000.0,Commercial associate,Secondary / secondary special,Married,House / apartment,-14122,-796,Laborers,3,1,1
5145954,0.0,C,F,N,N,1,157500.0,Working,Higher education,Married,House / apartment,-15773,-309,Sales staff,3,0,1
5145957,0.0,C,F,N,N,1,157500.0,Working,Higher education,Married,House / apartment,-15773,-309,Sales staff,3,0,1
5145959,0.0,X,F,N,N,1,157500.0,Working,Higher education,Married,House / apartment,-15773,-309,Sales staff,3,1,1
5145961,0.0,X,F,N,N,1,157500.0,Working,Higher education,Married,House / apartment,-15773,-309,Sales staff,3,1,1
5145964,0.0,C,F,N,N,2,130500.0,Working,Secondary / secondary special,Married,House / apartment,-15436,-3476,Sales staff,4,2,1
5145965,0.0,C,F,N,N,2,130500.0,Working,Secondary / secondary special,Married,House / apartment,-15436,-3476,Sales staff,4,2,1
5145966,0.0,C,F,N,N,2,130500.0,Working,Secondary / secondary special,Married,House / apartment,-15436,-3476,Sales staff,4,2,1
5145967,0.0,0,F,N,N,2,130500.0,Working,Secondary / secondary special,Married,House / apartment,-15436,-3476,Sales staff,4,4,1
5145977,0.0,X,F,Y,N,0,112500.0,State servant,Secondary / secondary special,Widow,House / apartment,-19538,-5880,Secretaries,1,1,0
5145980,0.0,X,F,Y,N,0,112500.0,State servant,Secondary / secondary special,Widow,House / apartment,-19538,-5880,Secretaries,1,1,0
5145982,0.0,C,F,Y,N,0,112500.0,State servant,Secondary / secondary special,Widow,House / apartment,-19538,-5880,Secretaries,1,0,0
5145983,0.0,0,F,Y,N,0,112500.0,State servant,Secondary / secondary special,Widow,House / apartment,-19538,-5880,Secretaries,1,1,0
5146003,0.0,X,M,Y,Y,0,225000.0,Working,Secondary / secondary special,Single / not married,House / apartment,-10177,-189,Managers,1,2,0
5146005,0.0,C,M,Y,Y,0,225000.0,Working,Secondary / secondary special,Single / not married,House / apartment,-10177,-189,Managers,1,2,0
5146006,0.0,X,M,Y,Y,0,225000.0,Working,Secondary / secondary special,Single / not married,House / apartment,-10177,-189,Managers,1,2,0
5146008,0.0,0,M,Y,N,2,180000.0,Working,Secondary / secondary special,Married,House / apartment,-9342,-615,Laborers,4,2,1
5146020,0.0,C,F,N,Y,0,112500.0,Working,Secondary / secondary special,Married,House / apartment,-22408,-2685,Cooking staff,2,2,0
5146027,0.0,X,F,N,Y,0,360000.0,Commercial associate,Higher education,Married,House / apartment,-11089,-3902,Core staff,2,3,2
5146028,0.0,0,F,N,Y,0,360000.0,Commercial associate,Higher education,Married,House / apartment,-11089,-3902,Core staff,2,3,2
5146030,0.0,X,F,N,Y,0,360000.0,Commercial associate,Higher education,Married,House / apartment,-11089,-3902,Core staff,2,3,2
5146031,0.0,X,F,N,Y,0,360000.0,Commercial associate,Higher education,Married,House / apartment,-11089,-3902,Core staff,2,3,2
5146032,0.0,C,M,N,Y,0,157500.0,Working,Secondary / secondary special,Single / not married,House / apartment,-17111,-4146,Cooking staff,1,2,0
5146033,0.0,C,M,N,Y,0,157500.0,Working,Secondary / secondary special,Single / not married,House / apartment,-17111,-4146,Cooking staff,1,2,0
5146034,0.0,0,M,N,Y,0,157500.0,Working,Secondary / secondary special,Single / not married,House / apartment,-17111,-4146,Cooking staff,1,4,0
5146039,0.0,0,F,N,Y,0,360000.0,Commercial associate,Secondary / secondary special,Single / not married,House / apartment,-18577,-2441,Accountants,1,1,2
5146040,0.0,X,F,N,Y,0,360000.0,Commercial associate,Secondary / secondary special,Single / not married,House / apartment,-18577,-2441,Accountants,1,1,2
5146042,0.0,0,F,N,Y,0,360000.0,Commercial associate,Secondary / secondary special,Single / not married,House / apartment,-18577,-2441,Accountants,1,1,2
5146043,0.0,0,F,N,Y,0,360000.0,Commercial associate,Secondary / secondary special,Single / not married,House / apartment,-18577,-2441,Accountants,1,1,2
5146044,0.0,X,F,N,Y,0,360000.0,Commercial associate,Secondary / secondary special,Single / not married,House / apartment,-18577,-2441,Accountants,1,1,2
5146045,0.0,0,F,N,Y,0,360000.0,Commercial associate,Secondary / secondary special,Single / not married,House / apartment,-18577,-2441,Accountants,1,1,2
5146046,0.0,0,F,N,Y,0,360000.0,Commercial associate,Secondary / secondary special,Single / not married,House / apartment,-18577,-2441,Accountants,1,1,2
5146047,0.0,0,F,N,Y,0,360000.0,Commercial associate,Secondary / secondary special,Single / not married,House / apartment,-18577,-2441,Accountants,1,1,2
5146048,0.0,0,F,Y,Y,1,90000.0,Working,Secondary / secondary special,Married,House / apartment,-13385,-189,High skill tech staff,3,4,1
5146060,0.0,0,F,N,Y,0,157500.0,Working,Secondary / secondary special,Separated,House / apartment,-19451,-278,Laborers,1,4,0
5146062,0.0,C,F,N,Y,0,157500.0,Working,Secondary / secondary special,Separated,House / apartment,-19451,-278,Laborers,1,2,0
5146063,0.0,0,F,N,Y,0,157500.0,Working,Secondary / secondary special,Separated,House / apartment,-19451,-278,Laborers,1,4,0
5146073,0.0,0,M,Y,Y,0,180000.0,Working,Secondary / secondary special,Separated,House / apartment,-19120,-1923,Drivers,1,4,0
5146077,0.0,0,F,N,Y,1,108000.0,Working,Secondary / secondary special,Married,House / apartment,-12723,-1132,Sales staff,3,4,1
5146110,0.0,0,M,N,Y,3,494100.0,Commercial associate,Higher education,Married,House / apartment,-13246,-2104,Managers,5,3,2
5146127,0.0,C,M,N,N,1,157500.0,Working,Secondary / secondary special,Married,House / apartment,-11546,-615,Drivers,3,2,1
5146137,0.0,X,F,N,Y,0,135000.0,Working,Secondary / secondary special,Married,House / apartment,-10170,-2196,Cooking staff,2,4,0
5146138,0.0,X,F,N,Y,0,135000.0,Working,Secondary / secondary special,Married,House / apartment,-10170,-2196,Cooking staff,2,4,0
5146139,0.0,X,F,N,Y,0,135000.0,Working,Secondary / secondary special,Married,House / apartment,-10170,-2196,Cooking staff,2,4,0
5146140,0.0,X,F,N,Y,0,135000.0,Working,Secondary / secondary special,Married,House / apartment,-10170,-2196,Cooking staff,2,4,0
5146141,0.0,X,F,N,Y,0,135000.0,Working,Secondary / secondary special,Married,House / apartment,-10170,-2196,Cooking staff,2,4,0
5146145,0.0,C,M,N,Y,0,135000.0,Commercial associate,Higher education,Married,House / apartment,-18553,-4084,Managers,2,3,0
5146155,0.0,0,F,N,Y,0,216000.0,Working,Secondary / secondary special,Married,House / apartment,-17150,-4784,High skill tech staff,2,4,0
5146193,0.0,C,M,Y,Y,0,382500.0,Working,Higher education,Civil marriage,House / apartment,-10613,-705,Laborers,2,0,2
5146198,0.0,C,M,Y,Y,0,382500.0,Working,Higher education,Civil marriage,House / apartment,-10613,-705,Laborers,2,0,2
5146203,0.0,C,F,Y,Y,1,202500.0,Working,Secondary / secondary special,Married,House / apartment,-10310,-2257,Sales staff,3,2,1
5146205,0.0,X,F,Y,Y,1,202500.0,Working,Secondary / secondary special,Married,House / apartment,-10310,-2257,Sales staff,3,4,1
5146206,0.0,0,F,Y,Y,1,202500.0,Working,Secondary / secondary special,Married,House / apartment,-10310,-2257,Sales staff,3,4,1
5146236,0.0,1,F,N,Y,0,157500.0,Working,Higher education,Civil marriage,With parents,-8238,-674,Accountants,2,1,0
5146238,0.0,0,F,N,Y,0,157500.0,Working,Higher education,Civil marriage,With parents,-8238,-674,Accountants,2,1,0
5146240,0.0,X,F,N,Y,0,157500.0,Working,Higher education,Civil marriage,With parents,-8238,-674,Accountants,2,1,0
5146241,0.0,X,F,N,Y,0,157500.0,Working,Higher education,Civil marriage,With parents,-8238,-674,Accountants,2,1,0
5146254,0.0,C,F,Y,Y,0,90000.0,Commercial associate,Secondary / secondary special,Civil marriage,House / apartment,-12606,-493,Cooking staff,2,1,0
5146260,0.0,C,M,Y,Y,1,135000.0,Working,Secondary / secondary special,Married,House / apartment,-10910,-1436,Security staff,3,2,1
5146261,0.0,0,M,Y,Y,1,135000.0,Working,Secondary / secondary special,Married,House / apartment,-10910,-1436,Security staff,3,2,1
5146263,0.0,C,M,Y,Y,1,135000.0,Working,Secondary / secondary special,Married,House / apartment,-10910,-1436,Security staff,3,2,1
5146265,0.0,C,M,Y,Y,1,135000.0,Working,Secondary / secondary special,Married,House / apartment,-10910,-1436,Security staff,3,2,1
5146266,0.0,C,M,Y,Y,1,135000.0,Working,Secondary / secondary special,Married,House / apartment,-10910,-1436,Security staff,3,2,1
5146267,0.0,X,M,Y,Y,1,135000.0,Working,Secondary / secondary special,Married,House / apartment,-10910,-1436,Security staff,3,2,1
5146300,0.0,0,F,N,N,0,67500.0,Working,Secondary / secondary special,Married,House / apartment,-18029,-3902,Security staff,2,4,0
5146301,0.0,C,M,N,Y,0,270000.0,Commercial associate,Secondary / secondary special,Married,House / apartment,-17061,-462,Laborers,2,2,0
5146302,0.0,1,M,N,Y,0,270000.0,Commercial associate,Secondary / secondary special,Married,House / apartment,-17061,-462,Laborers,2,1,0
5146312,0.0,C,F,N,N,0,180000.0,Working,Higher education,Civil marriage,With parents,-10000,-1071,Sales staff,2,0,0
5146313,0.0,C,F,N,N,0,180000.0,Working,Higher education,Civil marriage,With parents,-10000,-1071,Sales staff,2,0,0
5146334,0.0,C,F,N,Y,0,202500.0,Commercial associate,Secondary / secondary special,Married,House / apartment,-16173,-674,Sales staff,2,1,0
5146335,0.0,C,F,N,Y,0,202500.0,Commercial associate,Secondary / secondary special,Married,House / apartment,-16173,-674,Sales staff,2,1,0
5146337,0.0,C,F,N,Y,0,202500.0,Commercial associate,Secondary / secondary special,Married,House / apartment,-16173,-674,Sales staff,2,1,0
5146338,0.0,C,F,N,Y,0,202500.0,Commercial associate,Secondary / secondary special,Married,House / apartment,-16173,-674,Sales staff,2,1,0
5146339,0.0,C,F,N,Y,0,202500.0,Commercial associate,Secondary / secondary special,Married,House / apartment,-16173,-674,Sales staff,2,1,0
5146340,0.0,0,M,N,N,0,135000.0,Working,Secondary / secondary special,Single / not married,House / apartment,-9275,-493,Laborers,1,4,0
5146341,0.0,0,M,N,N,0,135000.0,Working,Secondary / secondary special,Single / not married,House / apartment,-9275,-493,Laborers,1,4,0
5146343,0.0,0,M,N,N,0,135000.0,Working,Secondary / secondary special,Single / not married,House / apartment,-9275,-493,Laborers,1,4,0
5146344,0.0,X,M,N,N,0,135000.0,Working,Secondary / secondary special,Single / not married,House / apartment,-9275,-493,Laborers,1,4,0
5146345,0.0,X,M,N,N,0,135000.0,Working,Secondary / secondary special,Single / not married,House / apartment,-9275,-493,Laborers,1,4,0
5146346,0.0,X,M,N,N,0,135000.0,Working,Secondary / secondary special,Single / not married,House / apartment,-9275,-493,Laborers,1,4,0
5146353,0.0,C,M,Y,N,2,180000.0,Commercial associate,Higher education,Married,House / apartment,-11988,-1497,HR staff,4,0,1
5146385,0.0,C,F,N,N,1,225000.0,Working,Secondary / secondary special,Separated,House / apartment,-11509,-3506,Laborers,2,2,0
5146395,0.0,0,F,N,Y,0,112500.0,Working,Secondary / secondary special,Separated,House / apartment,-19682,-2104,Cleaning staff,1,4,0
5146396,0.0,C,F,N,Y,0,112500.0,Working,Secondary / secondary special,Separated,House / apartment,-19682,-2104,Cleaning staff,1,4,0
5146397,0.0,0,F,N,Y,0,112500.0,Working,Secondary / secondary special,Separated,House / apartment,-19682,-2104,Cleaning staff,1,4,0
5146399,0.0,0,F,N,Y,0,112500.0,Working,Secondary / secondary special,Separated,House / apartment,-19682,-2104,Cleaning staff,1,4,0
5146400,0.0,C,F,N,Y,0,112500.0,Working,Secondary / secondary special,Separated,House / apartment,-19682,-2104,Cleaning staff,1,4,0
5146401,0.0,0,F,N,Y,0,112500.0,Working,Secondary / secondary special,Separated,House / apartment,-19682,-2104,Cleaning staff,1,4,0
5146402,0.0,0,F,N,Y,0,112500.0,Working,Secondary / secondary special,Separated,House / apartment,-19682,-2104,Cleaning staff,1,4,0
5146404,0.0,0,M,N,Y,0,211500.0,Working,Secondary / secondary special,Single / not married,House / apartment,-10072,-1101,Core staff,1,4,0
5146405,0.0,C,M,N,Y,0,211500.0,Working,Secondary / secondary special,Single / not married,House / apartment,-10072,-1101,Core staff,1,2,0
5146409,0.0,C,M,N,Y,0,211500.0,Working,Secondary / secondary special,Single / not married,House / apartment,-10072,-1101,Core staff,1,2,0
5146411,0.0,0,M,N,Y,0,211500.0,Working,Secondary / secondary special,Single / not married,House / apartment,-10072,-1101,Core staff,1,4,0
5146412,0.0,C,M,N,Y,0,211500.0,Working,Secondary / secondary special,Single / not married,House / apartment,-10072,-1101,Core staff,1,2,0
5146424,0.0,C,F,N,Y,0,112500.0,Commercial associate,Higher education,Civil marriage,House / apartment,-23322,-5607,Medicine staff,2,3,0
5146425,0.0,C,M,Y,N,0,261000.0,Commercial associate,Incomplete higher,Civil marriage,With parents,-8897,-674,Sales staff,2,0,0
5146427,0.0,C,M,Y,N,0,261000.0,Commercial associate,Incomplete higher,Civil marriage,With parents,-8897,-674,Sales staff,2,0,0
5146429,0.0,C,M,Y,N,0,261000.0,Commercial associate,Incomplete higher,Civil marriage,With parents,-8897,-674,Sales staff,2,0,0
5146430,0.0,C,M,Y,N,0,261000.0,Commercial associate,Incomplete higher,Civil marriage,With parents,-8897,-674,Sales staff,2,0,0
5146431,0.0,X,M,Y,N,0,261000.0,Commercial associate,Incomplete higher,Civil marriage,With parents,-8897,-674,Sales staff,2,1,0
5146432,0.0,X,M,Y,N,0,261000.0,Commercial associate,Incomplete higher,Civil marriage,With parents,-8897,-674,Sales staff,2,1,0
5146435,0.0,X,F,N,Y,1,90000.0,Commercial associate,Secondary / secondary special,Single / not married,House / apartment,-10525,-2135,Sales staff,2,1,0
5146438,0.0,C,F,N,Y,1,90000.0,Commercial associate,Secondary / secondary special,Single / not married,House / apartment,-10525,-2135,Sales staff,2,1,0
5146439,0.0,X,F,N,Y,1,90000.0,Commercial associate,Secondary / secondary special,Single / not married,House / apartment,-10525,-2135,Sales staff,2,1,0
5146440,0.0,0,F,N,Y,1,90000.0,Commercial associate,Secondary / secondary special,Single / not married,House / apartment,-10525,-2135,Sales staff,2,1,0
5146441,0.0,0,M,Y,Y,1,135000.0,Working,Secondary / secondary special,Married,House / apartment,-13400,-401,Laborers,3,2,1
5146450,0.0,C,M,N,Y,0,180000.0,Commercial associate,Higher education,Single / not married,House / apartment,-9863,-189,Core staff,1,3,0
5146471,0.0,0,F,Y,Y,0,180000.0,Commercial associate,Higher education,Civil marriage,House / apartment,-14133,-3810,Sales staff,2,3,0
5146472,0.0,C,F,Y,Y,0,180000.0,Commercial associate,Higher education,Civil marriage,House / apartment,-14133,-3810,Sales staff,2,3,0
5146473,0.0,1,F,Y,Y,0,180000.0,Commercial associate,Higher education,Civil marriage,House / apartment,-14133,-3810,Sales staff,2,1,0
5146475,0.0,X,F,Y,Y,0,180000.0,Commercial associate,Higher education,Civil marriage,House / apartment,-14133,-3810,Sales staff,2,3,0
5146498,0.0,C,M,N,N,0,225000.0,Commercial associate,Incomplete higher,Married,House / apartment,-9060,-189,Sales staff,2,0,0
5146499,0.0,X,M,N,N,0,225000.0,Commercial associate,Incomplete higher,Married,House / apartment,-9060,-189,Sales staff,2,1,0
5146500,0.0,C,M,N,N,0,225000.0,Commercial associate,Incomplete higher,Married,House / apartment,-9060,-189,Sales staff,2,0,0
5146501,0.0,X,M,N,N,1,112500.0,Working,Secondary / secondary special,Civil marriage,House / apartment,-17862,-523,Laborers,3,4,1
5146538,0.0,C,F,N,Y,2,144000.0,Commercial associate,Secondary / secondary special,Civil marriage,House / apartment,-15874,-2958,Sales staff,4,1,1
5146539,0.0,0,F,N,Y,2,144000.0,Commercial associate,Secondary / secondary special,Civil marriage,House / apartment,-15874,-2958,Sales staff,4,1,1
5146544,0.0,C,F,Y,Y,0,135000.0,Working,Secondary / secondary special,Married,House / apartment,-16593,-1831,Sales staff,2,2,0
5146545,0.0,0,F,Y,Y,0,135000.0,Working,Secondary / secondary special,Married,House / apartment,-16593,-1831,Sales staff,2,4,0
5146557,0.0,0,M,N,Y,2,157500.0,Working,Secondary / secondary special,Married,House / apartment,-15031,-1436,Laborers,4,4,1
5146559,0.0,0,M,N,Y,2,157500.0,Working,Secondary / secondary special,Married,House / apartment,-15031,-1436,Laborers,4,4,1
5146561,0.0,C,M,N,Y,2,157500.0,Working,Secondary / secondary special,Married,House / apartment,-15031,-1436,Laborers,4,2,1
5146587,0.0,C,F,N,Y,0,67500.0,Working,Secondary / secondary special,Married,House / apartment,-15189,-2441,Laborers,2,2,0
5146589,0.0,C,F,N,Y,0,67500.0,Working,Secondary / secondary special,Married,House / apartment,-15189,-2441,Laborers,2,2,0
5148426,0.0,C,F,N,Y,0,135000.0,Commercial associate,Secondary / secondary special,Civil marriage,House / apartment,-16891,-3332,Drivers,2,1,0
5148428,0.0,C,F,N,Y,0,135000.0,Commercial associate,Secondary / secondary special,Civil marriage,House / apartment,-16891,-3332,Drivers,2,1,0
5148430,0.0,C,F,N,Y,0,135000.0,Commercial associate,Secondary / secondary special,Civil marriage,House / apartment,-16891,-3332,Drivers,2,1,0
5148431,0.0,C,F,N,Y,0,135000.0,Commercial associate,Secondary / secondary special,Civil marriage,House / apartment,-16891,-3332,Drivers,2,1,0
5148437,0.0,C,F,N,Y,0,202500.0,Commercial associate,Secondary / secondary special,Single / not married,House / apartment,-8442,-410,Core staff,1,1,0
5148439,0.0,0,F,N,Y,0,202500.0,Commercial associate,Secondary / secondary special,Single / not married,House / apartment,-8442,-410,Core staff,1,1,0
5148440,0.0,0,F,N,Y,0,202500.0,Commercial associate,Secondary / secondary special,Single / not married,House / apartment,-8442,-410,Core staff,1,1,0
5148442,0.0,C,F,N,Y,0,202500.0,Commercial associate,Secondary / secondary special,Single / not married,House / apartment,-8442,-410,Core staff,1,1,0
5148444,0.0,X,M,Y,Y,0,225000.0,Working,Secondary / secondary special,Married,House / apartment,-11226,-2236,Drivers,2,2,0
5148445,0.0,C,M,Y,Y,0,225000.0,Working,Secondary / secondary special,Married,House / apartment,-11226,-2236,Drivers,2,2,0
5148448,0.0,C,M,Y,Y,0,225000.0,Working,Secondary / secondary special,Married,House / apartment,-11226,-2236,Drivers,2,2,0
5148449,0.0,X,M,Y,Y,0,225000.0,Working,Secondary / secondary special,Married,House / apartment,-11226,-2236,Drivers,2,2,0
5148450,0.0,X,M,Y,Y,0,225000.0,Working,Secondary / secondary special,Married,House / apartment,-11226,-2236,Drivers,2,2,0
5148453,0.0,C,M,Y,Y,0,225000.0,Working,Secondary / secondary special,Married,House / apartment,-11226,-2236,Drivers,2,2,0
5148458,0.0,0,F,N,N,0,135000.0,Working,Secondary / secondary special,Civil marriage,House / apartment,-18984,-10821,Laborers,2,4,0
5148459,0.0,0,F,N,N,0,135000.0,Working,Secondary / secondary special,Civil marriage,House / apartment,-18984,-10821,Laborers,2,4,0
5148462,0.0,C,F,N,N,0,135000.0,Working,Secondary / secondary special,Civil marriage,House / apartment,-18984,-10821,Laborers,2,2,0
5148463,0.0,C,F,N,N,0,135000.0,Working,Secondary / secondary special,Civil marriage,House / apartment,-18984,-10821,Laborers,2,2,0
5148464,0.0,0,F,N,N,0,135000.0,Working,Secondary / secondary special,Civil marriage,House / apartment,-18984,-10821,Laborers,2,4,0
5148465,0.0,C,F,N,N,0,135000.0,Working,Secondary / secondary special,Civil marriage,House / apartment,-18984,-10821,Laborers,2,2,0
5148468,0.0,C,F,N,Y,1,135000.0,Working,Secondary / secondary special,Civil marriage,With parents,-11426,-229,Sales staff,3,4,1
5148486,0.0,C,F,N,Y,1,180000.0,Commercial associate,Higher education,Married,House / apartment,-19614,-2878,Managers,3,3,1
5148489,0.0,C,F,N,Y,1,180000.0,Commercial associate,Higher education,Married,House / apartment,-19614,-2878,Managers,3,3,1
5148490,0.0,C,F,N,Y,1,180000.0,Commercial associate,Higher education,Married,House / apartment,-19614,-2878,Managers,3,3,1
5148491,0.0,C,F,N,Y,1,180000.0,Commercial associate,Higher education,Married,House / apartment,-19614,-2878,Managers,3,3,1
5148509,0.0,X,M,Y,Y,0,306000.0,Commercial associate,Higher education,Separated,With parents,-22719,-533,Laborers,1,3,2
5148510,0.0,C,M,Y,Y,0,306000.0,Commercial associate,Higher education,Separated,With parents,-22719,-533,Laborers,1,0,2
5148516,0.0,X,F,N,N,1,67500.0,State servant,Secondary / secondary special,Married,House / apartment,-11255,-2573,Medicine staff,3,1,1
5148565,0.0,C,F,N,Y,0,112500.0,Working,Secondary / secondary special,Married,House / apartment,-19261,-5130,Sales staff,2,2,0
5148566,0.0,C,F,N,Y,0,112500.0,Working,Secondary / secondary special,Married,House / apartment,-19261,-5130,Sales staff,2,2,0
5148567,0.0,C,F,N,Y,0,112500.0,Working,Secondary / secondary special,Married,House / apartment,-19261,-5130,Sales staff,2,2,0
5148568,0.0,C,F,N,Y,0,112500.0,Working,Secondary / secondary special,Married,House / apartment,-19261,-5130,Sales staff,2,2,0
5148569,0.0,C,F,N,Y,0,112500.0,Working,Secondary / secondary special,Married,House / apartment,-19261,-5130,Sales staff,2,2,0
5148583,0.0,X,M,Y,Y,0,180000.0,Working,Secondary / secondary special,Married,House / apartment,-11222,-1386,Drivers,2,2,0
5148585,0.0,X,M,Y,Y,0,180000.0,Working,Secondary / secondary special,Married,House / apartment,-11222,-1386,Drivers,2,2,0
5148586,0.0,C,M,Y,Y,0,180000.0,Working,Secondary / secondary special,Married,House / apartment,-11222,-1386,Drivers,2,2,0
5148590,0.0,C,M,Y,Y,0,180000.0,Working,Secondary / secondary special,Married,House / apartment,-14321,-1537,Drivers,2,2,0
5148591,0.0,C,M,Y,Y,0,180000.0,Working,Secondary / secondary special,Married,House / apartment,-14321,-1537,Drivers,2,2,0
5148592,0.0,C,M,Y,Y,0,180000.0,Working,Secondary / secondary special,Married,House / apartment,-14321,-1537,Drivers,2,2,0
5148593,0.0,0,M,Y,Y,0,180000.0,Working,Secondary / secondary special,Married,House / apartment,-14321,-1537,Drivers,2,2,0
5148595,0.0,C,M,Y,Y,0,180000.0,Working,Secondary / secondary special,Married,House / apartment,-14321,-1537,Drivers,2,2,0
5148596,0.0,C,M,Y,Y,0,180000.0,Working,Secondary / secondary special,Married,House / apartment,-14321,-1537,Drivers,2,2,0
5148597,0.0,C,M,Y,Y,0,180000.0,Working,Secondary / secondary special,Married,House / apartment,-14321,-1537,Drivers,2,2,0
5148607,0.0,C,F,N,Y,0,315000.0,Commercial associate,Higher education,Married,Municipal apartment,-16344,-1478,Sales staff,2,3,2
5148608,0.0,0,F,N,Y,0,315000.0,Commercial associate,Higher education,Married,Municipal apartment,-16344,-1478,Sales staff,2,3,2
5148612,0.0,C,M,Y,Y,1,261000.0,Commercial associate,Higher education,Married,House / apartment,-11928,-1325,Drivers,3,0,1
5148614,0.0,C,M,Y,Y,1,261000.0,Commercial associate,Higher education,Married,House / apartment,-11928,-1325,Drivers,3,0,1
5148647,0.0,X,F,Y,Y,1,202500.0,Commercial associate,Secondary / secondary special,Married,House / apartment,-15346,-2481,Laborers,3,1,1
5148648,0.0,X,F,Y,Y,1,202500.0,Commercial associate,Secondary / secondary special,Married,House / apartment,-15346,-2481,Laborers,3,1,1
5148650,0.0,X,F,Y,Y,1,202500.0,Commercial associate,Secondary / secondary special,Married,House / apartment,-15346,-2481,Laborers,3,1,1
5148651,0.0,C,F,Y,Y,1,202500.0,Commercial associate,Secondary / secondary special,Married,House / apartment,-15346,-2481,Laborers,3,0,1
5148652,0.0,C,F,Y,Y,1,202500.0,Commercial associate,Secondary / secondary special,Married,House / apartment,-15346,-2481,Laborers,3,0,1
5148653,0.0,0,F,Y,Y,1,202500.0,Commercial associate,Secondary / secondary special,Married,House / apartment,-15346,-2481,Laborers,3,1,1
5148656,0.0,C,F,N,N,0,67500.0,Commercial associate,Higher education,Married,House / apartment,-11113,-410,Sales staff,2,3,0
5148657,0.0,C,F,N,N,0,67500.0,Commercial associate,Higher education,Married,House / apartment,-11113,-410,Sales staff,2,3,0
5148659,0.0,C,M,N,Y,1,180000.0,Commercial associate,Secondary / secondary special,Married,Municipal apartment,-12627,-2267,High skill tech staff,3,0,1
5148660,0.0,X,M,N,Y,1,180000.0,Commercial associate,Secondary / secondary special,Married,Municipal apartment,-12627,-2267,High skill tech staff,3,1,1
5148662,0.0,0,M,N,Y,1,180000.0,Commercial associate,Secondary / secondary special,Married,Municipal apartment,-12627,-2267,High skill tech staff,3,1,1
5148666,0.0,C,F,N,Y,2,63000.0,Working,Secondary / secondary special,Married,House / apartment,-10421,-1203,Medicine staff,4,2,1
5148667,0.0,C,F,N,Y,2,63000.0,Working,Secondary / secondary special,Married,House / apartment,-10421,-1203,Medicine staff,4,2,1
5148669,0.0,C,M,Y,Y,1,810000.0,Commercial associate,Incomplete higher,Civil marriage,Office apartment,-17922,-3455,Security staff,3,0,2
5148671,0.0,0,M,Y,Y,1,810000.0,Commercial associate,Incomplete higher,Civil marriage,Office apartment,-17922,-3455,Security staff,3,1,2
5148683,0.0,C,F,N,Y,0,135000.0,Working,Secondary / secondary special,Married,House / apartment,-18964,-441,Sales staff,2,2,0
5148684,0.0,C,F,N,Y,0,135000.0,Working,Secondary / secondary special,Married,House / apartment,-18964,-441,Sales staff,2,2,0
5148687,0.0,C,F,N,Y,0,81000.0,Working,Secondary / secondary special,Widow,House / apartment,-22064,-168,Cleaning staff,1,4,0
5148690,0.0,C,F,N,Y,0,81000.0,Working,Secondary / secondary special,Widow,House / apartment,-22064,-168,Cleaning staff,1,4,0
5148691,0.0,C,F,N,Y,0,81000.0,Working,Secondary / secondary special,Widow,House / apartment,-22064,-168,Cleaning staff,1,4,0
5148693,0.0,C,F,N,N,0,180000.0,Commercial associate,Secondary / secondary special,Civil marriage,Municipal apartment,-20600,-198,Laborers,2,1,0
5148703,0.0,C,F,N,Y,0,126000.0,Commercial associate,Secondary / secondary special,Married,House / apartment,-22659,-15661,Core staff,2,1,0
5148704,0.0,0,F,N,Y,0,126000.0,Commercial associate,Secondary / secondary special,Married,House / apartment,-22659,-15661,Core staff,2,1,0
5148706,0.0,0,M,Y,Y,1,180000.0,Working,Secondary / secondary special,Single / not married,House / apartment,-9672,-533,Laborers,2,4,0
5148709,0.0,0,F,N,Y,0,112500.0,Working,Secondary / secondary special,Married,House / apartment,-15925,-3332,Sales staff,2,4,0
5148710,0.0,0,F,N,Y,0,112500.0,Working,Secondary / secondary special,Married,House / apartment,-15925,-3332,Sales staff,2,4,0
5148716,0.0,0,F,N,Y,1,123750.0,Working,Secondary / secondary special,Married,House / apartment,-14352,-1081,Cooking staff,3,4,1
5148724,0.0,0,F,N,Y,1,157500.0,Working,Secondary / secondary special,Separated,Municipal apartment,-13355,-625,Sales staff,2,4,0
5148725,0.0,C,F,N,Y,1,157500.0,Working,Secondary / secondary special,Separated,Municipal apartment,-13355,-625,Sales staff,2,4,0
5148726,0.0,0,F,N,Y,1,157500.0,Working,Secondary / secondary special,Separated,Municipal apartment,-13355,-625,Sales staff,2,4,0
5148727,0.0,0,F,N,Y,1,157500.0,Working,Secondary / secondary special,Separated,Municipal apartment,-13355,-625,Sales staff,2,4,0
5148728,0.0,C,F,N,Y,1,157500.0,Working,Secondary / secondary special,Separated,Municipal apartment,-13355,-625,Sales staff,2,4,0
5148729,0.0,C,F,N,Y,1,157500.0,Working,Secondary / secondary special,Separated,Municipal apartment,-13355,-625,Sales staff,2,4,0
5148730,0.0,C,F,N,Y,1,157500.0,Working,Secondary / secondary special,Separated,Municipal apartment,-13355,-625,Sales staff,2,4,0
5148731,0.0,C,F,N,Y,1,157500.0,Working,Secondary / secondary special,Separated,Municipal apartment,-13355,-625,Sales staff,2,4,0
5148732,0.0,C,F,N,Y,1,157500.0,Working,Secondary / secondary special,Separated,Municipal apartment,-13355,-625,Sales staff,2,4,0
5148735,0.0,C,F,Y,Y,0,121500.0,Working,Secondary / secondary special,Married,House / apartment,-10014,-1386,Medicine staff,2,2,0
5148736,0.0,0,F,Y,Y,0,121500.0,Working,Secondary / secondary special,Married,House / apartment,-10014,-1386,Medicine staff,2,4,0
5148738,0.0,X,F,N,Y,0,58500.0,Working,Secondary / secondary special,Married,House / apartment,-15544,-4946,Laborers,2,4,0
5148739,0.0,0,F,N,Y,0,58500.0,Working,Secondary / secondary special,Married,House / apartment,-15544,-4946,Laborers,2,4,0
5148742,0.0,1,M,N,Y,0,112500.0,Working,Secondary / secondary special,Single / not married,House / apartment,-8157,-625,Cooking staff,1,1,0
5148743,0.0,X,F,Y,Y,0,157500.0,Commercial associate,Secondary / secondary special,Married,House / apartment,-18654,-533,Medicine staff,2,1,0
5148744,0.0,X,F,Y,Y,0,157500.0,Commercial associate,Secondary / secondary special,Married,House / apartment,-18654,-533,Medicine staff,2,1,0
5148745,0.0,X,F,Y,Y,0,157500.0,Commercial associate,Secondary / secondary special,Married,House / apartment,-18654,-533,Medicine staff,2,1,0
5148752,0.0,0,M,Y,N,2,180000.0,Commercial associate,Secondary / secondary special,Separated,With parents,-15589,-2451,Laborers,3,1,1
5148753,0.0,C,M,Y,N,2,180000.0,Commercial associate,Secondary / secondary special,Separated,With parents,-15589,-2451,Laborers,3,0,1
5148755,0.0,0,M,Y,N,2,180000.0,Commercial associate,Secondary / secondary special,Separated,With parents,-15589,-2451,Laborers,3,1,1
5148758,0.0,C,F,N,Y,0,112500.0,Working,Secondary / secondary special,Widow,House / apartment,-17928,-3243,Laborers,1,2,0
5148759,0.0,X,F,N,Y,0,112500.0,Working,Secondary / secondary special,Widow,House / apartment,-17928,-3243,Laborers,1,4,0
5148763,0.0,C,F,N,Y,0,112500.0,Working,Secondary / secondary special,Widow,House / apartment,-17928,-3243,Laborers,1,2,0
5148772,0.0,C,M,Y,Y,0,144000.0,Working,Secondary / secondary special,Married,House / apartment,-10367,-2389,Sales staff,2,2,0
5148773,0.0,C,M,Y,Y,0,144000.0,Working,Secondary / secondary special,Married,House / apartment,-10367,-2389,Sales staff,2,2,0
5148775,0.0,C,M,Y,Y,0,144000.0,Working,Secondary / secondary special,Married,House / apartment,-10367,-2389,Sales staff,2,2,0
5148776,0.0,C,M,Y,Y,0,144000.0,Working,Secondary / secondary special,Married,House / apartment,-10367,-2389,Sales staff,2,2,0
5148777,0.0,C,M,Y,Y,0,144000.0,Working,Secondary / secondary special,Married,House / apartment,-10367,-2389,Sales staff,2,2,0
5148778,0.0,C,M,Y,Y,0,144000.0,Working,Secondary / secondary special,Married,House / apartment,-10367,-2389,Sales staff,2,2,0
5148779,0.0,X,F,Y,Y,0,225000.0,Working,Secondary / secondary special,Married,House / apartment,-17318,-2512,Cooking staff,2,4,0
5148780,0.0,0,F,Y,Y,0,225000.0,Working,Secondary / secondary special,Married,House / apartment,-17318,-2512,Cooking staff,2,4,0
5148787,0.0,C,F,Y,Y,1,139500.0,Working,Secondary / secondary special,Married,House / apartment,-16765,-1506,Sales staff,3,2,1
5148790,0.0,0,F,N,Y,0,202500.0,Commercial associate,Secondary / secondary special,Widow,House / apartment,-17450,-5495,Managers,1,1,0
5148791,0.0,C,F,N,Y,0,202500.0,Commercial associate,Secondary / secondary special,Widow,House / apartment,-17450,-5495,Managers,1,1,0
5148792,0.0,0,F,N,Y,0,202500.0,Commercial associate,Secondary / secondary special,Widow,House / apartment,-17450,-5495,Managers,1,1,0
5148793,0.0,0,F,N,Y,0,202500.0,Commercial associate,Secondary / secondary special,Widow,House / apartment,-17450,-5495,Managers,1,1,0
5148796,0.0,0,M,N,N,0,135000.0,Commercial associate,Secondary / secondary special,Single / not married,With parents,-9442,-686,Laborers,1,1,0
5148797,0.0,0,M,N,N,0,135000.0,Commercial associate,Secondary / secondary special,Single / not married,With parents,-9442,-686,Laborers,1,1,0
5148798,0.0,C,M,N,N,0,135000.0,Commercial associate,Secondary / secondary special,Single / not married,With parents,-9442,-686,Laborers,1,1,0
5148806,0.0,C,F,N,Y,0,135000.0,Working,Secondary / secondary special,Widow,House / apartment,-17450,-2542,Laborers,1,2,0
5148807,0.0,X,F,N,Y,0,135000.0,Working,Secondary / secondary special,Widow,House / apartment,-17450,-2542,Laborers,1,4,0
5148816,0.0,X,F,Y,Y,0,135000.0,Working,Higher education,Civil marriage,House / apartment,-19841,-4428,Managers,2,3,0
5148817,0.0,0,F,Y,Y,0,135000.0,Working,Higher education,Civil marriage,House / apartment,-19841,-4428,Managers,2,1,0
5148818,0.0,C,F,Y,Y,0,135000.0,Working,Higher education,Civil marriage,House / apartment,-19841,-4428,Managers,2,0,0
5148819,0.0,C,F,Y,Y,0,135000.0,Working,Higher education,Civil marriage,House / apartment,-19841,-4428,Managers,2,0,0
5148820,0.0,C,F,Y,Y,0,135000.0,Working,Higher education,Civil marriage,House / apartment,-19841,-4428,Managers,2,0,0
5148822,0.0,C,F,N,Y,1,225000.0,Working,Secondary / secondary special,Married,House / apartment,-14357,-3120,Sales staff,3,2,1
5148824,0.0,X,F,N,Y,1,225000.0,Working,Secondary / secondary special,Married,House / apartment,-14357,-3120,Sales staff,3,4,1
5148826,0.0,X,F,N,Y,1,225000.0,Working,Secondary / secondary special,Married,House / apartment,-14357,-3120,Sales staff,3,4,1
5148830,0.0,C,F,N,Y,1,225000.0,Working,Secondary / secondary special,Married,House / apartment,-14357,-3120,Sales staff,3,2,1
5148832,0.0,C,F,N,Y,1,225000.0,Working,Secondary / secondary special,Married,House / apartment,-14357,-3120,Sales staff,3,2,1
5148833,0.0,X,F,Y,Y,1,135000.0,Working,Higher education,Married,House / apartment,-11312,-472,Sales staff,3,0,1
5148836,0.0,X,F,Y,Y,1,135000.0,Working,Higher education,Married,House / apartment,-11312,-472,Sales staff,3,0,1
5148839,0.0,C,M,Y,Y,0,112500.0,Commercial associate,Higher education,Married,House / apartment,-14229,-1112,Security staff,2,0,0
5148841,0.0,0,M,Y,Y,0,112500.0,Commercial associate,Higher education,Married,House / apartment,-14229,-1112,Security staff,2,3,0
5148846,0.0,C,F,Y,N,2,135000.0,Working,Higher education,Married,House / apartment,-12804,-4977,Accountants,4,0,1
5148847,0.0,0,F,Y,N,2,135000.0,Working,Higher education,Married,House / apartment,-12804,-4977,Accountants,4,1,1
5148848,0.0,C,F,Y,N,2,135000.0,Working,Higher education,Married,House / apartment,-12804,-4977,Accountants,4,0,1
5148849,0.0,0,F,Y,N,2,135000.0,Working,Higher education,Married,House / apartment,-12804,-4977,Accountants,4,1,1
5148850,0.0,C,F,Y,N,2,135000.0,Working,Higher education,Married,House / apartment,-12804,-4977,Accountants,4,0,1
5148851,0.0,0,F,Y,N,2,135000.0,Working,Higher education,Married,House / apartment,-12804,-4977,Accountants,4,1,1
5148852,0.0,C,F,Y,N,2,135000.0,Working,Higher education,Married,House / apartment,-12804,-4977,Accountants,4,0,1
5148853,0.0,X,M,Y,Y,0,261000.0,Working,Secondary / secondary special,Married,House / apartment,-15708,-5250,Laborers,2,2,2
5148854,0.0,C,M,Y,Y,0,261000.0,Working,Secondary / secondary special,Married,House / apartment,-15708,-5250,Laborers,2,2,2
5148855,0.0,C,M,Y,Y,0,261000.0,Working,Secondary / secondary special,Married,House / apartment,-15708,-5250,Laborers,2,2,2
5148856,0.0,X,M,N,N,2,112500.0,Working,Higher education,Married,House / apartment,-11278,-4459,Low-skill Laborers,4,0,1
5148859,0.0,C,M,N,N,2,112500.0,Working,Higher education,Married,House / apartment,-11278,-4459,Low-skill Laborers,4,0,1
5148861,0.0,C,M,Y,Y,2,90000.0,Commercial associate,Secondary / secondary special,Married,House / apartment,-16536,-655,Drivers,4,0,1
5148862,0.0,C,M,Y,Y,2,90000.0,Commercial associate,Secondary / secondary special,Married,House / apartment,-16536,-655,Drivers,4,0,1
5148863,0.0,C,M,N,Y,0,135000.0,Working,Secondary / secondary special,Single / not married,House / apartment,-10042,-2177,Drivers,1,2,0
5148871,0.0,0,F,N,Y,0,135000.0,State servant,Incomplete higher,Married,House / apartment,-15371,-3332,Core staff,2,1,0
5148872,0.0,0,F,N,Y,0,135000.0,State servant,Incomplete higher,Married,House / apartment,-15371,-3332,Core staff,2,1,0
5148873,0.0,0,F,Y,Y,0,202500.0,Working,Incomplete higher,Married,House / apartment,-18593,-5434,Accountants,2,1,0
5148879,0.0,0,F,Y,Y,0,202500.0,Working,Incomplete higher,Married,House / apartment,-18593,-5434,Accountants,2,1,0
5148880,0.0,0,F,Y,Y,0,202500.0,Working,Incomplete higher,Married,House / apartment,-18593,-5434,Accountants,2,1,0
5148881,0.0,C,F,Y,Y,0,202500.0,Working,Incomplete higher,Married,House / apartment,-18593,-5434,Accountants,2,0,0
5148882,0.0,0,F,Y,Y,0,202500.0,Working,Incomplete higher,Married,House / apartment,-18593,-5434,Accountants,2,1,0
5148884,0.0,C,F,N,Y,0,108000.0,Working,Secondary / secondary special,Separated,House / apartment,-16416,-1782,Laborers,1,2,0
5148885,0.0,0,F,N,Y,0,108000.0,Working,Secondary / secondary special,Separated,House / apartment,-16416,-1782,Laborers,1,4,0
5148886,0.0,X,F,N,Y,0,108000.0,Working,Secondary / secondary special,Separated,House / apartment,-16416,-1782,Laborers,1,4,0
5148887,0.0,C,F,N,Y,0,108000.0,Working,Secondary / secondary special,Separated,House / apartment,-16416,-1782,Laborers,1,2,0
5148907,0.0,C,M,N,Y,0,135000.0,Working,Secondary / secondary special,Married,House / apartment,-21677,-4003,Laborers,2,2,0
5148909,0.0,C,M,N,Y,0,135000.0,Working,Secondary / secondary special,Married,House / apartment,-21677,-4003,Laborers,2,2,0
5148910,0.0,C,F,N,Y,1,76500.0,Working,Higher education,Separated,House / apartment,-11838,-1112,Core staff,2,0,0
5148921,0.0,X,F,Y,Y,0,157500.0,Working,Secondary / secondary special,Married,House / apartment,-16415,-9756,Laborers,2,2,0
5148922,0.0,0,F,Y,Y,0,157500.0,Working,Secondary / secondary special,Married,House / apartment,-16415,-9756,Laborers,2,4,0
5148923,0.0,X,F,Y,Y,0,157500.0,Working,Secondary / secondary special,Married,House / apartment,-16415,-9756,Laborers,2,2,0
5148924,0.0,X,F,Y,Y,0,157500.0,Working,Secondary / secondary special,Married,House / apartment,-16415,-9756,Laborers,2,2,0
5148925,0.0,X,F,Y,Y,0,157500.0,Working,Secondary / secondary special,Married,House / apartment,-16415,-9756,Laborers,2,2,0
5148928,0.0,0,F,N,N,0,211500.0,Working,Secondary / secondary special,Civil marriage,House / apartment,-16799,-2116,Sales staff,2,4,0
5148930,0.0,X,F,Y,Y,3,135000.0,Commercial associate,Secondary / secondary special,Married,House / apartment,-13441,-290,Laborers,5,1,1
5148932,0.0,C,M,Y,N,0,108000.0,Working,Secondary / secondary special,Married,Office apartment,-17209,-1081,Security staff,2,2,0
5148935,0.0,0,F,N,Y,0,225000.0,Working,Secondary / secondary special,Married,House / apartment,-12237,-2298,Sales staff,2,4,0
5148938,0.0,C,M,N,Y,0,112500.0,Working,Secondary / secondary special,Married,House / apartment,-15852,-3304,Laborers,2,2,0
5148940,0.0,C,M,N,Y,0,112500.0,Working,Secondary / secondary special,Married,House / apartment,-15852,-3304,Laborers,2,2,0
5148941,0.0,0,M,N,Y,0,112500.0,Working,Secondary / secondary special,Married,House / apartment,-15852,-3304,Laborers,2,4,0
5148943,0.0,C,M,N,Y,0,112500.0,Working,Secondary / secondary special,Married,House / apartment,-15852,-3304,Laborers,2,2,0
5148945,0.0,C,M,N,Y,2,270000.0,Working,Higher education,Married,House / apartment,-11951,-1447,Managers,4,0,1
5148947,0.0,X,F,N,Y,0,90000.0,Working,Secondary / secondary special,Married,Municipal apartment,-17708,-5555,Laborers,2,4,0
5148954,0.0,C,F,N,Y,0,90000.0,Working,Secondary / secondary special,Married,Municipal apartment,-17708,-5555,Laborers,2,2,0
5148960,0.0,X,F,N,Y,0,90000.0,Working,Secondary / secondary special,Married,Municipal apartment,-17708,-5555,Laborers,2,4,0
5148963,0.0,C,F,N,Y,0,90000.0,Working,Secondary / secondary special,Married,Municipal apartment,-17708,-5555,Laborers,2,2,0
5148964,0.0,C,F,N,Y,0,90000.0,Working,Secondary / secondary special,Married,Municipal apartment,-17708,-5555,Laborers,2,2,0
5148965,0.0,C,F,N,Y,0,90000.0,Working,Secondary / secondary special,Married,Municipal apartment,-17708,-5555,Laborers,2,2,0
5148966,0.0,C,F,N,Y,0,90000.0,Working,Secondary / secondary special,Married,Municipal apartment,-17708,-5555,Laborers,2,2,0
5148968,0.0,0,M,Y,Y,0,495000.0,Working,Secondary / secondary special,Single / not married,Rented apartment,-14358,-5373,Cooking staff,1,4,2
5148970,0.0,0,M,Y,Y,0,495000.0,Working,Secondary / secondary special,Single / not married,Rented apartment,-14358,-5373,Cooking staff,1,4,2
5148971,0.0,0,M,Y,Y,0,495000.0,Working,Secondary / secondary special,Single / not married,Rented apartment,-14358,-5373,Cooking staff,1,4,2
5148973,0.0,0,M,Y,Y,0,495000.0,Working,Secondary / secondary special,Single / not married,Rented apartment,-14358,-5373,Cooking staff,1,4,2
5148974,0.0,0,M,Y,Y,0,495000.0,Working,Secondary / secondary special,Single / not married,Rented apartment,-14358,-5373,Cooking staff,1,4,2
5148975,0.0,C,F,Y,Y,0,94500.0,Working,Secondary / secondary special,Married,House / apartment,-18095,-10364,High skill tech staff,2,2,0
5148978,0.0,X,F,Y,Y,0,94500.0,Working,Secondary / secondary special,Married,House / apartment,-18095,-10364,High skill tech staff,2,4,0
5148980,0.0,X,F,Y,Y,0,94500.0,Working,Secondary / secondary special,Married,House / apartment,-18095,-10364,High skill tech staff,2,4,0
5148981,0.0,C,F,Y,Y,0,94500.0,Working,Secondary / secondary special,Married,House / apartment,-18095,-10364,High skill tech staff,2,2,0
5148982,0.0,0,F,Y,Y,0,94500.0,Working,Secondary / secondary special,Married,House / apartment,-18095,-10364,High skill tech staff,2,4,0
5148987,0.0,X,F,Y,Y,1,540000.0,State servant,Incomplete higher,Married,House / apartment,-13297,-168,Core staff,3,3,2
5148988,0.0,X,F,Y,Y,1,540000.0,State servant,Incomplete higher,Married,House / apartment,-13297,-168,Core staff,3,3,2
5148989,0.0,0,F,N,Y,2,135000.0,Commercial associate,Secondary / secondary special,Married,House / apartment,-12805,-1294,Sales staff,4,1,1
5148990,0.0,1,M,Y,Y,0,112500.0,Working,Secondary / secondary special,Married,House / apartment,-11819,-1172,Security staff,2,1,0
5148992,0.0,C,F,N,Y,0,99000.0,Commercial associate,Secondary / secondary special,Single / not married,House / apartment,-17592,-5069,Sales staff,1,1,0
5148996,0.0,C,F,Y,Y,1,202500.0,Commercial associate,Higher education,Married,House / apartment,-15598,-1659,Accountants,3,3,1
5148999,0.0,0,F,Y,Y,1,202500.0,Commercial associate,Higher education,Married,House / apartment,-15598,-1659,Accountants,3,3,1
5149001,0.0,C,M,Y,Y,1,270000.0,Commercial associate,Higher education,Married,House / apartment,-15909,-2055,Managers,3,0,2
5149020,0.0,0,F,N,N,0,270000.0,Commercial associate,Secondary / secondary special,Married,Municipal apartment,-12819,-563,Managers,2,1,0
5149021,0.0,0,F,N,N,0,270000.0,Commercial associate,Secondary / secondary special,Married,Municipal apartment,-12819,-563,Managers,2,1,0
5149030,0.0,C,F,N,Y,0,180000.0,State servant,Higher education,Married,House / apartment,-17483,-1203,Core staff,2,3,0
5149033,0.0,0,F,N,Y,0,180000.0,State servant,Higher education,Married,House / apartment,-17483,-1203,Core staff,2,3,0
5149034,0.0,0,F,N,Y,0,180000.0,State servant,Higher education,Married,House / apartment,-17483,-1203,Core staff,2,3,0
5149035,0.0,C,F,N,Y,0,180000.0,State servant,Higher education,Married,House / apartment,-17483,-1203,Core staff,2,3,0
5149040,0.0,C,F,N,Y,0,180000.0,Working,Secondary / secondary special,Civil marriage,House / apartment,-19750,-3608,Laborers,2,2,0
5149044,0.0,0,M,Y,Y,0,135000.0,Commercial associate,Secondary / secondary special,Married,House / apartment,-14856,-1721,Laborers,2,1,0
5149045,0.0,0,F,N,N,2,135000.0,Working,Secondary / secondary special,Married,House / apartment,-15050,-4977,Laborers,4,4,1
5149046,0.0,0,F,N,N,2,135000.0,Working,Secondary / secondary special,Married,House / apartment,-15050,-4977,Laborers,4,4,1
5149049,0.0,0,F,N,N,2,135000.0,Working,Secondary / secondary special,Married,House / apartment,-15050,-4977,Laborers,4,4,1
5149050,0.0,C,F,N,N,2,135000.0,Working,Secondary / secondary special,Married,House / apartment,-15050,-4977,Laborers,4,2,1
5149053,0.0,0,F,Y,Y,3,243000.0,Commercial associate,Higher education,Single / not married,Rented apartment,-23198,-1112,Managers,4,3,1
5149054,0.0,0,F,Y,Y,3,243000.0,Commercial associate,Higher education,Single / not married,Rented apartment,-23198,-1112,Managers,4,3,1
5149058,0.0,0,F,N,Y,0,180000.0,State servant,Secondary / secondary special,Married,Municipal apartment,-19161,-4581,Cleaning staff,2,1,0
5149076,0.0,0,F,N,Y,1,63000.0,State servant,Secondary / secondary special,Married,House / apartment,-10223,-775,Laborers,3,4,1
5149078,0.0,X,F,Y,N,0,202500.0,Commercial associate,Secondary / secondary special,Married,House / apartment,-14207,-625,Sales staff,2,1,0
5149081,0.0,C,F,N,Y,0,76500.0,Working,Secondary / secondary special,Married,House / apartment,-16347,-1812,Sales staff,2,2,0
5149082,0.0,C,F,N,Y,0,76500.0,Working,Secondary / secondary special,Married,House / apartment,-16347,-1812,Sales staff,2,2,0
5149085,0.0,C,F,N,Y,0,76500.0,Working,Secondary / secondary special,Married,House / apartment,-16347,-1812,Sales staff,2,2,0
5149086,0.0,C,F,N,Y,0,76500.0,Working,Secondary / secondary special,Married,House / apartment,-16347,-1812,Sales staff,2,2,0
5149088,0.0,C,M,N,Y,1,202500.0,Working,Secondary / secondary special,Married,House / apartment,-14614,-563,Laborers,3,2,1
5149089,0.0,C,M,N,Y,1,202500.0,Working,Secondary / secondary special,Married,House / apartment,-14614,-563,Laborers,3,2,1
5149090,0.0,C,M,N,Y,1,202500.0,Working,Secondary / secondary special,Married,House / apartment,-14614,-563,Laborers,3,2,1
5149092,0.0,X,M,N,Y,1,202500.0,Working,Secondary / secondary special,Married,House / apartment,-14614,-563,Laborers,3,2,1
5149105,0.0,C,M,N,Y,2,270000.0,Working,Secondary / secondary special,Married,House / apartment,-12488,-3608,Security staff,4,2,1
5149106,0.0,0,M,N,Y,2,270000.0,Working,Secondary / secondary special,Married,House / apartment,-12488,-3608,Security staff,4,4,1
5149107,0.0,X,M,N,Y,2,270000.0,Working,Secondary / secondary special,Married,House / apartment,-12488,-3608,Security staff,4,4,1
5149108,0.0,C,M,N,Y,2,270000.0,Working,Secondary / secondary special,Married,House / apartment,-12488,-3608,Security staff,4,2,1
5149109,0.0,C,M,N,Y,2,270000.0,Working,Secondary / secondary special,Married,House / apartment,-12488,-3608,Security staff,4,2,1
5149110,0.0,0,M,Y,Y,0,90000.0,Commercial associate,Incomplete higher,Married,With parents,-9987,-410,Sales staff,2,1,0
5149111,0.0,C,M,Y,Y,0,90000.0,Commercial associate,Incomplete higher,Married,With parents,-9987,-410,Sales staff,2,0,0
5149113,0.0,C,M,Y,Y,0,90000.0,Commercial associate,Incomplete higher,Married,With parents,-9987,-410,Sales staff,2,0,0
5149114,0.0,C,M,Y,Y,0,90000.0,Commercial associate,Incomplete higher,Married,With parents,-9987,-410,Sales staff,2,0,0
5149119,0.0,1,F,N,Y,0,360000.0,Working,Higher education,Separated,House / apartment,-18899,-8538,Managers,1,1,0
5149120,0.0,X,F,N,Y,0,360000.0,Working,Higher education,Separated,House / apartment,-18899,-8538,Managers,1,1,2
5149121,0.0,C,F,N,Y,0,360000.0,Working,Higher education,Separated,House / apartment,-18899,-8538,Managers,1,0,2
5149123,0.0,C,F,N,Y,0,360000.0,Working,Higher education,Separated,House / apartment,-18899,-8538,Managers,1,0,2
5149126,0.0,X,F,N,Y,0,360000.0,Working,Higher education,Separated,House / apartment,-18899,-8538,Managers,1,1,2
5149137,0.0,C,F,N,Y,0,180000.0,Working,Secondary / secondary special,Civil marriage,House / apartment,-12736,-2725,Laborers,2,2,0
5149139,0.0,X,M,Y,Y,0,247500.0,Working,Secondary / secondary special,Married,House / apartment,-10952,-3577,Laborers,2,2,0
5149142,0.0,X,M,Y,Y,0,247500.0,Working,Secondary / secondary special,Married,House / apartment,-10952,-3577,Laborers,2,2,0
5149143,0.0,C,M,Y,Y,0,247500.0,Working,Secondary / secondary special,Married,House / apartment,-10952,-3577,Laborers,2,2,0
5149144,0.0,C,M,Y,Y,0,247500.0,Working,Secondary / secondary special,Married,House / apartment,-10952,-3577,Laborers,2,2,0
5149146,0.0,C,M,Y,Y,0,247500.0,Working,Secondary / secondary special,Married,House / apartment,-10952,-3577,Laborers,2,2,0
5149150,0.0,X,M,Y,Y,0,247500.0,Working,Secondary / secondary special,Married,House / apartment,-10952,-3577,Laborers,2,2,0
5149157,0.0,C,M,Y,Y,0,247500.0,Working,Secondary / secondary special,Married,House / apartment,-10952,-3577,Laborers,2,2,0
5149159,0.0,C,M,Y,Y,0,247500.0,Working,Secondary / secondary special,Married,House / apartment,-10952,-3577,Laborers,2,2,0
5149170,0.0,C,M,Y,Y,0,202500.0,Commercial associate,Secondary / secondary special,Married,House / apartment,-21500,-2967,Laborers,2,0,0
5149171,0.0,C,M,Y,Y,0,202500.0,Commercial associate,Secondary / secondary special,Married,House / apartment,-21500,-2967,Laborers,2,0,0
5149173,0.0,0,M,N,N,0,171000.0,Commercial associate,Higher education,Married,House / apartment,-10151,-472,Security staff,2,3,0
5149184,0.0,X,M,N,Y,0,180000.0,Working,Higher education,Single / not married,House / apartment,-9288,-959,Laborers,1,1,0
5149185,0.0,0,M,N,Y,0,180000.0,Working,Higher education,Single / not married,House / apartment,-9288,-959,Laborers,1,1,0
5149186,0.0,X,M,N,Y,0,180000.0,Working,Higher education,Single / not married,House / apartment,-9288,-959,Laborers,1,1,0
5149189,0.0,C,M,Y,N,1,450000.0,Working,Higher education,Married,House / apartment,-9847,-502,Core staff,3,0,2
5149191,0.0,0,M,Y,N,1,450000.0,Working,Higher education,Married,House / apartment,-9847,-502,Core staff,3,0,2
5149193,0.0,X,M,N,Y,1,157500.0,Working,Secondary / secondary special,Married,House / apartment,-8082,-594,Laborers,3,2,1
5149194,0.0,C,F,N,Y,0,135000.0,Commercial associate,Secondary / secondary special,Married,House / apartment,-18768,-2420,Sales staff,2,1,0
5149195,0.0,0,F,N,Y,0,180000.0,Commercial associate,Incomplete higher,Married,House / apartment,-17921,-5008,Sales staff,2,1,0
5149196,0.0,X,F,N,Y,0,180000.0,Commercial associate,Incomplete higher,Married,House / apartment,-17921,-5008,Sales staff,2,1,0
5149197,0.0,X,F,N,Y,0,180000.0,Commercial associate,Incomplete higher,Married,House / apartment,-17921,-5008,Sales staff,2,1,0
5149199,0.0,X,F,N,Y,0,180000.0,Commercial associate,Incomplete higher,Married,House / apartment,-17921,-5008,Sales staff,2,1,0
5149202,0.0,0,F,N,Y,1,225000.0,Commercial associate,Higher education,Separated,House / apartment,-15226,-1020,Sales staff,2,3,0
5149203,0.0,0,F,N,Y,1,225000.0,Commercial associate,Higher education,Separated,House / apartment,-15226,-1020,Sales staff,2,3,0
5149208,0.0,C,F,Y,N,0,112500.0,Working,Secondary / secondary special,Married,House / apartment,-15244,-2998,Cooking staff,2,2,0
5149209,0.0,C,F,Y,N,0,112500.0,Working,Secondary / secondary special,Married,House / apartment,-15244,-2998,Cooking staff,2,2,0
5149216,0.0,0,M,Y,Y,0,180000.0,Working,Secondary / secondary special,Married,House / apartment,-12488,-747,Laborers,2,2,0
5149217,0.0,X,M,Y,Y,0,180000.0,Working,Secondary / secondary special,Married,House / apartment,-12488,-747,Laborers,2,2,0
5149218,0.0,0,M,Y,Y,0,180000.0,Working,Secondary / secondary special,Married,House / apartment,-12488,-747,Laborers,2,2,0
5149219,0.0,0,M,Y,Y,0,180000.0,Working,Secondary / secondary special,Married,House / apartment,-12488,-747,Laborers,2,2,0
5149220,0.0,0,M,Y,Y,0,180000.0,Working,Secondary / secondary special,Married,House / apartment,-12488,-747,Laborers,2,2,0
5149237,0.0,0,F,N,Y,0,135000.0,Commercial associate,Secondary / secondary special,Married,House / apartment,-11768,-2086,Laborers,2,1,0
5149238,0.0,C,F,N,Y,0,135000.0,Commercial associate,Secondary / secondary special,Married,House / apartment,-11768,-2086,Laborers,2,1,0
5149241,0.0,0,M,N,N,0,225000.0,Commercial associate,Higher education,Married,With parents,-9412,-959,IT staff,2,3,0
5149242,0.0,C,M,N,N,0,225000.0,Commercial associate,Higher education,Married,With parents,-9412,-959,IT staff,2,3,0
5149243,0.0,C,M,N,N,0,225000.0,Commercial associate,Higher education,Married,With parents,-9412,-959,IT staff,2,3,0
5149244,0.0,C,M,N,N,0,225000.0,Commercial associate,Higher education,Married,With parents,-9412,-959,IT staff,2,3,0
5149246,0.0,X,F,N,Y,0,135000.0,Commercial associate,Secondary / secondary special,Civil marriage,House / apartment,-12183,-655,Cooking staff,2,1,0
5149248,0.0,C,F,N,Y,0,135000.0,Commercial associate,Secondary / secondary special,Civil marriage,House / apartment,-12183,-655,Cooking staff,2,1,0
5149249,0.0,0,F,N,Y,0,135000.0,Commercial associate,Secondary / secondary special,Civil marriage,House / apartment,-12183,-655,Cooking staff,2,1,0
5149251,0.0,0,F,N,Y,0,135000.0,Commercial associate,Secondary / secondary special,Civil marriage,House / apartment,-12183,-655,Cooking staff,2,1,0
5149252,0.0,C,F,N,Y,0,135000.0,Commercial associate,Secondary / secondary special,Civil marriage,House / apartment,-12183,-655,Cooking staff,2,1,0
5149253,0.0,0,F,Y,Y,1,180000.0,Working,Secondary / secondary special,Married,House / apartment,-13908,-2512,Cooking staff,3,4,1
5149254,0.0,X,F,Y,Y,1,180000.0,Working,Secondary / secondary special,Married,House / apartment,-13908,-2512,Cooking staff,3,4,1
5149258,0.0,0,F,N,Y,0,157500.0,State servant,Secondary / secondary special,Married,House / apartment,-19687,-12647,Medicine staff,2,1,0
5149259,0.0,C,M,Y,N,2,157500.0,Working,Secondary / secondary special,Married,House / apartment,-14842,-5189,Drivers,4,2,1
5149261,0.0,C,M,Y,N,2,157500.0,Working,Secondary / secondary special,Married,House / apartment,-14842,-5189,Drivers,4,2,1
5149262,0.0,C,M,Y,N,2,157500.0,Working,Secondary / secondary special,Married,House / apartment,-14842,-5189,Drivers,4,2,1
5149264,0.0,X,F,N,Y,0,189000.0,State servant,Secondary / secondary special,Separated,House / apartment,-17326,-9482,Medicine staff,1,1,0
5149266,0.0,C,F,Y,N,1,72000.0,Working,Incomplete higher,Civil marriage,House / apartment,-11460,-1141,Private service staff,3,0,1
5149269,0.0,C,M,Y,Y,0,270000.0,Working,Secondary / secondary special,Married,House / apartment,-22234,-1506,Realty agents,2,2,2
5149270,0.0,C,M,Y,Y,0,270000.0,Working,Secondary / secondary special,Married,House / apartment,-22234,-1506,Realty agents,2,2,2
5149272,0.0,C,M,Y,Y,0,270000.0,Working,Secondary / secondary special,Married,House / apartment,-22234,-1506,Realty agents,2,2,2
5149275,0.0,C,M,Y,Y,0,270000.0,Working,Secondary / secondary special,Married,House / apartment,-22234,-1506,Realty agents,2,2,2
5149276,0.0,C,M,Y,Y,0,270000.0,Working,Secondary / secondary special,Married,House / apartment,-22234,-1506,Realty agents,2,2,2
5149277,0.0,C,M,Y,Y,0,270000.0,Working,Secondary / secondary special,Married,House / apartment,-22234,-1506,Realty agents,2,2,2
5149280,0.0,C,F,N,Y,0,81000.0,Working,Secondary / secondary special,Separated,House / apartment,-19691,-1081,Sales staff,1,4,0
5149284,0.0,0,F,N,Y,0,81000.0,Working,Secondary / secondary special,Separated,House / apartment,-19691,-1081,Sales staff,1,4,0
5149285,0.0,C,F,Y,Y,1,225000.0,Working,Secondary / secondary special,Civil marriage,House / apartment,-15443,-290,Sales staff,3,2,1
5149286,0.0,C,F,Y,Y,1,225000.0,Working,Secondary / secondary special,Civil marriage,House / apartment,-15443,-290,Sales staff,3,2,1
5149287,0.0,C,F,Y,Y,1,225000.0,Working,Secondary / secondary special,Civil marriage,House / apartment,-15443,-290,Sales staff,3,2,1
5149289,0.0,C,F,Y,Y,1,225000.0,Working,Secondary / secondary special,Civil marriage,House / apartment,-15443,-290,Sales staff,3,2,1
5149290,0.0,C,F,Y,Y,1,225000.0,Working,Secondary / secondary special,Civil marriage,House / apartment,-15443,-290,Sales staff,3,2,1
5149291,0.0,0,F,Y,Y,1,225000.0,Working,Secondary / secondary special,Civil marriage,House / apartment,-15443,-290,Sales staff,3,4,1
5149292,0.0,C,F,Y,Y,1,225000.0,Working,Secondary / secondary special,Civil marriage,House / apartment,-15443,-290,Sales staff,3,2,1
5149294,0.0,0,F,Y,Y,1,225000.0,Working,Secondary / secondary special,Civil marriage,House / apartment,-15443,-290,Sales staff,3,4,1
5149307,0.0,C,F,N,Y,0,103500.0,Commercial associate,Secondary / secondary special,Married,House / apartment,-18240,-1751,Laborers,2,1,0
5149311,0.0,0,F,Y,Y,0,157500.0,Commercial associate,Secondary / secondary special,Married,House / apartment,-19294,-3881,Managers,2,1,0
5149312,0.0,0,F,Y,Y,1,180000.0,Working,Higher education,Separated,House / apartment,-18838,-5981,Managers,2,1,0
5149313,0.0,X,F,Y,Y,1,180000.0,Working,Higher education,Separated,House / apartment,-18838,-5981,Managers,2,3,0
5149314,0.0,C,F,Y,Y,1,180000.0,Working,Higher education,Separated,House / apartment,-18838,-5981,Managers,2,0,0
5149315,0.0,C,F,Y,Y,1,180000.0,Working,Higher education,Separated,House / apartment,-18838,-5981,Managers,2,0,0
5149316,0.0,C,F,Y,Y,1,180000.0,Working,Higher education,Separated,House / apartment,-18838,-5981,Managers,2,0,0
5149318,0.0,C,F,Y,Y,1,180000.0,Working,Higher education,Separated,House / apartment,-18838,-5981,Managers,2,0,0
5149319,0.0,0,F,Y,Y,1,180000.0,Working,Higher education,Separated,House / apartment,-18838,-5981,Managers,2,1,0
5149320,0.0,X,F,Y,Y,1,180000.0,Working,Higher education,Separated,House / apartment,-18838,-5981,Managers,2,3,0
5149322,0.0,C,F,Y,Y,1,180000.0,Working,Higher education,Separated,House / apartment,-18838,-5981,Managers,2,0,0
5149324,0.0,C,F,Y,Y,1,180000.0,Working,Higher education,Separated,House / apartment,-18838,-5981,Managers,2,0,0
5149326,0.0,X,F,Y,Y,1,180000.0,Working,Higher education,Separated,House / apartment,-18838,-5981,Managers,2,3,0
5149328,0.0,C,F,Y,Y,1,180000.0,Working,Higher education,Separated,House / apartment,-18838,-5981,Managers,2,0,0
5149330,0.0,0,F,N,Y,0,155250.0,Working,Secondary / secondary special,Separated,House / apartment,-19420,-2267,Laborers,1,4,0
5149331,0.0,X,F,N,Y,0,155250.0,Working,Secondary / secondary special,Separated,House / apartment,-19420,-2267,Laborers,1,4,0
5149332,0.0,X,F,N,Y,0,155250.0,Working,Secondary / secondary special,Separated,House / apartment,-19420,-2267,Laborers,1,4,0
5149333,0.0,0,F,N,Y,0,155250.0,Working,Secondary / secondary special,Separated,House / apartment,-19420,-2267,Laborers,1,4,0
5149334,0.0,0,F,N,Y,0,155250.0,Working,Secondary / secondary special,Separated,House / apartment,-19420,-2267,Laborers,1,4,0
5149336,0.0,C,F,Y,Y,0,292500.0,Commercial associate,Higher education,Single / not married,House / apartment,-16930,-8995,High skill tech staff,1,3,2
5149337,0.0,0,F,Y,Y,0,292500.0,Commercial associate,Higher education,Single / not married,House / apartment,-16930,-8995,High skill tech staff,1,3,2
5149338,0.0,C,F,Y,Y,0,292500.0,Commercial associate,Higher education,Single / not married,House / apartment,-16930,-8995,High skill tech staff,1,3,2
5149339,0.0,C,F,Y,Y,0,292500.0,Commercial associate,Higher education,Single / not married,House / apartment,-16930,-8995,High skill tech staff,1,3,2
5149340,0.0,C,F,Y,Y,0,292500.0,Commercial associate,Higher education,Single / not married,House / apartment,-16930,-8995,High skill tech staff,1,3,2
5149341,0.0,C,F,Y,Y,0,292500.0,Commercial associate,Higher education,Single / not married,House / apartment,-16930,-8995,High skill tech staff,1,3,2
5149342,0.0,C,F,Y,Y,0,292500.0,Commercial associate,Higher education,Single / not married,House / apartment,-16930,-8995,High skill tech staff,1,3,2
5149349,0.0,0,M,Y,Y,2,180000.0,Working,Secondary / secondary special,Married,House / apartment,-14382,-563,Laborers,4,2,1
5149350,0.0,0,M,Y,Y,2,180000.0,Working,Secondary / secondary special,Married,House / apartment,-14382,-563,Laborers,4,2,1
5149352,0.0,C,M,Y,Y,0,225000.0,Commercial associate,Higher education,Married,House / apartment,-12208,-3273,Accountants,2,0,0
5149353,0.0,0,M,Y,Y,0,225000.0,Commercial associate,Higher education,Married,House / apartment,-12208,-3273,Accountants,2,3,0
5149354,0.0,0,M,Y,Y,0,225000.0,Commercial associate,Higher education,Married,House / apartment,-12208,-3273,Accountants,2,3,0
5149372,0.0,0,F,N,Y,0,157500.0,Working,Secondary / secondary special,Married,House / apartment,-18749,-2542,Sales staff,2,4,0
5149375,0.0,0,F,N,Y,0,157500.0,Working,Secondary / secondary special,Married,House / apartment,-18749,-2542,Sales staff,2,4,0
5149376,0.0,0,F,N,Y,0,157500.0,Working,Secondary / secondary special,Married,House / apartment,-18749,-2542,Sales staff,2,4,0
5149378,0.0,C,M,Y,Y,1,360000.0,Commercial associate,Higher education,Married,House / apartment,-16537,-410,Laborers,3,0,2
5149380,0.0,C,M,Y,Y,1,360000.0,Commercial associate,Higher education,Married,House / apartment,-16537,-410,Laborers,3,0,2
5149381,0.0,C,M,Y,Y,1,360000.0,Commercial associate,Higher education,Married,House / apartment,-16537,-410,Laborers,3,0,2
5149382,0.0,C,M,Y,Y,1,360000.0,Commercial associate,Higher education,Married,House / apartment,-16537,-410,Laborers,3,0,2
5149393,0.0,C,F,N,N,1,135000.0,Commercial associate,Secondary / secondary special,Married,With parents,-13689,-1172,Sales staff,3,1,1
5149398,0.0,C,F,N,N,1,135000.0,Commercial associate,Secondary / secondary special,Married,With parents,-13689,-1172,Sales staff,3,1,1
5149400,0.0,C,F,N,N,1,135000.0,Commercial associate,Secondary / secondary special,Married,With parents,-13689,-1172,Sales staff,3,1,1
5149403,0.0,C,F,N,N,1,135000.0,Commercial associate,Secondary / secondary special,Married,With parents,-13689,-1172,Sales staff,3,1,1
5149406,0.0,C,F,N,N,1,135000.0,Commercial associate,Secondary / secondary special,Married,With parents,-13689,-1172,Sales staff,3,1,1
5149407,0.0,C,F,N,N,1,135000.0,Commercial associate,Secondary / secondary special,Married,With parents,-13689,-1172,Sales staff,3,1,1
5149410,0.0,0,F,N,N,1,135000.0,Commercial associate,Secondary / secondary special,Married,With parents,-13689,-1172,Sales staff,3,1,1
5149411,0.0,1,F,N,N,1,135000.0,Commercial associate,Secondary / secondary special,Married,With parents,-13689,-1172,Sales staff,3,1,0
5149412,0.0,0,F,N,N,1,135000.0,Commercial associate,Secondary / secondary special,Married,With parents,-13689,-1172,Sales staff,3,1,1
5149413,0.0,C,F,N,Y,2,315000.0,Commercial associate,Higher education,Married,House / apartment,-10937,-168,Managers,4,3,1
5149414,0.0,C,F,Y,N,0,112500.0,Commercial associate,Secondary / secondary special,Married,House / apartment,-18482,-441,Sales staff,2,0,0
5149419,0.0,C,F,N,Y,0,202500.0,Working,Higher education,Married,House / apartment,-21664,-7077,Core staff,2,0,0
5149424,0.0,C,F,N,Y,0,202500.0,Working,Higher education,Married,House / apartment,-21664,-7077,Core staff,2,0,0
5149425,0.0,C,F,N,Y,0,202500.0,Working,Higher education,Married,House / apartment,-21664,-7077,Core staff,2,0,0
5149426,0.0,0,F,N,Y,0,202500.0,Working,Higher education,Married,House / apartment,-21664,-7077,Core staff,2,1,0
5149438,0.0,0,M,Y,Y,2,315000.0,Working,Higher education,Married,House / apartment,-13455,-2177,High skill tech staff,4,0,1
5149445,0.0,C,M,Y,Y,0,238500.0,Working,Higher education,Married,With parents,-12187,-2602,Laborers,2,0,0
5149446,0.0,X,M,Y,Y,0,238500.0,Working,Higher education,Married,With parents,-12187,-2602,Laborers,2,0,0
5149450,0.0,C,M,Y,Y,0,238500.0,Working,Higher education,Married,With parents,-12187,-2602,Laborers,2,0,0
5149455,0.0,0,M,Y,Y,0,238500.0,Working,Higher education,Married,With parents,-12187,-2602,Laborers,2,0,0
5149456,0.0,0,M,Y,Y,0,238500.0,Working,Higher education,Married,With parents,-12187,-2602,Laborers,2,0,0
5149457,0.0,0,M,Y,Y,0,238500.0,Working,Higher education,Married,With parents,-12187,-2602,Laborers,2,0,0
5149458,0.0,C,M,Y,Y,0,238500.0,Working,Higher education,Married,With parents,-12187,-2602,Laborers,2,0,0
5149462,0.0,0,F,N,Y,0,193500.0,Commercial associate,Secondary / secondary special,Married,House / apartment,-15447,-1721,Sales staff,2,1,0
5149463,0.0,0,F,N,Y,0,193500.0,Commercial associate,Secondary / secondary special,Married,House / apartment,-15447,-1721,Sales staff,2,1,0
5149464,0.0,C,F,N,Y,0,193500.0,Commercial associate,Secondary / secondary special,Married,House / apartment,-15447,-1721,Sales staff,2,1,0
5149465,0.0,C,F,N,Y,0,193500.0,Commercial associate,Secondary / secondary special,Married,House / apartment,-15447,-1721,Sales staff,2,1,0
5149466,0.0,0,F,N,Y,0,193500.0,Commercial associate,Secondary / secondary special,Married,House / apartment,-15447,-1721,Sales staff,2,1,0
5149467,0.0,C,F,N,Y,0,193500.0,Commercial associate,Secondary / secondary special,Married,House / apartment,-15447,-1721,Sales staff,2,1,0
5149468,0.0,C,F,N,Y,0,193500.0,Commercial associate,Secondary / secondary special,Married,House / apartment,-15447,-1721,Sales staff,2,1,0
5149488,0.0,C,F,Y,Y,0,90000.0,Working,Higher education,Married,House / apartment,-11351,-1172,Laborers,2,0,0
5149489,0.0,C,F,Y,Y,0,90000.0,Working,Higher education,Married,House / apartment,-11351,-1172,Laborers,2,0,0
5149490,0.0,C,F,Y,Y,0,90000.0,Working,Higher education,Married,House / apartment,-11351,-1172,Laborers,2,0,0
5149495,0.0,0,F,Y,Y,1,360000.0,Working,Higher education,Married,House / apartment,-12367,-928,Core staff,3,1,2
5149497,0.0,0,F,Y,Y,1,360000.0,Working,Higher education,Married,House / apartment,-12367,-928,Core staff,3,1,2
5149498,0.0,0,F,Y,Y,1,360000.0,Working,Higher education,Married,House / apartment,-12367,-928,Core staff,3,1,2
5149499,0.0,0,M,N,Y,0,157500.0,Working,Secondary / secondary special,Married,House / apartment,-17032,-7838,Laborers,2,4,0
5149500,0.0,0,M,N,Y,0,157500.0,Working,Secondary / secondary special,Married,House / apartment,-17032,-7838,Laborers,2,4,0
5149501,0.0,0,M,N,Y,0,157500.0,Working,Secondary / secondary special,Married,House / apartment,-17032,-7838,Laborers,2,4,0
5149502,0.0,0,M,N,Y,0,157500.0,Working,Secondary / secondary special,Married,House / apartment,-17032,-7838,Laborers,2,4,0
5149506,0.0,C,M,N,Y,0,157500.0,Working,Secondary / secondary special,Married,House / apartment,-17032,-7838,Laborers,2,2,0
5149507,0.0,0,M,N,Y,0,157500.0,Working,Secondary / secondary special,Married,House / apartment,-17032,-7838,Laborers,2,4,0
5149522,0.0,0,F,N,Y,0,90000.0,Working,Lower secondary,Married,House / apartment,-16684,-2451,Medicine staff,2,1,0
5149523,0.0,C,F,N,Y,0,90000.0,Working,Lower secondary,Married,House / apartment,-16684,-2451,Medicine staff,2,0,0
5149528,0.0,0,F,N,Y,1,126000.0,Working,Secondary / secondary special,Civil marriage,With parents,-8255,-898,Core staff,3,4,1
5149529,0.0,C,F,N,Y,0,130500.0,State servant,Secondary / secondary special,Married,House / apartment,-12676,-3455,Core staff,2,1,0
5149530,0.0,C,F,N,Y,0,130500.0,State servant,Secondary / secondary special,Married,House / apartment,-12676,-3455,Core staff,2,1,0
5149531,0.0,C,F,N,Y,0,130500.0,State servant,Secondary / secondary special,Married,House / apartment,-12676,-3455,Core staff,2,1,0
5149535,0.0,C,F,N,Y,0,130500.0,State servant,Secondary / secondary special,Married,House / apartment,-12676,-3455,Core staff,2,1,0
5149536,0.0,C,F,N,Y,0,130500.0,State servant,Secondary / secondary special,Married,House / apartment,-12676,-3455,Core staff,2,1,0
5149539,0.0,C,F,N,Y,0,130500.0,State servant,Secondary / secondary special,Married,House / apartment,-12676,-3455,Core staff,2,1,0
5149540,0.0,C,F,N,Y,0,130500.0,State servant,Secondary / secondary special,Married,House / apartment,-12676,-3455,Core staff,2,1,0
5149541,0.0,C,F,N,Y,0,130500.0,State servant,Secondary / secondary special,Married,House / apartment,-12676,-3455,Core staff,2,1,0
5149542,0.0,X,F,N,Y,0,130500.0,State servant,Secondary / secondary special,Married,House / apartment,-12676,-3455,Core staff,2,1,0
5149543,0.0,C,F,N,Y,0,130500.0,State servant,Secondary / secondary special,Married,House / apartment,-12676,-3455,Core staff,2,1,0
5149544,0.0,C,F,N,Y,0,130500.0,State servant,Secondary / secondary special,Married,House / apartment,-12676,-3455,Core staff,2,1,0
5149545,0.0,C,F,N,Y,0,130500.0,State servant,Secondary / secondary special,Married,House / apartment,-12676,-3455,Core staff,2,1,0
5149546,0.0,C,F,N,Y,0,130500.0,State servant,Secondary / secondary special,Married,House / apartment,-12676,-3455,Core staff,2,1,0
5149547,0.0,C,F,N,Y,0,130500.0,State servant,Secondary / secondary special,Married,House / apartment,-12676,-3455,Core staff,2,1,0
5149550,0.0,X,F,N,N,0,135000.0,Commercial associate,Secondary / secondary special,Civil marriage,With parents,-13808,-1233,Laborers,2,1,0
5149553,0.0,C,F,N,Y,1,247500.0,Commercial associate,Higher education,Married,House / apartment,-14371,-1325,Managers,3,3,1
5149554,0.0,C,F,N,Y,1,247500.0,Commercial associate,Higher education,Married,House / apartment,-14371,-1325,Managers,3,3,1
5149558,0.0,C,F,N,Y,1,247500.0,Commercial associate,Higher education,Married,House / apartment,-14371,-1325,Managers,3,3,1
5149559,0.0,X,F,N,Y,1,247500.0,Commercial associate,Higher education,Married,House / apartment,-14371,-1325,Managers,3,3,1
5149562,0.0,0,F,N,Y,1,247500.0,Commercial associate,Higher education,Married,House / apartment,-14371,-1325,Managers,3,3,1
5149563,0.0,C,F,N,Y,1,247500.0,Commercial associate,Higher education,Married,House / apartment,-14371,-1325,Managers,3,3,1
5149565,0.0,C,F,N,Y,0,135000.0,Commercial associate,Secondary / secondary special,Married,House / apartment,-16965,-928,Accountants,2,1,0
5149567,0.0,C,F,N,Y,0,135000.0,Commercial associate,Secondary / secondary special,Married,House / apartment,-16965,-928,Accountants,2,1,0
5149575,0.0,C,F,N,Y,0,135000.0,Commercial associate,Secondary / secondary special,Married,House / apartment,-16965,-928,Accountants,2,1,0
5149576,0.0,C,F,N,Y,0,135000.0,Commercial associate,Secondary / secondary special,Married,House / apartment,-16965,-928,Accountants,2,1,0
5149577,0.0,C,F,N,Y,0,135000.0,Commercial associate,Secondary / secondary special,Married,House / apartment,-16965,-928,Accountants,2,1,0
5149578,0.0,C,F,N,Y,0,135000.0,Commercial associate,Secondary / secondary special,Married,House / apartment,-16965,-928,Accountants,2,1,0
5149580,0.0,0,F,N,Y,0,135000.0,Commercial associate,Secondary / secondary special,Married,House / apartment,-16965,-928,Accountants,2,1,0
5149584,0.0,0,F,Y,Y,2,126000.0,Working,Secondary / secondary special,Married,House / apartment,-14933,-107,Security staff,4,4,1
5149585,0.0,C,F,Y,Y,2,126000.0,Working,Secondary / secondary special,Married,House / apartment,-14933,-107,Security staff,4,2,1
5149589,0.0,C,F,N,Y,1,90000.0,Working,Secondary / secondary special,Married,House / apartment,-11679,-2086,Medicine staff,3,2,1
5149590,0.0,C,F,N,Y,1,90000.0,Working,Secondary / secondary special,Married,House / apartment,-11679,-2086,Medicine staff,3,2,1
5149591,0.0,C,F,N,Y,0,157500.0,Working,Higher education,Married,House / apartment,-12289,-1812,Core staff,2,0,0
5149592,0.0,C,F,N,Y,0,157500.0,Working,Higher education,Married,House / apartment,-12289,-1812,Core staff,2,0,0
5149595,0.0,C,F,N,Y,0,157500.0,Working,Higher education,Married,House / apartment,-12289,-1812,Core staff,2,0,0
5149596,0.0,C,F,N,Y,0,157500.0,Working,Higher education,Married,House / apartment,-12289,-1812,Core staff,2,0,0
5149597,0.0,0,F,N,Y,0,157500.0,Working,Higher education,Married,House / apartment,-12289,-1812,Core staff,2,1,0
5149604,0.0,X,M,N,Y,0,157500.0,Commercial associate,Higher education,Married,Rented apartment,-10347,-2420,Core staff,2,3,0
5149607,0.0,X,M,N,Y,0,157500.0,Commercial associate,Higher education,Married,Rented apartment,-10347,-2420,Core staff,2,3,0
5149608,0.0,X,M,N,Y,0,157500.0,Commercial associate,Higher education,Married,Rented apartment,-10347,-2420,Core staff,2,3,0
5149609,0.0,X,M,N,Y,0,157500.0,Commercial associate,Higher education,Married,Rented apartment,-10347,-2420,Core staff,2,3,0
5149610,0.0,C,M,N,Y,0,157500.0,Commercial associate,Higher education,Married,Rented apartment,-10347,-2420,Core staff,2,3,0
5149613,0.0,0,M,Y,Y,0,180000.0,Commercial associate,Secondary / secondary special,Married,House / apartment,-12365,-1141,Laborers,2,1,0
5149614,0.0,C,M,Y,Y,0,180000.0,Commercial associate,Secondary / secondary special,Married,House / apartment,-12365,-1141,Laborers,2,0,0
5149616,0.0,0,M,Y,Y,0,180000.0,Commercial associate,Secondary / secondary special,Married,House / apartment,-12365,-1141,Laborers,2,1,0
5149618,0.0,0,M,N,N,0,112500.0,Working,Incomplete higher,Civil marriage,With parents,-8547,-990,Laborers,2,4,0
5149619,0.0,C,M,N,N,0,112500.0,Working,Incomplete higher,Civil marriage,With parents,-8547,-990,Laborers,2,2,0
5149621,0.0,C,M,Y,Y,0,382500.0,Working,Higher education,Married,House / apartment,-10446,-2420,Laborers,2,0,2
5149622,0.0,0,M,Y,Y,0,382500.0,Working,Higher education,Married,House / apartment,-10446,-2420,Laborers,2,0,2
5149623,0.0,C,M,Y,Y,0,382500.0,Working,Higher education,Married,House / apartment,-10446,-2420,Laborers,2,0,2
5149627,0.0,C,M,Y,Y,0,382500.0,Working,Higher education,Married,House / apartment,-10446,-2420,Laborers,2,0,2
5149628,0.0,C,M,Y,Y,0,382500.0,Working,Higher education,Married,House / apartment,-10446,-2420,Laborers,2,0,2
5149630,0.0,C,M,Y,Y,0,382500.0,Working,Higher education,Married,House / apartment,-10446,-2420,Laborers,2,0,2
5149632,0.0,0,M,Y,Y,0,382500.0,Working,Higher education,Married,House / apartment,-10446,-2420,Laborers,2,0,2
5149635,0.0,X,F,N,Y,0,157500.0,Working,Secondary / secondary special,Civil marriage,House / apartment,-13921,-2542,Sales staff,2,4,0
5149636,0.0,X,F,N,Y,0,157500.0,Working,Secondary / secondary special,Civil marriage,House / apartment,-13921,-2542,Sales staff,2,4,0
5149637,0.0,X,F,N,Y,0,157500.0,Working,Secondary / secondary special,Civil marriage,House / apartment,-13921,-2542,Sales staff,2,4,0
5149639,0.0,X,F,N,Y,0,157500.0,Working,Secondary / secondary special,Civil marriage,House / apartment,-13921,-2542,Sales staff,2,4,0
5149640,0.0,0,F,N,Y,0,157500.0,Working,Secondary / secondary special,Civil marriage,House / apartment,-13921,-2542,Sales staff,2,4,0
5149662,0.0,C,F,N,Y,1,180000.0,Commercial associate,Secondary / secondary special,Civil marriage,House / apartment,-11920,-2967,Realty agents,3,1,1
5149663,0.0,C,F,N,Y,1,180000.0,Commercial associate,Secondary / secondary special,Civil marriage,House / apartment,-11920,-2967,Realty agents,3,1,1
5149664,0.0,C,F,N,Y,1,180000.0,Commercial associate,Secondary / secondary special,Civil marriage,House / apartment,-11920,-2967,Realty agents,3,1,1
5149665,0.0,0,F,N,Y,1,180000.0,Commercial associate,Secondary / secondary special,Civil marriage,House / apartment,-11920,-2967,Realty agents,3,1,1
5149669,0.0,X,M,N,Y,0,405000.0,Commercial associate,Higher education,Married,House / apartment,-16367,-2147,Drivers,2,3,2
5149672,0.0,0,M,N,Y,0,405000.0,Commercial associate,Higher education,Married,House / apartment,-16367,-2147,Drivers,2,3,2
5149673,0.0,0,M,N,Y,0,405000.0,Commercial associate,Higher education,Married,House / apartment,-16367,-2147,Drivers,2,3,2
5149674,0.0,C,F,N,Y,0,157500.0,State servant,Secondary / secondary special,Married,House / apartment,-17033,-1843,Medicine staff,2,1,0
5149676,0.0,C,F,Y,Y,3,405000.0,Working,Secondary / secondary special,Married,House / apartment,-13886,-4003,Accountants,5,2,1
5149677,0.0,C,F,Y,Y,3,405000.0,Working,Secondary / secondary special,Married,House / apartment,-13886,-4003,Accountants,5,2,1
5149679,0.0,C,F,Y,Y,3,405000.0,Working,Secondary / secondary special,Married,House / apartment,-13886,-4003,Accountants,5,2,1
5149680,0.0,C,F,Y,Y,3,405000.0,Working,Secondary / secondary special,Married,House / apartment,-13886,-4003,Accountants,5,2,1
5149682,0.0,C,F,Y,Y,3,405000.0,Working,Secondary / secondary special,Married,House / apartment,-13886,-4003,Accountants,5,2,1
5149684,0.0,C,F,Y,Y,3,405000.0,Working,Secondary / secondary special,Married,House / apartment,-13886,-4003,Accountants,5,2,1
5149685,0.0,C,F,Y,Y,3,405000.0,Working,Secondary / secondary special,Married,House / apartment,-13886,-4003,Accountants,5,2,1
5149688,0.0,C,F,Y,Y,3,405000.0,Working,Secondary / secondary special,Married,House / apartment,-13886,-4003,Accountants,5,2,1
5149689,0.0,C,F,Y,Y,3,405000.0,Working,Secondary / secondary special,Married,House / apartment,-13886,-4003,Accountants,5,2,1
5149690,0.0,C,F,Y,Y,3,405000.0,Working,Secondary / secondary special,Married,House / apartment,-13886,-4003,Accountants,5,2,1
5149691,0.0,C,F,Y,Y,3,405000.0,Working,Secondary / secondary special,Married,House / apartment,-13886,-4003,Accountants,5,2,1
5149693,0.0,C,F,N,N,0,157500.0,Working,Incomplete higher,Married,With parents,-13943,-6407,Core staff,2,0,0
5149694,0.0,C,F,N,N,0,157500.0,Working,Incomplete higher,Married,With parents,-13943,-6407,Core staff,2,0,0
5149695,0.0,C,F,N,N,0,157500.0,Working,Incomplete higher,Married,With parents,-13943,-6407,Core staff,2,0,0
5149696,0.0,0,F,N,N,0,157500.0,Working,Incomplete higher,Married,With parents,-13943,-6407,Core staff,2,1,0
5149697,0.0,C,F,N,N,0,157500.0,Working,Incomplete higher,Married,With parents,-13943,-6407,Core staff,2,0,0
5149698,0.0,C,M,N,Y,0,171000.0,Working,Incomplete higher,Single / not married,House / apartment,-10145,-107,Laborers,1,2,0
5149699,0.0,X,M,N,Y,0,171000.0,Working,Incomplete higher,Single / not married,House / apartment,-10145,-107,Laborers,1,4,0
5149701,0.0,C,F,N,Y,2,112500.0,Working,Secondary / secondary special,Married,House / apartment,-12327,-1112,Sales staff,4,2,1
5149703,0.0,C,F,N,Y,1,90000.0,Working,Higher education,Married,House / apartment,-11574,-3608,High skill tech staff,3,0,1
5149704,0.0,C,F,N,Y,1,90000.0,Working,Higher education,Married,House / apartment,-11574,-3608,High skill tech staff,3,0,1
5149707,0.0,C,F,N,Y,1,90000.0,Working,Higher education,Married,House / apartment,-11574,-3608,High skill tech staff,3,0,1
5149708,0.0,C,F,N,Y,1,90000.0,Working,Higher education,Married,House / apartment,-11574,-3608,High skill tech staff,3,0,1
5149709,0.0,C,F,N,Y,1,90000.0,Working,Higher education,Married,House / apartment,-11574,-3608,High skill tech staff,3,0,1
5149710,0.0,C,F,N,Y,1,90000.0,Working,Higher education,Married,House / apartment,-11574,-3608,High skill tech staff,3,0,1
5149711,0.0,C,F,N,Y,1,90000.0,Working,Higher education,Married,House / apartment,-11574,-3608,High skill tech staff,3,0,1
5149732,0.0,0,F,N,Y,1,135000.0,Working,Secondary / secondary special,Married,House / apartment,-11586,-1751,Core staff,3,4,1
5149738,0.0,C,F,Y,Y,0,238500.0,Working,Secondary / secondary special,Married,Rented apartment,-15423,-4003,Laborers,2,2,0
5149739,0.0,C,F,Y,Y,0,238500.0,Working,Secondary / secondary special,Married,Rented apartment,-15423,-4003,Laborers,2,2,0
5149740,0.0,X,F,Y,Y,0,238500.0,Working,Secondary / secondary special,Married,Rented apartment,-15423,-4003,Laborers,2,2,0
5149742,0.0,X,F,Y,Y,0,238500.0,Working,Secondary / secondary special,Married,Rented apartment,-15423,-4003,Laborers,2,2,0
5149747,0.0,X,M,Y,N,0,360000.0,Working,Secondary / secondary special,Married,House / apartment,-14494,-747,Laborers,2,2,2
5149748,0.0,X,F,N,Y,1,180000.0,State servant,Secondary / secondary special,Single / not married,House / apartment,-13467,-3850,Medicine staff,2,1,0
5149749,0.0,X,F,N,Y,1,180000.0,State servant,Secondary / secondary special,Single / not married,House / apartment,-13467,-3850,Medicine staff,2,1,0
5149754,0.0,0,F,N,Y,1,180000.0,State servant,Secondary / secondary special,Single / not married,House / apartment,-13467,-3850,Medicine staff,2,1,0
5149755,0.0,X,F,N,Y,1,180000.0,State servant,Secondary / secondary special,Single / not married,House / apartment,-13467,-3850,Medicine staff,2,1,0
5149756,0.0,0,F,N,Y,1,180000.0,State servant,Secondary / secondary special,Single / not married,House / apartment,-13467,-3850,Medicine staff,2,1,0
5149757,0.0,0,F,N,Y,1,180000.0,State servant,Secondary / secondary special,Single / not married,House / apartment,-13467,-3850,Medicine staff,2,1,0
5149758,0.0,X,F,N,Y,1,180000.0,State servant,Secondary / secondary special,Single / not married,House / apartment,-13467,-3850,Medicine staff,2,1,0
5149759,0.0,C,F,N,Y,1,180000.0,State servant,Secondary / secondary special,Single / not married,House / apartment,-13467,-3850,Medicine staff,2,1,0
5149760,0.0,0,F,N,Y,1,180000.0,State servant,Secondary / secondary special,Single / not married,House / apartment,-13467,-3850,Medicine staff,2,1,0
5149769,0.0,C,F,Y,Y,0,130500.0,Working,Secondary / secondary special,Married,House / apartment,-16137,-9391,Laborers,2,2,0
5149770,0.0,C,F,Y,Y,0,130500.0,Working,Secondary / secondary special,Married,House / apartment,-16137,-9391,Laborers,2,2,0
5149771,0.0,C,F,Y,Y,0,130500.0,Working,Secondary / secondary special,Married,House / apartment,-16137,-9391,Laborers,2,2,0
5149772,0.0,C,F,Y,Y,0,130500.0,Working,Secondary / secondary special,Married,House / apartment,-16137,-9391,Laborers,2,2,0
5149773,0.0,C,F,Y,Y,0,130500.0,Working,Secondary / secondary special,Married,House / apartment,-16137,-9391,Laborers,2,2,0
5149779,0.0,X,F,N,Y,1,99000.0,Working,Secondary / secondary special,Civil marriage,House / apartment,-11392,-4034,Laborers,3,4,1
5149790,0.0,X,F,Y,N,1,157500.0,Working,Secondary / secondary special,Civil marriage,Municipal apartment,-11307,-1325,Sales staff,3,4,1
5149792,0.0,C,F,Y,N,1,157500.0,Working,Secondary / secondary special,Civil marriage,Municipal apartment,-11307,-1325,Sales staff,3,2,1
5149793,0.0,C,F,Y,N,1,157500.0,Working,Secondary / secondary special,Civil marriage,Municipal apartment,-11307,-1325,Sales staff,3,2,1
5149795,0.0,0,M,N,N,0,247500.0,Commercial associate,Secondary / secondary special,Married,Municipal apartment,-8793,-1051,Drivers,2,1,0
5149796,0.0,C,M,N,N,0,247500.0,Commercial associate,Secondary / secondary special,Married,Municipal apartment,-8793,-1051,Drivers,2,0,0
5149812,0.0,C,F,N,Y,0,180000.0,Working,Secondary / secondary special,Married,House / apartment,-19973,-5311,Sales staff,2,2,0
5149813,0.0,C,F,N,Y,0,180000.0,Working,Secondary / secondary special,Married,House / apartment,-19973,-5311,Sales staff,2,2,0
5149814,0.0,C,F,N,Y,0,180000.0,Working,Secondary / secondary special,Married,House / apartment,-19973,-5311,Sales staff,2,2,0
5149817,0.0,C,F,N,Y,0,180000.0,Working,Secondary / secondary special,Married,House / apartment,-19973,-5311,Sales staff,2,2,0
5149818,0.0,C,F,N,Y,0,180000.0,Working,Secondary / secondary special,Married,House / apartment,-19973,-5311,Sales staff,2,2,0
5149820,0.0,C,F,N,Y,0,103500.0,Commercial associate,Higher education,Married,House / apartment,-18826,-837,Cleaning staff,2,3,0
5149821,0.0,0,F,N,Y,0,103500.0,Commercial associate,Higher education,Married,House / apartment,-18826,-837,Cleaning staff,2,3,0
5149822,0.0,C,F,N,Y,0,103500.0,Commercial associate,Higher education,Married,House / apartment,-18826,-837,Cleaning staff,2,3,0
5149825,0.0,C,M,Y,Y,0,315000.0,Working,Secondary / secondary special,Married,House / apartment,-17348,-2420,Managers,2,2,2
5149827,0.0,C,M,Y,Y,0,315000.0,Working,Secondary / secondary special,Married,House / apartment,-17348,-2420,Managers,2,2,2
5149829,0.0,C,M,Y,Y,0,315000.0,Working,Secondary / secondary special,Married,House / apartment,-17348,-2420,Managers,2,2,2
5149830,0.0,C,M,Y,Y,0,315000.0,Working,Secondary / secondary special,Married,House / apartment,-17348,-2420,Managers,2,2,2
5149833,0.0,C,F,N,Y,0,157500.0,Commercial associate,Higher education,Married,House / apartment,-12387,-1325,Medicine staff,2,3,0
5149835,0.0,C,F,N,Y,0,157500.0,Commercial associate,Higher education,Married,House / apartment,-12387,-1325,Medicine staff,2,3,0
5149836,0.0,X,F,N,Y,0,157500.0,Commercial associate,Higher education,Married,House / apartment,-12387,-1325,Medicine staff,2,3,0
5149837,0.0,0,F,N,Y,0,157500.0,Commercial associate,Higher education,Married,House / apartment,-12387,-1325,Medicine staff,2,3,0
5149846,0.0,0,M,Y,Y,1,360000.0,Working,Higher education,Married,House / apartment,-16250,-747,Managers,3,0,2
5149847,0.0,0,M,Y,Y,1,360000.0,Working,Higher education,Married,House / apartment,-16250,-747,Managers,3,0,2
5149854,0.0,0,M,N,Y,0,270000.0,Commercial associate,Secondary / secondary special,Single / not married,House / apartment,-9177,-229,Laborers,1,1,0
5149855,0.0,0,M,Y,N,0,112500.0,Commercial associate,Secondary / secondary special,Separated,House / apartment,-9525,-1843,Laborers,1,1,0
5149856,0.0,0,M,Y,N,0,112500.0,Commercial associate,Secondary / secondary special,Separated,House / apartment,-9525,-1843,Laborers,1,1,0
5149857,0.0,0,M,Y,N,0,112500.0,Commercial associate,Secondary / secondary special,Separated,House / apartment,-9525,-1843,Laborers,1,1,0
5149858,0.0,C,F,Y,Y,2,121500.0,Working,Secondary / secondary special,Married,House / apartment,-14280,-533,Sales staff,4,2,1
5149859,0.0,0,F,N,Y,2,90000.0,State servant,Secondary / secondary special,Married,With parents,-12989,-6195,Drivers,4,1,1
5149861,0.0,0,F,N,Y,2,90000.0,State servant,Secondary / secondary special,Married,With parents,-12989,-6195,Drivers,4,1,1
5149862,0.0,0,F,N,Y,2,90000.0,State servant,Secondary / secondary special,Married,With parents,-12989,-6195,Drivers,4,1,1
5149864,0.0,C,F,N,Y,2,157500.0,Working,Secondary / secondary special,Separated,House / apartment,-13716,-1325,Laborers,3,2,1
5149866,0.0,X,F,N,Y,2,157500.0,Working,Secondary / secondary special,Separated,House / apartment,-13716,-1325,Laborers,3,4,1
5149871,0.0,C,F,N,N,0,171000.0,Working,Secondary / secondary special,Married,Municipal apartment,-18720,-1994,Sales staff,2,2,0
5149872,0.0,0,F,N,N,0,171000.0,Working,Secondary / secondary special,Married,Municipal apartment,-18720,-1994,Sales staff,2,4,0
5149874,0.0,C,F,N,Y,1,90000.0,Working,Secondary / secondary special,Married,House / apartment,-9540,-959,Laborers,3,2,1
5149876,0.0,C,F,Y,Y,1,391500.0,Commercial associate,Higher education,Married,House / apartment,-17423,-472,Managers,3,3,2
5149877,0.0,X,F,Y,Y,1,391500.0,Commercial associate,Higher education,Married,House / apartment,-17423,-472,Managers,3,3,2
5149878,0.0,C,F,Y,Y,1,391500.0,Commercial associate,Higher education,Married,House / apartment,-17423,-472,Managers,3,3,2
5149880,0.0,C,F,Y,Y,1,391500.0,Commercial associate,Higher education,Married,House / apartment,-17423,-472,Managers,3,3,2
5149882,0.0,C,F,Y,Y,1,391500.0,Commercial associate,Higher education,Married,House / apartment,-17423,-472,Managers,3,3,2
5149883,0.0,0,F,Y,Y,1,391500.0,Commercial associate,Higher education,Married,House / apartment,-17423,-472,Managers,3,3,2
5149890,0.0,0,F,N,Y,0,202500.0,Commercial associate,Secondary / secondary special,Married,House / apartment,-15941,-5830,Managers,2,1,0
5149895,0.0,C,F,N,Y,0,202500.0,Commercial associate,Secondary / secondary special,Married,House / apartment,-15941,-5830,Managers,2,1,0
5149898,0.0,1,M,N,N,0,265500.0,State servant,Higher education,Single / not married,With parents,-10361,-472,Core staff,1,1,0
5149899,0.0,C,F,N,Y,0,126000.0,Working,Higher education,Married,House / apartment,-17871,-959,Core staff,2,0,0
5149902,0.0,C,F,N,Y,0,126000.0,Working,Higher education,Married,House / apartment,-17871,-959,Core staff,2,0,0
5149909,0.0,0,F,Y,Y,0,112500.0,Working,Secondary / secondary special,Married,House / apartment,-15662,-2694,Sales staff,2,4,0
5149910,0.0,C,F,Y,Y,0,112500.0,Working,Secondary / secondary special,Married,House / apartment,-15662,-2694,Sales staff,2,2,0
5149911,0.0,0,F,Y,Y,0,112500.0,Working,Secondary / secondary special,Married,House / apartment,-15662,-2694,Sales staff,2,4,0
5149915,0.0,C,F,N,Y,1,252000.0,State servant,Higher education,Single / not married,House / apartment,-15978,-2389,Core staff,2,3,0
5149916,0.0,C,F,N,Y,1,252000.0,State servant,Higher education,Single / not married,House / apartment,-15978,-2389,Core staff,2,3,0
5149918,0.0,0,F,N,Y,1,252000.0,State servant,Higher education,Single / not married,House / apartment,-15978,-2389,Core staff,2,3,0
5149919,0.0,0,F,N,Y,1,252000.0,State servant,Higher education,Single / not married,House / apartment,-15978,-2389,Core staff,2,3,0
5149920,0.0,C,F,N,Y,1,252000.0,State servant,Higher education,Single / not married,House / apartment,-15978,-2389,Core staff,2,3,0
5149921,0.0,C,F,N,Y,1,252000.0,State servant,Higher education,Single / not married,House / apartment,-15978,-2389,Core staff,2,3,0
5149925,0.0,C,F,N,N,0,450000.0,Working,Secondary / secondary special,Married,House / apartment,-18826,-686,Laborers,2,2,2
5149926,0.0,C,F,N,N,0,450000.0,Working,Secondary / secondary special,Married,House / apartment,-18826,-686,Laborers,2,2,2
5149927,0.0,C,F,N,N,0,450000.0,Working,Secondary / secondary special,Married,House / apartment,-18826,-686,Laborers,2,2,2
5149931,0.0,X,F,N,N,0,450000.0,Working,Secondary / secondary special,Married,House / apartment,-18826,-686,Laborers,2,4,2
5149932,0.0,C,F,N,N,0,450000.0,Working,Secondary / secondary special,Married,House / apartment,-18826,-686,Laborers,2,2,2
5149933,0.0,0,F,N,N,0,450000.0,Working,Secondary / secondary special,Married,House / apartment,-18826,-686,Laborers,2,4,2
5149934,0.0,X,F,N,N,0,450000.0,Working,Secondary / secondary special,Married,House / apartment,-18826,-686,Laborers,2,4,2
5149936,0.0,C,F,N,N,0,450000.0,Working,Secondary / secondary special,Married,House / apartment,-18826,-686,Laborers,2,2,2
5149937,0.0,0,F,N,N,0,450000.0,Working,Secondary / secondary special,Married,House / apartment,-18826,-686,Laborers,2,4,2
5149938,0.0,C,F,N,N,0,450000.0,Working,Secondary / secondary special,Married,House / apartment,-18826,-686,Laborers,2,2,2
5149939,0.0,C,F,N,N,0,450000.0,Working,Secondary / secondary special,Married,House / apartment,-18826,-686,Laborers,2,2,2
5149940,0.0,C,F,N,N,0,450000.0,Working,Secondary / secondary special,Married,House / apartment,-18826,-686,Laborers,2,2,2
5149941,0.0,C,F,N,N,0,450000.0,Working,Secondary / secondary special,Married,House / apartment,-18826,-686,Laborers,2,2,2
5149947,0.0,X,F,N,Y,0,180000.0,Working,Higher education,Married,House / apartment,-22228,-686,High skill tech staff,2,1,0
5149950,0.0,0,F,N,Y,0,180000.0,Working,Higher education,Married,House / apartment,-22228,-686,High skill tech staff,2,1,0
5149955,0.0,C,F,N,Y,0,180000.0,Working,Secondary / secondary special,Single / not married,House / apartment,-14279,-2939,Sales staff,1,4,0
5149956,0.0,C,F,N,Y,0,180000.0,Working,Secondary / secondary special,Single / not married,House / apartment,-14279,-2939,Sales staff,1,4,0
5149961,0.0,C,F,N,Y,0,180000.0,Working,Secondary / secondary special,Single / not married,House / apartment,-14279,-2939,Sales staff,1,4,0
5149962,0.0,X,F,N,Y,0,180000.0,Working,Secondary / secondary special,Single / not married,House / apartment,-14279,-2939,Sales staff,1,4,0
5149963,0.0,C,F,N,Y,0,180000.0,Working,Secondary / secondary special,Single / not married,House / apartment,-14279,-2939,Sales staff,1,4,0
5149964,0.0,C,F,N,Y,0,180000.0,Working,Secondary / secondary special,Single / not married,House / apartment,-14279,-2939,Sales staff,1,4,0
5149967,0.0,C,F,N,Y,0,180000.0,Working,Secondary / secondary special,Single / not married,House / apartment,-14279,-2939,Sales staff,1,4,0
5149968,0.0,0,F,N,Y,0,180000.0,Working,Secondary / secondary special,Single / not married,House / apartment,-14279,-2939,Sales staff,1,4,0
5149969,0.0,X,F,N,Y,0,180000.0,Working,Secondary / secondary special,Single / not married,House / apartment,-14279,-2939,Sales staff,1,4,0
5149972,0.0,0,F,Y,N,0,247500.0,Working,Secondary / secondary special,Married,House / apartment,-21670,-747,Laborers,2,4,0
5149976,0.0,0,F,N,Y,1,405000.0,State servant,Higher education,Married,House / apartment,-12732,-4520,Core staff,3,3,2
5149979,0.0,X,F,N,Y,1,405000.0,State servant,Higher education,Married,House / apartment,-12732,-4520,Core staff,3,3,2
5149980,0.0,0,F,N,Y,1,405000.0,State servant,Higher education,Married,House / apartment,-12732,-4520,Core staff,3,3,2
5149982,0.0,0,F,N,Y,1,405000.0,State servant,Higher education,Married,House / apartment,-12732,-4520,Core staff,3,3,2
5149983,0.0,C,F,N,Y,1,405000.0,State servant,Higher education,Married,House / apartment,-12732,-4520,Core staff,3,3,2
5149984,0.0,C,F,N,Y,1,405000.0,State servant,Higher education,Married,House / apartment,-12732,-4520,Core staff,3,3,2
5149985,0.0,C,F,N,Y,1,405000.0,State servant,Higher education,Married,House / apartment,-12732,-4520,Core staff,3,3,2
5149993,0.0,0,M,Y,Y,0,220500.0,Working,Secondary / secondary special,Married,House / apartment,-11423,-441,Drivers,2,2,0
5149994,0.0,0,M,Y,Y,0,220500.0,Working,Secondary / secondary special,Married,House / apartment,-11423,-441,Drivers,2,2,0
5149995,0.0,C,M,Y,Y,0,220500.0,Working,Secondary / secondary special,Married,House / apartment,-11423,-441,Drivers,2,2,0
5149996,0.0,C,M,Y,Y,0,220500.0,Working,Secondary / secondary special,Married,House / apartment,-11423,-441,Drivers,2,2,0
5150000,0.0,0,M,Y,Y,1,225000.0,Working,Higher education,Separated,Municipal apartment,-17205,-2055,Security staff,2,1,0
5150002,0.0,X,M,Y,Y,1,225000.0,Working,Higher education,Separated,Municipal apartment,-17205,-2055,Security staff,2,0,0
5150003,0.0,0,M,Y,Y,1,225000.0,Working,Higher education,Separated,Municipal apartment,-17205,-2055,Security staff,2,1,0
5150004,0.0,0,M,Y,Y,1,225000.0,Working,Higher education,Separated,Municipal apartment,-17205,-2055,Security staff,2,1,0
5150005,0.0,C,M,Y,Y,1,225000.0,Working,Higher education,Separated,Municipal apartment,-17205,-2055,Security staff,2,0,0
5150006,0.0,C,M,Y,Y,1,225000.0,Working,Higher education,Separated,Municipal apartment,-17205,-2055,Security staff,2,0,0
5150032,0.0,0,F,Y,Y,3,112500.0,Working,Secondary / secondary special,Civil marriage,House / apartment,-9749,-1356,Cleaning staff,5,4,1
5150033,0.0,0,F,Y,Y,3,112500.0,Working,Secondary / secondary special,Civil marriage,House / apartment,-9749,-1356,Cleaning staff,5,4,1
5150036,0.0,C,M,N,N,0,180000.0,Working,Secondary / secondary special,Single / not married,With parents,-12784,-1537,Drivers,1,2,0
5150037,0.0,C,M,N,N,0,180000.0,Working,Secondary / secondary special,Single / not married,With parents,-12784,-1537,Drivers,1,2,0
5150038,0.0,C,M,N,N,0,180000.0,Working,Secondary / secondary special,Single / not married,With parents,-12784,-1537,Drivers,1,2,0
5150039,0.0,C,M,N,N,0,180000.0,Working,Secondary / secondary special,Single / not married,With parents,-12784,-1537,Drivers,1,2,0
5150042,0.0,C,F,Y,Y,0,54000.0,State servant,Secondary / secondary special,Single / not married,House / apartment,-8627,-1537,Medicine staff,1,1,0
5150044,0.0,C,F,Y,Y,0,54000.0,State servant,Secondary / secondary special,Single / not married,House / apartment,-8627,-1537,Medicine staff,1,1,0
5150045,0.0,C,F,Y,Y,0,54000.0,State servant,Secondary / secondary special,Single / not married,House / apartment,-8627,-1537,Medicine staff,1,1,0
5150046,0.0,C,F,Y,Y,0,54000.0,State servant,Secondary / secondary special,Single / not married,House / apartment,-8627,-1537,Medicine staff,1,1,0
5150050,0.0,0,F,N,Y,0,283500.0,Working,Secondary / secondary special,Married,House / apartment,-17958,-655,Sales staff,2,4,0
5150051,0.0,0,F,N,Y,0,283500.0,Working,Secondary / secondary special,Married,House / apartment,-17958,-655,Sales staff,2,4,0
5150052,0.0,0,F,N,Y,0,283500.0,Working,Secondary / secondary special,Married,House / apartment,-17958,-655,Sales staff,2,4,0
5150053,0.0,C,F,N,Y,0,180000.0,Working,Incomplete higher,Single / not married,House / apartment,-8862,-716,Laborers,1,2,0
5150056,0.0,0,F,N,Y,0,180000.0,Working,Incomplete higher,Single / not married,House / apartment,-8862,-716,Laborers,1,4,0
5150058,0.0,C,F,N,Y,0,63000.0,Working,Secondary / secondary special,Married,House / apartment,-17115,-229,Core staff,2,2,0
5150059,0.0,X,F,N,Y,0,63000.0,Working,Secondary / secondary special,Married,House / apartment,-17115,-229,Core staff,2,4,0
5150061,0.0,C,M,N,Y,0,225000.0,Working,Secondary / secondary special,Single / not married,House / apartment,-10530,-2328,Laborers,1,2,0
5150062,0.0,C,M,N,Y,0,225000.0,Working,Secondary / secondary special,Single / not married,House / apartment,-10530,-2328,Laborers,1,2,0
5150063,0.0,C,M,N,Y,0,225000.0,Working,Secondary / secondary special,Single / not married,House / apartment,-10530,-2328,Laborers,1,2,0
5150067,0.0,0,F,N,Y,2,225000.0,Commercial associate,Higher education,Married,House / apartment,-11290,-625,Core staff,4,3,1
5150068,0.0,0,F,N,Y,2,225000.0,Commercial associate,Higher education,Married,House / apartment,-11290,-625,Core staff,4,3,1
5150070,0.0,C,F,N,Y,2,112500.0,State servant,Higher education,Married,House / apartment,-11648,-3243,Core staff,4,3,1
5150071,0.0,C,F,N,Y,2,112500.0,State servant,Higher education,Married,House / apartment,-11648,-3243,Core staff,4,3,1
5150072,0.0,X,M,Y,N,0,67500.0,Commercial associate,Secondary / secondary special,Single / not married,Municipal apartment,-9047,-716,Security staff,1,1,0
5150074,0.0,0,M,Y,Y,0,279000.0,Working,Secondary / secondary special,Separated,House / apartment,-18341,-686,Drivers,1,4,0
5150075,0.0,C,M,Y,Y,0,279000.0,Working,Secondary / secondary special,Separated,House / apartment,-18341,-686,Drivers,1,2,0
5150077,0.0,C,M,Y,Y,1,360000.0,Commercial associate,Higher education,Married,Rented apartment,-10821,-2847,Managers,3,0,2
5150078,0.0,C,M,Y,Y,1,360000.0,Commercial associate,Higher education,Married,Rented apartment,-10821,-2847,Managers,3,0,2
5150081,0.0,C,F,N,Y,0,292500.0,Commercial associate,Higher education,Married,House / apartment,-12661,-2055,Managers,2,3,2
5150115,0.0,C,F,Y,Y,1,90000.0,State servant,Secondary / secondary special,Married,House / apartment,-17715,-6884,Medicine staff,3,0,1
5150116,0.0,0,F,Y,Y,1,90000.0,State servant,Secondary / secondary special,Married,House / apartment,-17715,-6884,Medicine staff,3,1,1
5150117,0.0,X,F,Y,Y,1,90000.0,State servant,Secondary / secondary special,Married,House / apartment,-17715,-6884,Medicine staff,3,1,1
5150121,0.0,C,F,Y,Y,0,225000.0,Working,Higher education,Married,House / apartment,-15579,-278,Accountants,2,0,0
5150122,0.0,0,M,N,Y,0,157500.0,Working,Secondary / secondary special,Single / not married,House / apartment,-17674,-4541,Laborers,1,4,0
5150143,0.0,0,F,N,N,0,117000.0,Working,Secondary / secondary special,Single / not married,House / apartment,-16445,-340,Sales staff,1,4,0
5150147,0.0,C,F,N,Y,2,112500.0,Working,Secondary / secondary special,Single / not married,House / apartment,-12121,-3718,Core staff,3,4,1
5150149,0.0,X,F,N,Y,2,112500.0,Working,Secondary / secondary special,Single / not married,House / apartment,-12121,-3718,Core staff,3,4,1
5150210,0.0,C,F,N,Y,0,81000.0,Working,Secondary / secondary special,Married,House / apartment,-15342,-5788,Low-skill Laborers,2,2,0
5150211,0.0,C,F,N,Y,0,81000.0,Working,Secondary / secondary special,Married,House / apartment,-15342,-5788,Low-skill Laborers,2,2,0
5150212,0.0,C,F,N,Y,0,81000.0,Working,Secondary / secondary special,Married,House / apartment,-15342,-5788,Low-skill Laborers,2,2,0
5150218,0.0,C,M,Y,Y,0,116100.0,Working,Secondary / secondary special,Married,House / apartment,-10136,-2441,Laborers,2,2,0
5150222,0.0,C,M,Y,Y,0,116100.0,Working,Secondary / secondary special,Married,House / apartment,-10136,-2441,Laborers,2,2,0
5150237,0.0,0,F,Y,Y,0,90000.0,Working,Secondary / secondary special,Married,House / apartment,-19084,-128,Laborers,2,4,0
5150238,0.0,0,F,Y,Y,0,90000.0,Working,Secondary / secondary special,Married,House / apartment,-19084,-128,Laborers,2,4,0
5150239,0.0,C,F,Y,Y,0,90000.0,Working,Secondary / secondary special,Married,House / apartment,-19084,-128,Laborers,2,2,0
5150242,0.0,X,M,N,N,0,180000.0,Working,Incomplete higher,Single / not married,House / apartment,-9993,-189,Drivers,1,1,0
5150251,0.0,C,M,N,Y,2,99000.0,Working,Incomplete higher,Married,House / apartment,-11454,-2196,Laborers,4,2,1
5150318,0.0,C,F,Y,Y,0,225000.0,Commercial associate,Higher education,Single / not married,With parents,-9690,-1193,Core staff,1,3,0
5150319,0.0,C,F,Y,Y,0,225000.0,Commercial associate,Higher education,Single / not married,With parents,-9690,-1193,Core staff,1,3,0
5150323,0.0,C,F,Y,Y,0,225000.0,Commercial associate,Higher education,Single / not married,With parents,-9690,-1193,Core staff,1,3,0
5150324,0.0,C,F,Y,Y,0,225000.0,Commercial associate,Higher education,Single / not married,With parents,-9690,-1193,Core staff,1,3,0
5150325,0.0,C,F,Y,Y,0,225000.0,Commercial associate,Higher education,Single / not married,With parents,-9690,-1193,Core staff,1,3,0
5150326,0.0,C,F,Y,Y,0,225000.0,Commercial associate,Higher education,Single / not married,With parents,-9690,-1193,Core staff,1,3,0
5150330,0.0,C,M,N,Y,0,153000.0,Working,Secondary / secondary special,Married,House / apartment,-12173,-309,Laborers,2,2,0
5150331,0.0,0,M,N,Y,0,153000.0,Working,Secondary / secondary special,Married,House / apartment,-12173,-309,Laborers,2,4,0
5150332,0.0,C,M,N,Y,0,153000.0,Working,Secondary / secondary special,Married,House / apartment,-12173,-309,Laborers,2,2,0
5150333,0.0,C,M,N,Y,0,153000.0,Working,Secondary / secondary special,Married,House / apartment,-12173,-309,Laborers,2,2,0
5150334,0.0,0,M,N,Y,0,153000.0,Working,Secondary / secondary special,Married,House / apartment,-12173,-309,Laborers,2,4,0
5150339,0.0,0,F,Y,N,0,180000.0,Commercial associate,Secondary / secondary special,Married,House / apartment,-11388,-1315,Core staff,2,1,0
5150342,0.0,C,F,Y,N,0,180000.0,Commercial associate,Secondary / secondary special,Married,House / apartment,-11388,-1315,Core staff,2,0,0
5150388,0.0,C,F,Y,Y,1,315000.0,Commercial associate,Secondary / secondary special,Married,Municipal apartment,-16095,-7979,Medicine staff,3,0,2
5150389,0.0,0,F,Y,Y,1,315000.0,Commercial associate,Secondary / secondary special,Married,Municipal apartment,-16095,-7979,Medicine staff,3,1,2
5150391,0.0,C,F,Y,Y,1,315000.0,Commercial associate,Secondary / secondary special,Married,Municipal apartment,-16095,-7979,Medicine staff,3,0,2
5150394,0.0,0,F,Y,Y,1,315000.0,Commercial associate,Secondary / secondary special,Married,Municipal apartment,-16095,-7979,Medicine staff,3,1,2
5150395,0.0,X,F,Y,Y,1,315000.0,Commercial associate,Secondary / secondary special,Married,Municipal apartment,-16095,-7979,Medicine staff,3,1,2
5150401,0.0,X,M,Y,Y,2,157500.0,Working,Secondary / secondary special,Married,House / apartment,-14312,-4480,Laborers,4,2,1
5150403,0.0,X,M,Y,Y,2,157500.0,Working,Secondary / secondary special,Married,House / apartment,-14312,-4480,Laborers,4,2,1
5150408,0.0,X,M,Y,Y,2,157500.0,Working,Secondary / secondary special,Married,House / apartment,-14312,-4480,Laborers,4,2,1
5150409,0.0,X,M,Y,Y,2,157500.0,Working,Secondary / secondary special,Married,House / apartment,-14312,-4480,Laborers,4,2,1
5150429,0.0,0,M,Y,Y,0,112500.0,Working,Secondary / secondary special,Single / not married,House / apartment,-9874,-1650,Medicine staff,1,4,0
5150451,0.0,0,F,N,Y,1,135000.0,Working,Secondary / secondary special,Married,House / apartment,-16302,-8894,Medicine staff,3,4,1
5150459,0.0,C,F,Y,Y,1,112500.0,Working,Secondary / secondary special,Married,House / apartment,-14234,-309,Core staff,3,2,1
5150460,0.0,X,F,Y,Y,1,112500.0,Working,Secondary / secondary special,Married,House / apartment,-14234,-309,Core staff,3,4,1
5150463,0.0,1,F,Y,Y,1,112500.0,Working,Secondary / secondary special,Married,House / apartment,-14234,-309,Core staff,3,1,0
5150464,0.0,C,F,Y,Y,1,112500.0,Working,Secondary / secondary special,Married,House / apartment,-14234,-309,Core staff,3,2,1
5150465,0.0,0,F,Y,Y,1,112500.0,Working,Secondary / secondary special,Married,House / apartment,-14234,-309,Core staff,3,4,1
5150466,0.0,0,F,Y,Y,1,112500.0,Working,Secondary / secondary special,Married,House / apartment,-14234,-309,Core staff,3,4,1
5150468,0.0,0,F,N,Y,0,180000.0,Working,Secondary / secondary special,Married,House / apartment,-17713,-2441,Cooking staff,2,4,0
5009524,0.0,3,M,Y,N,1,112500.0,Working,Secondary / secondary special,Separated,Co-op apartment,-11998,-1135,Laborers,2,1,0
5010396,0.0,0,F,Y,Y,1,225000.0,Working,Higher education,Married,House / apartment,-14148,-1591,High skill tech staff,3,1,1
5010537,0.0,C,F,Y,N,2,135000.0,Working,Secondary / secondary special,Married,House / apartment,-13928,-3052,Laborers,4,2,1
5010538,0.0,C,F,Y,N,2,135000.0,Working,Secondary / secondary special,Married,House / apartment,-13928,-3052,Laborers,4,2,1
5010868,0.0,5,M,Y,Y,1,450000.0,Pensioner,Secondary / secondary special,Married,House / apartment,-18173,-678,Core staff,3,1,0
5010869,0.0,5,M,Y,Y,1,450000.0,Commercial associate,Secondary / secondary special,Single / not married,House / apartment,-18173,-678,Core staff,1,1,0
5010894,0.0,C,M,Y,Y,0,112500.0,Working,Secondary / secondary special,Married,House / apartment,-22720,-860,Low-skill Laborers,2,2,0
5021310,0.0,C,M,N,Y,0,270000.0,Working,Secondary / secondary special,Married,House / apartment,-16896,-248,Laborers,2,2,0
5021314,0.0,C,M,N,Y,0,270000.0,Working,Secondary / secondary special,Single / not married,House / apartment,-16896,-248,Laborers,2,2,0
5021376,0.0,C,F,N,Y,0,247500.0,Working,Higher education,Married,House / apartment,-22100,-578,Managers,2,0,0
5022044,0.0,C,F,Y,N,1,225000.0,Commercial associate,Secondary / secondary special,Separated,House / apartment,-11714,-1740,Core staff,2,1,0
5022313,0.0,C,F,N,N,2,112500.0,Commercial associate,Secondary / secondary special,Married,House / apartment,-12595,-4900,High skill tech staff,4,1,1
5022426,0.0,C,F,N,Y,0,90000.0,Working,Secondary / secondary special,Civil marriage,House / apartment,-16569,-517,Laborers,2,2,0
5022427,0.0,C,F,N,Y,0,90000.0,Working,Secondary / secondary special,Civil marriage,House / apartment,-16569,-517,Laborers,2,2,0
5022428,0.0,C,F,N,Y,0,90000.0,Working,Secondary / secondary special,Civil marriage,House / apartment,-16569,-517,Laborers,2,2,0
5022697,0.0,C,M,Y,Y,0,315000.0,Working,Secondary / secondary special,Single / not married,House / apartment,-14064,-5326,Drivers,1,2,2
5023538,0.0,C,F,N,Y,0,202500.0,Working,Secondary / secondary special,Separated,House / apartment,-13920,-904,Core staff,1,4,0
5023641,0.0,C,M,Y,N,2,225000.0,Working,Secondary / secondary special,Married,House / apartment,-14776,-2212,Drivers,1,2,0
5023642,0.0,0,M,Y,N,2,225000.0,Working,Secondary / secondary special,Married,House / apartment,-14776,-2212,Drivers,4,2,1
5023738,0.0,X,F,N,Y,0,90000.0,Working,Secondary / secondary special,Single / not married,House / apartment,-18975,-751,Core staff,2,4,0
5023781,0.0,X,M,N,Y,0,157500.0,Commercial associate,Higher education,Civil marriage,House / apartment,-17800,-1086,Accountants,2,3,0
5023831,0.0,X,F,N,Y,2,112500.0,Commercial associate,Secondary / secondary special,Married,House / apartment,-12135,-925,Sales staff,4,1,1
5023963,0.0,X,M,N,Y,3,90000.0,Working,Secondary / secondary special,Married,House / apartment,-12681,-1677,Core staff,5,4,1
5024063,0.0,C,M,N,N,3,135000.0,Commercial associate,Secondary / secondary special,Married,House / apartment,-10980,-2893,Core staff,5,0,1
5024069,0.0,C,M,Y,Y,0,292500.0,Commercial associate,Secondary / secondary special,Single / not married,With parents,-9786,-2559,Laborers,2,0,2
5024071,0.0,C,F,N,Y,0,180000.0,Working,Higher education,Married,House / apartment,-15976,-854,Laborers,2,0,0
5024284,0.0,C,M,Y,Y,0,315000.0,Commercial associate,Secondary / secondary special,Married,House / apartment,-15509,-1189,Drivers,2,0,2
5024451,0.0,C,M,Y,Y,0,180000.0,Working,Secondary / secondary special,Married,House / apartment,-12604,-2620,Managers,2,2,0
5024939,0.0,C,M,N,Y,0,225000.0,Commercial associate,Secondary / secondary special,Civil marriage,House / apartment,-12451,-1646,Sales staff,2,1,0
5025127,0.0,5,M,N,Y,0,292500.0,Working,Secondary / secondary special,Married,House / apartment,-11111,-3350,High skill tech staff,2,1,0
5028478,0.0,C,M,N,Y,0,148500.0,Working,Secondary / secondary special,Married,House / apartment,-8689,-1238,Laborers,2,2,0
5028580,0.0,5,M,N,N,0,540000.0,Commercial associate,Higher education,Married,House / apartment,-19996,-691,Managers,2,1,0
5029028,0.0,5,F,N,Y,0,90000.0,Working,Lower secondary,Single / not married,Rented apartment,-12026,-4770,Cleaning staff,2,1,0
5029565,0.0,C,F,Y,Y,0,202500.0,Working,Secondary / secondary special,Single / not married,House / apartment,-13354,-2727,Laborers,1,2,0
5029718,0.0,C,M,Y,Y,1,265500.0,Working,Higher education,Married,With parents,-10998,-2514,Accountants,3,0,1
5029719,0.0,C,F,Y,Y,1,265500.0,Working,Higher education,Married,With parents,-10998,-2514,Accountants,3,0,1
5033453,0.0,5,F,N,N,0,135000.0,Working,Higher education,Single / not married,House / apartment,-10749,-2394,Laborers,1,1,0
5033749,0.0,0,F,N,Y,3,90000.0,Working,Secondary / secondary special,Married,House / apartment,-11854,-2917,Medicine staff,5,4,1
5033836,0.0,C,F,N,Y,1,112500.0,Working,Secondary / secondary special,Civil marriage,House / apartment,-14866,-6265,Laborers,3,2,1
5034015,0.0,C,F,N,Y,1,135000.0,Working,Secondary / secondary special,Married,House / apartment,-16609,-186,Laborers,3,2,1
5035867,0.0,C,F,N,Y,0,99000.0,State servant,Secondary / secondary special,Married,House / apartment,-17584,-402,Core staff,2,1,0
5035868,0.0,C,F,N,Y,0,99000.0,State servant,Secondary / secondary special,Single / not married,House / apartment,-17584,-402,Core staff,2,1,0
5036469,0.0,C,M,Y,N,0,112500.0,State servant,Secondary / secondary special,Single / not married,House / apartment,-20333,-1546,Drivers,2,2,0
5036590,0.0,5,M,Y,Y,0,292500.0,Working,Higher education,Married,House / apartment,-21055,-808,Drivers,2,1,0
5036795,0.0,C,M,Y,Y,0,215100.0,Commercial associate,Secondary / secondary special,Married,House / apartment,-19175,-1285,Laborers,2,0,0
5041073,0.0,0,F,N,Y,0,67500.0,Working,Secondary / secondary special,Single / not married,House / apartment,-18179,-188,Laborers,2,4,0
5041175,0.0,C,F,N,Y,1,180000.0,Working,Incomplete higher,Married,Municipal apartment,-10754,-65,Core staff,3,0,1
5041493,0.0,C,M,Y,Y,0,90000.0,Working,Secondary / secondary special,Civil marriage,House / apartment,-12821,-155,Laborers,2,2,0
5041496,0.0,C,M,Y,Y,0,90000.0,Working,Secondary / secondary special,Civil marriage,House / apartment,-12821,-155,Laborers,2,2,0
5042268,0.0,C,M,N,Y,0,270000.0,Commercial associate,Secondary / secondary special,Married,House / apartment,-12964,-2347,Drivers,2,0,2
5042269,0.0,C,M,N,Y,0,270000.0,Commercial associate,Secondary / secondary special,Married,House / apartment,-12964,-2347,Drivers,2,0,2
5045457,0.0,C,M,Y,N,2,180000.0,Commercial associate,Secondary / secondary special,Married,House / apartment,-14452,-4249,Drivers,1,0,0
5045495,0.0,0,F,N,N,1,72000.0,Working,Higher education,Married,House / apartment,-12522,-382,High skill tech staff,3,1,1
5045929,0.0,C,M,N,N,0,247500.0,Pensioner,Secondary / secondary special,Single / not married,House / apartment,-15037,-2208,Laborers,1,2,0
5045935,0.0,C,M,N,N,0,247500.0,State servant,Secondary / secondary special,Single / not married,House / apartment,-15037,-2208,Laborers,1,2,0
5046324,0.0,5,F,N,Y,1,157500.0,Commercial associate,Secondary / secondary special,Single / not married,House / apartment,-15466,-2269,Low-skill Laborers,3,1,0
5046328,0.0,5,F,N,Y,1,157500.0,Pensioner,Secondary / secondary special,Single / not married,House / apartment,-15466,-2269,Low-skill Laborers,3,1,0
5046565,0.0,C,M,N,N,1,337500.0,Commercial associate,Higher education,Married,House / apartment,-17593,-2370,Managers,3,3,2
5047662,0.0,X,F,N,Y,1,67500.0,Commercial associate,Secondary / secondary special,Married,House / apartment,-18880,-4114,Accountants,3,1,1
5047666,0.0,0,F,N,Y,1,67500.0,Commercial associate,Secondary / secondary special,Married,House / apartment,-18880,-4114,Accountants,3,1,1
5047783,0.0,0,F,Y,Y,0,225000.0,Commercial associate,Higher education,Civil marriage,House / apartment,-11879,-308,Sales staff,2,3,0
5048300,0.0,C,M,Y,N,1,180000.0,Commercial associate,Secondary / secondary special,Married,House / apartment,-11091,-1161,Laborers,3,0,1
5048301,0.0,C,M,Y,N,1,180000.0,Commercial associate,Secondary / secondary special,Married,House / apartment,-11091,-1161,Laborers,3,0,1
5048340,0.0,0,F,N,N,0,157500.0,Working,Higher education,Married,House / apartment,-19657,-1710,Sales staff,2,1,0
5050603,0.0,X,M,N,N,0,157500.0,Working,Secondary / secondary special,Married,House / apartment,-18327,-7288,Laborers,2,2,0
5050606,0.0,0,M,N,N,0,157500.0,Working,Secondary / secondary special,Married,House / apartment,-18327,-7288,Laborers,2,4,0
5050671,0.0,C,M,N,N,0,171000.0,Commercial associate,Incomplete higher,Single / not married,House / apartment,-11610,-166,High skill tech staff,1,3,0
5050682,0.0,0,F,N,N,0,157500.0,Working,Secondary / secondary special,Widow,House / apartment,-17963,-197,Cleaning staff,1,4,0
5050731,0.0,C,F,N,N,0,135000.0,Commercial associate,Higher education,Separated,House / apartment,-11712,-4822,HR staff,1,3,0
5051085,0.0,0,M,Y,N,2,315000.0,Working,Secondary / secondary special,Married,House / apartment,-12037,-197,Laborers,4,2,1
5051132,0.0,2,F,N,N,0,450000.0,Commercial associate,Higher education,Single / not married,House / apartment,-10139,-136,Core staff,1,1,0
5051160,0.0,C,M,Y,N,1,135000.0,Working,Secondary / secondary special,Married,House / apartment,-9594,-866,Laborers,3,2,1
5051161,0.0,4,M,Y,N,1,135000.0,Working,Secondary / secondary special,Married,House / apartment,-9594,-866,Laborers,3,1,0
5052653,0.0,2,F,N,Y,0,103500.0,Working,Secondary / secondary special,Married,House / apartment,-10396,-564,IT staff,2,1,0
5052659,0.0,5,F,N,Y,0,103500.0,Working,Secondary / secondary special,Married,House / apartment,-10396,-564,IT staff,2,1,0
5052661,0.0,5,F,N,Y,0,103500.0,Working,Secondary / secondary special,Married,House / apartment,-10396,-564,IT staff,2,1,0
5052726,0.0,0,F,N,N,1,180000.0,Working,Secondary / secondary special,Single / not married,Municipal apartment,-10740,-1298,Laborers,2,4,0
5052877,0.0,C,M,Y,Y,0,225000.0,Working,Secondary / secondary special,Married,House / apartment,-17915,-3366,Drivers,2,2,0
5052879,0.0,C,M,Y,Y,0,225000.0,Working,Secondary / secondary special,Married,House / apartment,-17915,-3366,Drivers,2,2,0
5052882,0.0,C,M,Y,Y,0,225000.0,Working,Secondary / secondary special,Married,House / apartment,-17915,-3366,Drivers,2,2,0
5052884,0.0,C,M,Y,Y,0,225000.0,Working,Secondary / secondary special,Married,House / apartment,-17915,-3366,Drivers,2,2,0
5053148,0.0,X,F,N,Y,1,126000.0,Working,Secondary / secondary special,Married,House / apartment,-12140,-779,Core staff,1,4,0
5053247,0.0,C,M,Y,Y,0,126000.0,Working,Secondary / secondary special,Married,House / apartment,-19286,-3489,Security staff,2,2,0
5053361,0.0,0,F,N,Y,0,171000.0,Commercial associate,Secondary / secondary special,Single / not married,House / apartment,-20103,-2697,Cleaning staff,2,1,0
5053701,0.0,C,F,N,N,0,193500.0,Working,Secondary / secondary special,Single / not married,Municipal apartment,-17880,-9858,Cooking staff,2,4,0
5054063,0.0,X,M,N,N,1,157500.0,Working,Secondary / secondary special,Married,House / apartment,-16424,-1458,Drivers,3,2,1
5054068,0.0,X,M,N,N,1,157500.0,Working,Secondary / secondary special,Married,House / apartment,-16424,-1458,Drivers,1,2,0
5054386,0.0,C,M,Y,N,0,292500.0,Pensioner,Higher education,Single / not married,House / apartment,-14050,-3680,Laborers,1,0,2
5054387,0.0,C,M,Y,N,0,292500.0,Commercial associate,Higher education,Single / not married,House / apartment,-14050,-3680,Laborers,1,0,2
5054649,0.0,1,M,Y,Y,1,135000.0,Working,Higher education,Married,House / apartment,-18631,-6359,Managers,3,1,0
5054650,0.0,2,M,Y,Y,1,135000.0,Working,Higher education,Single / not married,House / apartment,-18631,-6359,Managers,3,1,0
5056083,0.0,C,F,N,N,1,180000.0,Working,Higher education,Married,House / apartment,-11630,-3769,Laborers,3,0,1
5058530,0.0,C,M,N,N,0,391500.0,Working,Secondary / secondary special,Single / not married,Municipal apartment,-9242,-508,Sales staff,1,2,2
5058531,0.0,C,M,N,N,0,391500.0,Working,Secondary / secondary special,Single / not married,Municipal apartment,-9242,-508,Sales staff,1,2,2
5058532,0.0,C,M,N,N,0,391500.0,Working,Secondary / secondary special,Single / not married,Municipal apartment,-9242,-508,Sales staff,1,2,2
5061132,0.0,X,M,N,Y,0,135000.0,State servant,Higher education,Married,House / apartment,-19113,-2816,Core staff,2,3,0
5061351,0.0,0,F,N,Y,0,157500.0,Working,Secondary / secondary special,Single / not married,House / apartment,-18313,-4946,Core staff,1,4,0
5061691,0.0,5,F,N,Y,1,67500.0,Commercial associate,Higher education,Married,House / apartment,-9122,-1567,Waiters/barmen staff,3,1,0
5062136,0.0,X,M,N,N,1,180000.0,Working,Secondary / secondary special,Single / not married,House / apartment,-12947,-137,Laborers,2,4,0
5062594,0.0,0,M,Y,Y,1,135000.0,State servant,Higher education,Married,House / apartment,-8972,-145,Core staff,3,3,1
5065618,0.0,C,M,N,Y,0,247500.0,Commercial associate,Secondary / secondary special,Married,House / apartment,-15302,-596,Laborers,2,2,0
5065624,0.0,C,M,N,Y,0,247500.0,Commercial associate,Secondary / secondary special,Married,House / apartment,-15302,-596,Laborers,2,2,0
5068389,0.0,C,F,Y,Y,1,270000.0,Working,Higher education,Separated,House / apartment,-14052,-140,Sales staff,2,0,2
5068651,0.0,X,F,Y,Y,0,360000.0,State servant,Higher education,Separated,House / apartment,-19305,-1905,Core staff,1,3,2
5068779,0.0,2,F,N,N,0,180000.0,Working,Secondary / secondary special,Single / not married,With parents,-13396,-3853,Private service staff,1,1,0
5069012,0.0,C,F,N,Y,0,202500.0,Working,Secondary / secondary special,Married,House / apartment,-20295,-3700,Laborers,2,2,0
5069016,0.0,C,F,N,Y,0,202500.0,Working,Secondary / secondary special,Married,House / apartment,-20295,-3700,Laborers,2,2,0
5069021,0.0,C,F,N,Y,0,202500.0,Working,Secondary / secondary special,Married,House / apartment,-20295,-3700,Laborers,2,2,0
5069218,0.0,C,F,Y,Y,0,256500.0,Commercial associate,Higher education,Single / not married,House / apartment,-11210,-1724,Accountants,2,3,0
5069219,0.0,0,F,Y,Y,0,256500.0,Commercial associate,Higher education,Married,House / apartment,-11210,-1724,Accountants,2,3,2
5069307,0.0,0,M,N,Y,0,157500.0,Working,Secondary / secondary special,Married,House / apartment,-15640,-1328,Core staff,2,4,0
5078820,0.0,C,F,N,N,2,225000.0,Commercial associate,Secondary / secondary special,Married,House / apartment,-14476,-4987,High skill tech staff,4,1,1
5079166,0.0,C,M,Y,N,0,202500.0,Working,Secondary / secondary special,Married,With parents,-13720,-1394,Laborers,2,2,0
5079167,0.0,X,M,Y,N,0,202500.0,Working,Secondary / secondary special,Married,With parents,-13720,-1394,Laborers,2,2,0
5079168,0.0,1,M,Y,N,0,202500.0,Working,Secondary / secondary special,Married,With parents,-13720,-1394,Laborers,2,1,0
5088997,0.0,X,F,N,N,2,171000.0,Working,Secondary / secondary special,Married,House / apartment,-14622,-1160,Core staff,4,4,1
5089162,0.0,X,F,Y,N,0,225000.0,Working,Higher education,Married,House / apartment,-20264,-2531,Accountants,2,0,0
5089201,0.0,C,M,N,N,0,135000.0,Commercial associate,Higher education,Married,House / apartment,-13155,-2927,Managers,2,3,0
5089433,0.0,3,F,Y,N,2,67500.0,Working,Secondary / secondary special,Married,Municipal apartment,-11352,-1160,Sales staff,4,1,0
5089907,0.0,0,M,N,N,0,225000.0,Commercial associate,Secondary / secondary special,Married,House / apartment,-13336,-1436,Low-skill Laborers,2,1,0
5090166,0.0,5,F,N,Y,1,675000.0,Commercial associate,Secondary / secondary special,Single / not married,House / apartment,-15452,-860,Security staff,2,1,0
5090214,0.0,C,M,Y,Y,0,135000.0,Working,Secondary / secondary special,Married,House / apartment,-10712,-217,Laborers,2,2,0
5090409,0.0,X,M,N,N,0,90000.0,Working,Secondary / secondary special,Widow,Municipal apartment,-20017,-3503,Sales staff,1,4,0
5090433,0.0,C,M,Y,Y,0,427500.0,Working,Secondary / secondary special,Civil marriage,House / apartment,-19894,-1229,Managers,2,2,2
5091281,0.0,3,M,N,Y,0,202500.0,Working,Secondary / secondary special,Married,House / apartment,-13645,-5374,Laborers,2,1,0
5091380,0.0,C,F,Y,Y,2,216000.0,Working,Higher education,Married,House / apartment,-12757,-4887,Core staff,4,0,1
5092087,0.0,C,M,Y,Y,2,247500.0,Working,Secondary / secondary special,Married,House / apartment,-17320,-535,Laborers,4,2,1
5092090,0.0,2,F,N,Y,0,67500.0,Working,Secondary / secondary special,Married,House / apartment,-14690,-504,Cooking staff,2,1,0
5092342,0.0,C,F,N,Y,0,225000.0,Working,Secondary / secondary special,Widow,House / apartment,-19252,-2057,Sales staff,1,4,0
5092346,0.0,C,F,N,Y,0,225000.0,Working,Secondary / secondary special,Widow,House / apartment,-19252,-2057,Sales staff,1,4,0
5092394,0.0,C,M,Y,Y,1,157500.0,Pensioner,Secondary / secondary special,Married,House / apartment,-11050,-443,Drivers,3,2,1
5092479,0.0,C,M,N,N,1,85500.0,State servant,Secondary / secondary special,Married,Municipal apartment,-15014,-6866,Core staff,3,0,1
5093286,0.0,5,M,N,Y,0,157500.0,Working,Secondary / secondary special,Married,House / apartment,-17576,-1216,Laborers,2,1,0
5095906,0.0,C,F,N,N,0,90000.0,Working,Higher education,Civil marriage,House / apartment,-10561,-2257,Core staff,2,0,0
5096068,0.0,C,F,Y,N,0,180000.0,Working,Higher education,Married,House / apartment,-14943,-1650,Core staff,2,0,0
5096069,0.0,C,F,Y,N,0,180000.0,Working,Higher education,Married,House / apartment,-14943,-1650,Core staff,2,0,0
5096070,0.0,C,F,Y,N,0,180000.0,Working,Higher education,Married,House / apartment,-14943,-1650,Core staff,2,0,0
5096078,0.0,C,M,N,N,1,207000.0,State servant,Higher education,Married,Office apartment,-14891,-2623,Core staff,3,0,1
5096079,0.0,0,M,N,N,1,207000.0,State servant,Higher education,Married,Office apartment,-14891,-2623,Core staff,3,3,1
5096093,0.0,C,F,N,N,1,135000.0,Working,Secondary / secondary special,Married,House / apartment,-10728,-1619,Accountants,3,2,1
5096095,0.0,0,F,N,N,1,135000.0,Working,Secondary / secondary special,Married,House / apartment,-10728,-1619,Accountants,3,4,1
5096096,0.0,0,F,N,N,1,135000.0,Working,Secondary / secondary special,Married,House / apartment,-10728,-1619,Accountants,3,4,1
5096209,0.0,C,M,N,N,0,81000.0,Working,Secondary / secondary special,Civil marriage,House / apartment,-14211,-158,Low-skill Laborers,2,2,0
5096212,0.0,C,M,N,N,0,81000.0,Working,Secondary / secondary special,Civil marriage,House / apartment,-14211,-158,Low-skill Laborers,2,2,0
5096283,0.0,C,M,Y,N,0,135000.0,Working,Secondary / secondary special,Married,House / apartment,-14209,-97,Security staff,2,2,0
5096528,0.0,C,F,N,N,0,135000.0,Working,Secondary / secondary special,Widow,Co-op apartment,-20012,-584,Core staff,1,4,0
5096743,0.0,0,F,N,Y,0,180000.0,Working,Lower secondary,Widow,House / apartment,-16803,-2227,Cleaning staff,1,1,0
5097065,0.0,C,F,N,Y,0,121500.0,Working,Secondary / secondary special,Married,House / apartment,-18971,-8161,Managers,2,2,0
5097145,0.0,5,M,Y,N,1,405000.0,Commercial associate,Secondary / secondary special,Married,House / apartment,-14740,-1434,Managers,3,1,0
5100430,0.0,C,M,Y,N,0,180000.0,Working,Secondary / secondary special,Single / not married,House / apartment,-16310,-613,Laborers,1,2,0
5104869,0.0,C,F,N,Y,0,112500.0,Working,Higher education,Married,House / apartment,-12114,-4004,Accountants,2,0,0
5105056,0.0,C,M,Y,N,0,225000.0,Commercial associate,Higher education,Single / not married,Municipal apartment,-11528,-606,High skill tech staff,1,3,0
5105536,0.0,2,M,Y,N,0,202500.0,Working,Secondary / secondary special,Married,House / apartment,-10191,-2218,Drivers,2,1,0
5105538,0.0,2,M,Y,N,0,202500.0,Working,Secondary / secondary special,Married,House / apartment,-10191,-2218,Drivers,2,1,0
5105644,0.0,1,M,Y,Y,0,202500.0,Working,Higher education,Married,House / apartment,-17585,-3017,Drivers,2,1,0
5105646,0.0,C,M,Y,Y,0,202500.0,Working,Higher education,Married,House / apartment,-17585,-3017,Drivers,2,0,0
5105647,0.0,0,M,Y,Y,0,202500.0,Working,Higher education,Married,House / apartment,-17585,-3017,Drivers,2,0,0
5105649,0.0,C,M,Y,Y,0,202500.0,Working,Higher education,Single / not married,House / apartment,-17585,-3017,Drivers,2,0,0
5105652,0.0,1,M,Y,Y,0,202500.0,Working,Higher education,Married,House / apartment,-17585,-3017,Drivers,2,1,0
5105653,0.0,1,M,Y,Y,0,202500.0,Working,Higher education,Married,House / apartment,-17585,-3017,Drivers,2,1,0
5105737,0.0,C,M,N,Y,3,292500.0,Commercial associate,Secondary / secondary special,Married,House / apartment,-12368,-672,Core staff,5,0,1
5105738,0.0,C,F,N,N,3,292500.0,Commercial associate,Secondary / secondary special,Married,House / apartment,-12368,-672,Core staff,5,1,1
5105739,0.0,C,F,N,Y,3,292500.0,Pensioner,Secondary / secondary special,Married,House / apartment,-12368,-672,Core staff,5,1,1
5105788,0.0,C,M,Y,N,0,459000.0,Commercial associate,Secondary / secondary special,Married,House / apartment,-15980,-119,Drivers,2,0,2
5106047,0.0,C,F,Y,N,2,81000.0,Working,Higher education,Married,House / apartment,-12358,-3017,Sales staff,4,0,1
5106077,0.0,5,F,N,Y,0,135000.0,Commercial associate,Secondary / secondary special,Married,House / apartment,-19764,-6944,Medicine staff,2,1,0
5111144,0.0,C,M,N,N,0,135000.0,Working,Secondary / secondary special,Civil marriage,With parents,-15104,-1699,Laborers,2,2,0
5111145,0.0,2,M,N,N,0,135000.0,Working,Secondary / secondary special,Civil marriage,With parents,-15104,-1699,Laborers,2,1,0
5113621,0.0,5,M,N,N,0,225000.0,Working,Secondary / secondary special,Widow,Municipal apartment,-19406,-346,Security staff,1,1,0
5113622,0.0,2,M,N,N,0,225000.0,Working,Secondary / secondary special,Widow,Municipal apartment,-19406,-346,Security staff,1,1,0
5113688,0.0,C,F,N,Y,0,292500.0,Working,Secondary / secondary special,Married,House / apartment,-12379,-4453,Sales staff,2,2,2
5113690,0.0,C,F,N,Y,0,292500.0,Working,Secondary / secondary special,Married,House / apartment,-12379,-4453,Sales staff,2,2,2
5114216,0.0,C,M,Y,N,2,225000.0,Working,Secondary / secondary special,Single / not married,House / apartment,-14136,-2628,Managers,4,2,1
5114236,0.0,C,F,N,N,0,270000.0,Working,Secondary / secondary special,Married,House / apartment,-16723,-712,Managers,2,2,0
5114647,0.0,0,M,N,N,0,247500.0,Commercial associate,Secondary / secondary special,Married,Rented apartment,-18993,-1747,Security staff,2,1,0
5115455,0.0,C,F,Y,Y,0,270000.0,Pensioner,Higher education,Married,House / apartment,-17833,-620,Accountants,2,0,2
5115610,0.0,5,F,N,Y,0,202500.0,Working,Secondary / secondary special,Married,House / apartment,-14523,-3420,Core staff,2,1,0
5115611,0.0,5,F,N,Y,0,202500.0,Working,Secondary / secondary special,Single / not married,House / apartment,-14523,-3420,Core staff,2,1,0
5116258,0.0,0,F,N,Y,4,180000.0,Commercial associate,Secondary / secondary special,Married,House / apartment,-17468,-7413,Core staff,6,1,1
5116581,0.0,C,F,N,N,0,157500.0,Working,Secondary / secondary special,Married,House / apartment,-18232,-277,Managers,2,2,0
5116906,0.0,0,M,Y,Y,0,211500.0,Pensioner,Secondary / secondary special,Married,House / apartment,-15047,-7553,Core staff,2,1,0
5116907,0.0,2,M,Y,Y,0,211500.0,Pensioner,Secondary / secondary special,Married,House / apartment,-15047,-7553,Core staff,2,1,0
5116915,0.0,0,M,Y,Y,0,225000.0,Working,Secondary / secondary special,Married,House / apartment,-17230,-7888,Managers,2,2,0
5117130,0.0,C,F,N,Y,0,270000.0,Working,Higher education,Single / not married,House / apartment,-10390,-796,Sales staff,1,0,0
5117132,0.0,C,F,N,Y,0,270000.0,Working,Higher education,Single / not married,House / apartment,-10390,-796,Sales staff,1,0,0
5117134,0.0,C,M,N,Y,0,270000.0,Working,Higher education,Single / not married,House / apartment,-10390,-796,Sales staff,1,0,0
5117135,0.0,C,F,N,Y,0,270000.0,Working,Higher education,Single / not married,House / apartment,-10390,-796,Sales staff,1,0,0
5117501,0.0,C,M,N,Y,0,90000.0,Commercial associate,Secondary / secondary special,Civil marriage,House / apartment,-16459,-704,Low-skill Laborers,2,1,0
5117649,0.0,C,M,N,N,1,135000.0,Working,Secondary / secondary special,Married,House / apartment,-11101,-96,Security staff,3,2,1
5117962,0.0,C,F,Y,N,0,135000.0,Working,Incomplete higher,Civil marriage,House / apartment,-10068,-219,Sales staff,2,0,0
5118442,0.0,1,F,Y,N,1,108000.0,Commercial associate,Higher education,Single / not married,House / apartment,-16138,-431,Sales staff,3,1,0
5118443,0.0,C,F,Y,N,1,108000.0,Commercial associate,Higher education,Married,House / apartment,-16138,-431,Sales staff,3,3,1
5118541,0.0,C,F,N,Y,0,72000.0,Working,Secondary / secondary special,Married,House / apartment,-18132,-1039,Laborers,2,2,0
5118643,0.0,1,F,N,N,1,112500.0,Working,Secondary / secondary special,Married,House / apartment,-10065,-492,Cooking staff,3,1,0
5118648,0.0,C,F,N,Y,2,270000.0,Pensioner,Higher education,Single / not married,House / apartment,-10425,-2745,Core staff,3,3,1
5125667,0.0,C,F,N,N,0,45000.0,State servant,Secondary / secondary special,Married,House / apartment,-18532,-3666,Core staff,2,1,0
5125716,0.0,5,F,Y,Y,0,135000.0,Working,Lower secondary,Married,House / apartment,-16413,-622,High skill tech staff,2,1,0
5125761,0.0,5,M,N,Y,0,270000.0,Commercial associate,Secondary / secondary special,Single / not married,Municipal apartment,-18020,-1595,Cooking staff,1,1,0
5125763,0.0,4,M,Y,N,1,135000.0,Commercial associate,Secondary / secondary special,Single / not married,House / apartment,-13030,-1626,Laborers,3,1,0
5125816,0.0,C,F,Y,N,0,450000.0,Pensioner,Higher education,Married,House / apartment,-19783,-5521,Managers,2,0,2
5125832,0.0,2,M,N,Y,0,270000.0,Commercial associate,Incomplete higher,Single / not married,House / apartment,-11625,-195,Sales staff,1,1,0
5125833,0.0,C,M,N,Y,0,270000.0,Commercial associate,Incomplete higher,Single / not married,House / apartment,-11625,-195,Sales staff,1,3,0
5125952,0.0,C,M,N,Y,0,135000.0,Working,Secondary / secondary special,Married,Rented apartment,-14559,-2599,Laborers,2,2,0
5126012,0.0,1,F,N,N,0,270000.0,State servant,Secondary / secondary special,Married,House / apartment,-20103,-1444,Waiters/barmen staff,2,1,0
5126154,0.0,X,F,N,N,0,135000.0,Working,Secondary / secondary special,Widow,House / apartment,-15888,-500,Laborers,1,4,0
5135483,0.0,0,M,N,Y,0,135000.0,State servant,Higher education,Single / not married,Municipal apartment,-10660,-1935,Core staff,1,3,0
5135485,0.0,C,F,N,Y,0,135000.0,State servant,Higher education,Single / not married,Municipal apartment,-10660,-1935,Core staff,1,3,0
5135487,0.0,C,F,N,Y,0,135000.0,State servant,Higher education,Single / not married,Municipal apartment,-10660,-1935,Core staff,1,3,0
5135845,0.0,0,F,N,Y,1,180000.0,Commercial associate,Secondary / secondary special,Married,House / apartment,-16234,-6075,Laborers,3,1,1
5135990,0.0,C,F,N,Y,1,585000.0,Commercial associate,Higher education,Single / not married,House / apartment,-10430,-900,Managers,2,3,2
5135991,0.0,C,F,N,Y,1,585000.0,Commercial associate,Higher education,Single / not married,House / apartment,-10430,-900,Managers,2,3,2
5136014,0.0,C,M,N,N,1,112500.0,Working,Secondary / secondary special,Civil marriage,House / apartment,-13080,-1327,High skill tech staff,3,2,1
5136888,0.0,0,M,N,N,1,179271.0,Working,Higher education,Married,House / apartment,-10961,-1235,Managers,3,1,1
5139311,0.0,C,M,Y,Y,0,180000.0,State servant,Higher education,Married,House / apartment,-10091,-643,High skill tech staff,2,0,0
5142185,0.0,C,M,Y,Y,2,450000.0,Commercial associate,Higher education,Married,House / apartment,-17841,-4305,Managers,4,0,2
5142456,0.0,5,F,N,N,0,67500.0,Commercial associate,Higher education,Separated,House / apartment,-18952,-499,Core staff,1,1,0
5142741,0.0,C,M,N,N,1,360000.0,Working,Higher education,Married,House / apartment,-11112,-469,Managers,3,0,2
5142964,0.0,C,M,N,N,1,180000.0,Working,Secondary / secondary special,Married,House / apartment,-10656,-926,Laborers,3,2,1
5142972,0.0,C,M,N,N,1,180000.0,Working,Secondary / secondary special,Single / not married,House / apartment,-10656,-926,Laborers,3,2,1
5142973,0.0,C,M,N,N,1,180000.0,Working,Secondary / secondary special,Married,House / apartment,-10656,-926,Laborers,1,2,0
5143342,0.0,C,M,N,N,1,216000.0,Working,Secondary / secondary special,Married,Municipal apartment,-12946,-2418,Laborers,3,2,1
5143573,0.0,C,M,Y,N,0,157500.0,Working,Incomplete higher,Married,With parents,-9124,-960,Drivers,2,0,0
5143574,0.0,0,M,Y,N,0,157500.0,Working,Incomplete higher,Married,With parents,-9124,-960,Drivers,2,2,0
5143576,0.0,0,M,Y,N,0,157500.0,Working,Incomplete higher,Married,With parents,-9124,-960,Drivers,2,2,0
5143578,0.0,0,M,Y,N,0,157500.0,Working,Incomplete higher,Single / not married,With parents,-9124,-960,Drivers,2,1,0
5143582,0.0,C,M,Y,N,0,157500.0,Working,Incomplete higher,Married,With parents,-9124,-960,Drivers,2,0,0
5145846,0.0,C,F,N,Y,1,256500.0,State servant,Higher education,Married,House / apartment,-17594,-1315,Managers,3,3,1
5146078,0.0,C,F,N,Y,1,108000.0,Working,Secondary / secondary special,Single / not married,House / apartment,-12723,-1132,Sales staff,1,4,0
5146444,0.0,5,F,N,Y,0,135000.0,Working,Secondary / secondary special,Widow,House / apartment,-14394,-919,Managers,1,1,0
5148587,0.0,X,M,Y,Y,0,180000.0,Working,Secondary / secondary special,Married,House / apartment,-11222,-1386,Drivers,2,2,0
5148694,0.0,0,F,N,N,0,180000.0,Pensioner,Secondary / secondary special,Civil marriage,Municipal apartment,-20600,-198,Laborers,2,4,0
5148934,0.0,C,M,Y,N,0,108000.0,Working,Secondary / secondary special,Married,Office apartment,-17209,-1081,Security staff,2,2,0
5149041,0.0,C,F,N,Y,0,180000.0,Working,Secondary / secondary special,Civil marriage,House / apartment,-19750,-3608,Laborers,2,2,0
5149042,0.0,C,F,N,Y,0,180000.0,Working,Secondary / secondary special,Civil marriage,House / apartment,-19750,-3608,Laborers,2,2,0
5149145,0.0,C,M,Y,Y,0,247500.0,Working,Secondary / secondary special,Married,House / apartment,-10952,-3577,Laborers,2,2,0
5149158,0.0,C,M,Y,Y,0,247500.0,Working,Secondary / secondary special,Married,House / apartment,-10952,-3577,Laborers,2,2,0
5149190,0.0,5,M,Y,N,1,450000.0,Working,Higher education,Married,House / apartment,-9847,-502,Core staff,3,1,0
5149775,0.0,C,F,Y,Y,0,130500.0,Working,Secondary / secondary special,Married,House / apartment,-16137,-9391,Laborers,2,2,0
5149828,0.0,5,M,Y,Y,0,315000.0,Working,Secondary / secondary special,Married,House / apartment,-17348,-2420,Managers,2,1,0
5149834,0.0,C,F,N,Y,0,157500.0,Commercial associate,Higher education,Married,House / apartment,-12387,-1325,Medicine staff,2,3,0
5149838,0.0,C,F,N,Y,0,157500.0,Pensioner,Higher education,Married,House / apartment,-12387,-1325,Medicine staff,2,3,0
5150049,0.0,2,F,N,Y,0,283500.0,Working,Secondary / secondary special,Married,House / apartment,-17958,-655,Sales staff,2,1,0
5150337,0.0,0,M,N,Y,0,112500.0,Working,Secondary / secondary special,Single / not married,Rented apartment,-9188,-1193,Laborers,1,4,0
